eventTime,arrivalTime,processedTime
17,17,2083334
499,499,2083334
940,940,2083334
1279,1279,2083334
2172,2172,2083334
3033,3033,2083334
3111,3111,2083334
3160,3160,2083334
3642,3642,2083334
4036,4036,2083334
4196,4196,2083334
5972,5972,2083334
7067,7067,2083334
7480,7480,2083334
7562,7562,2083334
8034,8034,2083334
8715,8715,2083334
9675,9675,2083334
9749,9749,2083334
10365,10365,2083334
10400,10400,2083334
10580,10580,2083334
11097,11097,2083334
11905,11905,2083334
12357,12357,2083334
13088,13088,2083334
13414,13414,2083334
13719,13719,2083334
13728,13728,2083334
13741,13741,2083334
13880,13880,2083334
13935,13935,2083334
14235,14235,2083334
15265,15265,2083334
15836,15836,2083334
16478,16478,2083334
17390,17390,2083334
18153,18153,2083334
18418,18418,2083334
19297,19297,2083334
20415,20415,2083334
20929,20929,2083334
22189,22189,2083334
22820,22820,2083334
23180,23180,2083334
24675,24675,2083334
25287,25287,2083334
25438,25438,2083334
26137,26137,2083334
26448,26448,2083334
26988,26988,2083334
28223,28223,2083334
28531,28531,2083334
29721,29721,2083334
29796,29796,2083334
31507,31507,2083334
31990,31990,2083334
32538,32538,2083334
33169,33169,2083334
33825,33825,2083334
34036,34036,2083334
35281,35281,2083334
35473,35473,2083334
35597,35597,2083334
35907,35907,2083334
36023,36023,2083334
36585,36585,2083334
38474,38474,2083334
38530,38530,2083334
38798,38798,2083334
39651,39651,2083334
39764,39764,2083334
39795,39795,2083334
40161,40161,2083334
40811,40811,2083334
42027,42027,2083334
42437,42437,2083334
42710,42710,2083334
42712,42712,2083334
43206,43206,2083334
43276,43276,2083334
43617,43617,2083334
43995,43995,2083334
43998,43998,2083334
46630,46630,2083334
46715,46715,2083334
47520,47520,2083334
47905,47905,2083334
47930,47930,2083334
48155,48155,2083334
48339,48339,2083334
48770,48770,2083334
49286,49286,2083334
50246,50246,2083334
50451,50451,2083334
50771,50771,2083334
51228,51228,2083334
51964,51964,2083334
52575,52575,2083334
53448,53448,2083334
53543,53543,2083334
53547,53547,2083334
53656,53656,2083334
55718,55718,2083334
56882,56882,2083334
57985,57985,2083334
58578,58578,2083334
58940,58940,2083334
60841,60841,2083334
61419,61419,2083334
61745,61745,2083334
62611,62611,2083334
63111,63111,2083334
63167,63167,2083334
63703,63703,2083334
63955,63955,2083334
64019,64019,2083334
64181,64181,2083334
64666,64666,2083334
65445,65445,2083334
65449,65449,2083334
65781,65781,2083334
66224,66224,2083334
66678,66678,2083334
67212,67212,2083334
67441,67441,2083334
67674,67674,2083334
68164,68164,2083334
68987,68987,2083334
69055,69055,2083334
69362,69362,2083334
69755,69755,2083334
69772,69772,2083334
69847,69847,2083334
69940,69940,2083334
70159,70159,2083334
70367,70367,2083334
70654,70654,2083334
70941,70941,2083334
71616,71616,2083334
71759,71759,2083334
72508,72508,2083334
72776,72776,2083334
73444,73444,2083334
74736,74736,2083334
74792,74792,2083334
75386,75386,2083334
76103,76103,2083334
76724,76724,2083334
77042,77042,2083334
77184,77184,2083334
77341,77341,2083334
77580,77580,2083334
77679,77679,2083334
78140,78140,2083334
78245,78245,2083334
78910,78910,2083334
80197,80197,2083334
81375,81375,2083334
81546,81546,2083334
81620,81620,2083334
82637,82637,2083334
82744,82744,2083334
83093,83093,2083334
83311,83311,2083334
83800,83800,2083334
84074,84074,2083334
84174,84174,2083334
85544,85544,2083334
85610,85610,2083334
86448,86448,2083334
86730,86730,2083334
87862,87862,2083334
88119,88119,2083334
88205,88205,2083334
91482,91482,2083334
91804,91804,2083334
92040,92040,2083334
92319,92319,2083334
92631,92631,2083334
94449,94449,2083334
94781,94781,2083334
95289,95289,2083334
95568,95568,2083334
95828,95828,2083334
96016,96016,2083334
96139,96139,2083334
96377,96377,2083334
97407,97407,2083334
97565,97565,2083334
98615,98615,2083334
98677,98677,2083334
98765,98765,2083334
99516,99516,2083334
99907,99907,2083334
100911,100911,2083334
101447,101447,2083334
101525,101525,2083334
101991,101991,2083334
102066,102066,2083334
102100,102100,2083334
103018,103018,2083334
103104,103104,2083334
103569,103569,2083334
104190,104190,2083334
104424,104424,2083334
104648,104648,2083334
104668,104668,2083334
105537,105537,2083334
105935,105935,2083334
106039,106039,2083334
106268,106268,2083334
106665,106665,2083334
107109,107109,2083334
107568,107568,2083334
108907,108907,2083334
109099,109099,2083334
109497,109497,2083334
109545,109545,2083334
110258,110258,2083334
110436,110436,2083334
111480,111480,2083334
111818,111818,2083334
112409,112409,2083334
112620,112620,2083334
113036,113036,2083334
113134,113134,2083334
113531,113531,2083334
113660,113660,2083334
114070,114070,2083334
115272,115272,2083334
116514,116514,2083334
116641,116641,2083334
117138,117138,2083334
117199,117199,2083334
117485,117485,2083334
117557,117557,2083334
118094,118094,2083334
118614,118614,2083334
118875,118875,2083334
118999,118999,2083334
119881,119881,2083334
120048,120048,2083334
120143,120143,2083334
120748,120748,2083334
120758,120758,2083334
122808,122808,2083334
123116,123116,2083334
123642,123642,2083334
123697,123697,2083334
124054,124054,2083334
124660,124660,2083334
126333,126333,2083334
126573,126573,2083334
126583,126583,2083334
126670,126670,2083334
126726,126726,2083334
126855,126855,2083334
127160,127160,2083334
127721,127721,2083334
127953,127953,2083334
128252,128252,2083334
128674,128674,2083334
128760,128760,2083334
129039,129039,2083334
130009,130009,2083334
130021,130021,2083334
130337,130337,2083334
130553,130553,2083334
130803,130803,2083334
131220,131220,2083334
131667,131667,2083334
132671,132671,2083334
132681,132681,2083334
133133,133133,2083334
133955,133955,2083334
134721,134721,2083334
135516,135516,2083334
135912,135912,2083334
136262,136262,2083334
136285,136285,2083334
136456,136456,2083334
136781,136781,2083334
137185,137185,2083334
138088,138088,2083334
138141,138141,2083334
138262,138262,2083334
138398,138398,2083334
138487,138487,2083334
138591,138591,2083334
138715,138715,2083334
139131,139131,2083334
139605,139605,2083334
139668,139668,2083334
140129,140129,2083334
140506,140506,2083334
140714,140714,2083334
140848,140848,2083334
141169,141169,2083334
141224,141224,2083334
141663,141663,2083334
141875,141875,2083334
142082,142082,2083334
143771,143771,2083334
145056,145056,2083334
146319,146319,2083334
146377,146377,2083334
146821,146821,2083334
146860,146860,2083334
147143,147143,2083334
148039,148039,2083334
148106,148106,2083334
149964,149964,2083334
150067,150067,2083334
150358,150358,2083334
150782,150782,2083334
151160,151160,2083334
151371,151371,2083334
151535,151535,2083334
151641,151641,2083334
151740,151740,2083334
152020,152020,2083334
152115,152115,2083334
152180,152180,2083334
153007,153007,2083334
153663,153663,2083334
153778,153778,2083334
154432,154432,2083334
154655,154655,2083334
155025,155025,2083334
156162,156162,2083334
156477,156477,2083334
156653,156653,2083334
156878,156878,2083334
156994,156994,2083334
157134,157134,2083334
157234,157234,2083334
157548,157548,2083334
158040,158040,2083334
158164,158164,2083334
158324,158324,2083334
159011,159011,2083334
159092,159092,2083334
159745,159745,2083334
160103,160103,2083334
160257,160257,2083334
160688,160688,2083334
161371,161371,2083334
161700,161700,2083334
161730,161730,2083334
161825,161825,2083334
161856,161856,2083334
161908,161908,2083334
161916,161916,2083334
162417,162417,2083334
162807,162807,2083334
163977,163977,2083334
164115,164115,2083334
164358,164358,2083334
165334,165334,2083334
165371,165371,2083334
165487,165487,2083334
166173,166173,2083334
167051,167051,2083334
168097,168097,2083334
168564,168564,2083334
169034,169034,2083334
169362,169362,2083334
170637,170637,2083334
170860,170860,2083334
172260,172260,2083334
172528,172528,2083334
173315,173315,2083334
173881,173881,2083334
173964,173964,2083334
174455,174455,2083334
174592,174592,2083334
174879,174879,2083334
176105,176105,2083334
176200,176200,2083334
176332,176332,2083334
177133,177133,2083334
177456,177456,2083334
178673,178673,2083334
178794,178794,2083334
181904,181904,2083334
182120,182120,2083334
182234,182234,2083334
182584,182584,2083334
182875,182875,2083334
183035,183035,2083334
184697,184697,2083334
186377,186377,2083334
187604,187604,2083334
188822,188822,2083334
188853,188853,2083334
189391,189391,2083334
189573,189573,2083334
190644,190644,2083334
190745,190745,2083334
191267,191267,2083334
191539,191539,2083334
192375,192375,2083334
192565,192565,2083334
192620,192620,2083334
192812,192812,2083334
193341,193341,2083334
193370,193370,2083334
194156,194156,2083334
195280,195280,2083334
195354,195354,2083334
195890,195890,2083334
196878,196878,2083334
197991,197991,2083334
198293,198293,2083334
199703,199703,2083334
202141,202141,2083334
205035,205035,2083334
205071,205071,2083334
205107,205107,2083334
205247,205247,2083334
205638,205638,2083334
207341,207341,2083334
208571,208571,2083334
208740,208740,2083334
208900,208900,2083334
211970,211970,2083334
212327,212327,2083334
212926,212926,2083334
213105,213105,2083334
213272,213272,2083334
213366,213366,2083334
214937,214937,2083334
215095,215095,2083334
215516,215516,2083334
215770,215770,2083334
216163,216163,2083334
216284,216284,2083334
217295,217295,2083334
218351,218351,2083334
219320,219320,2083334
219409,219409,2083334
219839,219839,2083334
220018,220018,2083334
221579,221579,2083334
221799,221799,2083334
222112,222112,2083334
222470,222470,2083334
223464,223464,2083334
223531,223531,2083334
223532,223532,2083334
223973,223973,2083334
224174,224174,2083334
224261,224261,2083334
225557,225557,2083334
225922,225922,2083334
226277,226277,2083334
226894,226894,2083334
228485,228485,2083334
228900,228900,2083334
228923,228923,2083334
229348,229348,2083334
229914,229914,2083334
230226,230226,2083334
230541,230541,2083334
231064,231064,2083334
231422,231422,2083334
231691,231691,2083334
232408,232408,2083334
232463,232463,2083334
232721,232721,2083334
233496,233496,2083334
233879,233879,2083334
234306,234306,2083334
234690,234690,2083334
236113,236113,2083334
237002,237002,2083334
238531,238531,2083334
239229,239229,2083334
239480,239480,2083334
239514,239514,2083334
240181,240181,2083334
241209,241209,2083334
241507,241507,2083334
241617,241617,2083334
242419,242419,2083334
242484,242484,2083334
244482,244482,2083334
244749,244749,2083334
244993,244993,2083334
245109,245109,2083334
245842,245842,2083334
246809,246809,2083334
247252,247252,2083334
247443,247443,2083334
249437,249437,2083334
249749,249749,2083334
251084,251084,2083334
251156,251156,2083334
251274,251274,2083334
251652,251652,2083334
251918,251918,2083334
252039,252039,2083334
252736,252736,2083334
253190,253190,2083334
253759,253759,2083334
254314,254314,2083334
255179,255179,2083334
255706,255706,2083334
256483,256483,2083334
257477,257477,2083334
258197,258197,2083334
258617,258617,2083334
258692,258692,2083334
258934,258934,2083334
259310,259310,2083334
259930,259930,2083334
260529,260529,2083334
260879,260879,2083334
260966,260966,2083334
262120,262120,2083334
263099,263099,2083334
264034,264034,2083334
264065,264065,2083334
264119,264119,2083334
264511,264511,2083334
264960,264960,2083334
265162,265162,2083334
266267,266267,2083334
266442,266442,2083334
266732,266732,2083334
266858,266858,2083334
266990,266990,2083334
267121,267121,2083334
268091,268091,2083334
269123,269123,2083334
269667,269667,2083334
270451,270451,2083334
270930,270930,2083334
271298,271298,2083334
273603,273603,2083334
274713,274713,2083334
275298,275298,2083334
275851,275851,2083334
276340,276340,2083334
276423,276423,2083334
276779,276779,2083334
276876,276876,2083334
277659,277659,2083334
278389,278389,2083334
279997,279997,2083334
280100,280100,2083334
280537,280537,2083334
281571,281571,2083334
282148,282148,2083334
282211,282211,2083334
282949,282949,2083334
283444,283444,2083334
283885,283885,2083334
284447,284447,2083334
285111,285111,2083334
285202,285202,2083334
285376,285376,2083334
286514,286514,2083334
287217,287217,2083334
287404,287404,2083334
288468,288468,2083334
289442,289442,2083334
289502,289502,2083334
290202,290202,2083334
290694,290694,2083334
290756,290756,2083334
290756,290756,2083334
291108,291108,2083334
291523,291523,2083334
292041,292041,2083334
292182,292182,2083334
293874,293874,2083334
294312,294312,2083334
294637,294637,2083334
295774,295774,2083334
296073,296073,2083334
296542,296542,2083334
297353,297353,2083334
297614,297614,2083334
297962,297962,2083334
298087,298087,2083334
299854,299854,2083334
300115,300115,2083334
300326,300326,2083334
300385,300385,2083334
300640,300640,2083334
300755,300755,2083334
300963,300963,2083334
301343,301343,2083334
302413,302413,2083334
302529,302529,2083334
304417,304417,2083334
304664,304664,2083334
305917,305917,2083334
306127,306127,2083334
307808,307808,2083334
308168,308168,2083334
308560,308560,2083334
309105,309105,2083334
309684,309684,2083334
309699,309699,2083334
309790,309790,2083334
309940,309940,2083334
310150,310150,2083334
310371,310371,2083334
312062,312062,2083334
313648,313648,2083334
314203,314203,2083334
314671,314671,2083334
315213,315213,2083334
315554,315554,2083334
316399,316399,2083334
317186,317186,2083334
319319,319319,2083334
320020,320020,2083334
320024,320024,2083334
320263,320263,2083334
320851,320851,2083334
320859,320859,2083334
321932,321932,2083334
323673,323673,2083334
324486,324486,2083334
324716,324716,2083334
324844,324844,2083334
324932,324932,2083334
325313,325313,2083334
325388,325388,2083334
325848,325848,2083334
326016,326016,2083334
326664,326664,2083334
326839,326839,2083334
327370,327370,2083334
327971,327971,2083334
328454,328454,2083334
328918,328918,2083334
329690,329690,2083334
330439,330439,2083334
330568,330568,2083334
330840,330840,2083334
331066,331066,2083334
333086,333086,2083334
334069,334069,2083334
334340,334340,2083334
334638,334638,2083334
336019,336019,2083334
336053,336053,2083334
337008,337008,2083334
337491,337491,2083334
338027,338027,2083334
338101,338101,2083334
338275,338275,2083334
339310,339310,2083334
340414,340414,2083334
340420,340420,2083334
340424,340424,2083334
340442,340442,2083334
340701,340701,2083334
341075,341075,2083334
341141,341141,2083334
341239,341239,2083334
341271,341271,2083334
341293,341293,2083334
341318,341318,2083334
341393,341393,2083334
341395,341395,2083334
342851,342851,2083334
343519,343519,2083334
344756,344756,2083334
345094,345094,2083334
346724,346724,2083334
347185,347185,2083334
347601,347601,2083334
348520,348520,2083334
348624,348624,2083334
348825,348825,2083334
349868,349868,2083334
350466,350466,2083334
350569,350569,2083334
350901,350901,2083334
351374,351374,2083334
351550,351550,2083334
351957,351957,2083334
352203,352203,2083334
352267,352267,2083334
352977,352977,2083334
353202,353202,2083334
353288,353288,2083334
353744,353744,2083334
354144,354144,2083334
354509,354509,2083334
354682,354682,2083334
354864,354864,2083334
357864,357864,2083334
358049,358049,2083334
358282,358282,2083334
358593,358593,2083334
358646,358646,2083334
359335,359335,2083334
361172,361172,2083334
361858,361858,2083334
361925,361925,2083334
363578,363578,2083334
364097,364097,2083334
364603,364603,2083334
366641,366641,2083334
366755,366755,2083334
367009,367009,2083334
367298,367298,2083334
367326,367326,2083334
367349,367349,2083334
368432,368432,2083334
369177,369177,2083334
370747,370747,2083334
370933,370933,2083334
371041,371041,2083334
371755,371755,2083334
371766,371766,2083334
372248,372248,2083334
372340,372340,2083334
372637,372637,2083334
372728,372728,2083334
372823,372823,2083334
372917,372917,2083334
373793,373793,2083334
374471,374471,2083334
374493,374493,2083334
374726,374726,2083334
374876,374876,2083334
376227,376227,2083334
376366,376366,2083334
376770,376770,2083334
377281,377281,2083334
377532,377532,2083334
378144,378144,2083334
378595,378595,2083334
378618,378618,2083334
379027,379027,2083334
379086,379086,2083334
379370,379370,2083334
379888,379888,2083334
380774,380774,2083334
380866,380866,2083334
380895,380895,2083334
381821,381821,2083334
382051,382051,2083334
382831,382831,2083334
383601,383601,2083334
383719,383719,2083334
384067,384067,2083334
384269,384269,2083334
385022,385022,2083334
385108,385108,2083334
385197,385197,2083334
385241,385241,2083334
385347,385347,2083334
386343,386343,2083334
387770,387770,2083334
387959,387959,2083334
389576,389576,2083334
390505,390505,2083334
390950,390950,2083334
390992,390992,2083334
391313,391313,2083334
391323,391323,2083334
391508,391508,2083334
391921,391921,2083334
392174,392174,2083334
392303,392303,2083334
393330,393330,2083334
394247,394247,2083334
394683,394683,2083334
394742,394742,2083334
396376,396376,2083334
396920,396920,2083334
397485,397485,2083334
397841,397841,2083334
398441,398441,2083334
399114,399114,2083334
399492,399492,2083334
399916,399916,2083334
401025,401025,2083334
401268,401268,2083334
401567,401567,2083334
402279,402279,2083334
402466,402466,2083334
403042,403042,2083334
404909,404909,2083334
405131,405131,2083334
405330,405330,2083334
405902,405902,2083334
406401,406401,2083334
406914,406914,2083334
407952,407952,2083334
408389,408389,2083334
409812,409812,2083334
410323,410323,2083334
412330,412330,2083334
412404,412404,2083334
412693,412693,2083334
412777,412777,2083334
412926,412926,2083334
412989,412989,2083334
414068,414068,2083334
415692,415692,2083334
417320,417320,2083334
418340,418340,2083334
418480,418480,2083334
418962,418962,2083334
419279,419279,2083334
419723,419723,2083334
420181,420181,2083334
421600,421600,2083334
422194,422194,2083334
422699,422699,2083334
422823,422823,2083334
425869,425869,2083334
426808,426808,2083334
426919,426919,2083334
427567,427567,2083334
428231,428231,2083334
428659,428659,2083334
428773,428773,2083334
429210,429210,2083334
430051,430051,2083334
431186,431186,2083334
432082,432082,2083334
432790,432790,2083334
433390,433390,2083334
433796,433796,2083334
435375,435375,2083334
435394,435394,2083334
435749,435749,2083334
435777,435777,2083334
436345,436345,2083334
438858,438858,2083334
438898,438898,2083334
439334,439334,2083334
439543,439543,2083334
440405,440405,2083334
441450,441450,2083334
441798,441798,2083334
442105,442105,2083334
442312,442312,2083334
442727,442727,2083334
442892,442892,2083334
443630,443630,2083334
444790,444790,2083334
445041,445041,2083334
445441,445441,2083334
445923,445923,2083334
446233,446233,2083334
446927,446927,2083334
448043,448043,2083334
448085,448085,2083334
448668,448668,2083334
449440,449440,2083334
451982,451982,2083334
452520,452520,2083334
452880,452880,2083334
454476,454476,2083334
455483,455483,2083334
455614,455614,2083334
455653,455653,2083334
455858,455858,2083334
457776,457776,2083334
457830,457830,2083334
458146,458146,2083334
458773,458773,2083334
458994,458994,2083334
460227,460227,2083334
460286,460286,2083334
460719,460719,2083334
460969,460969,2083334
460998,460998,2083334
461734,461734,2083334
463314,463314,2083334
463923,463923,2083334
464142,464142,2083334
464207,464207,2083334
464697,464697,2083334
465246,465246,2083334
465418,465418,2083334
466362,466362,2083334
466415,466415,2083334
466781,466781,2083334
467974,467974,2083334
468286,468286,2083334
468714,468714,2083334
469329,469329,2083334
469894,469894,2083334
470296,470296,2083334
470307,470307,2083334
470596,470596,2083334
471691,471691,2083334
472479,472479,2083334
472840,472840,2083334
473467,473467,2083334
473619,473619,2083334
473682,473682,2083334
474163,474163,2083334
474343,474343,2083334
474431,474431,2083334
475999,475999,2083334
476119,476119,2083334
476524,476524,2083334
477007,477007,2083334
477489,477489,2083334
479399,479399,2083334
479492,479492,2083334
480139,480139,2083334
480600,480600,2083334
481968,481968,2083334
482080,482080,2083334
483333,483333,2083334
483941,483941,2083334
484324,484324,2083334
484718,484718,2083334
486942,486942,2083334
487075,487075,2083334
487322,487322,2083334
487904,487904,2083334
487928,487928,2083334
487961,487961,2083334
489458,489458,2083334
490132,490132,2083334
490399,490399,2083334
490826,490826,2083334
491435,491435,2083334
491909,491909,2083334
492255,492255,2083334
492423,492423,2083334
492488,492488,2083334
492544,492544,2083334
493118,493118,2083334
493198,493198,2083334
493596,493596,2083334
493785,493785,2083334
495931,495931,2083334
497219,497219,2083334
497453,497453,2083334
497820,497820,2083334
498162,498162,2083334
498167,498167,2083334
498244,498244,2083334
498695,498695,2083334
500029,500029,2083334
501117,501117,2083334
501585,501585,2083334
503411,503411,2083334
504178,504178,2083334
505838,505838,2083334
506114,506114,2083334
506876,506876,2083334
507007,507007,2083334
507206,507206,2083334
507913,507913,2083334
508357,508357,2083334
509583,509583,2083334
509928,509928,2083334
511075,511075,2083334
511239,511239,2083334
511301,511301,2083334
511500,511500,2083334
511684,511684,2083334
512045,512045,2083334
514677,514677,2083334
514722,514722,2083334
515919,515919,2083334
516393,516393,2083334
517434,517434,2083334
519395,519395,2083334
519495,519495,2083334
519716,519716,2083334
520394,520394,2083334
520397,520397,2083334
520599,520599,2083334
520712,520712,2083334
521269,521269,2083334
521546,521546,2083334
523319,523319,2083334
523656,523656,2083334
524730,524730,2083334
526188,526188,2083334
526264,526264,2083334
526704,526704,2083334
528287,528287,2083334
529298,529298,2083334
529501,529501,2083334
529757,529757,2083334
529786,529786,2083334
529801,529801,2083334
530142,530142,2083334
530208,530208,2083334
531664,531664,2083334
532572,532572,2083334
533260,533260,2083334
533356,533356,2083334
533371,533371,2083334
533817,533817,2083334
534489,534489,2083334
534944,534944,2083334
535229,535229,2083334
535374,535374,2083334
535536,535536,2083334
535536,535536,2083334
537088,537088,2083334
537377,537377,2083334
537389,537389,2083334
537921,537921,2083334
537943,537943,2083334
537981,537981,2083334
538358,538358,2083334
538382,538382,2083334
538546,538546,2083334
538903,538903,2083334
538951,538951,2083334
539021,539021,2083334
539037,539037,2083334
539064,539064,2083334
539182,539182,2083334
539434,539434,2083334
540077,540077,2083334
540292,540292,2083334
540685,540685,2083334
541523,541523,2083334
541673,541673,2083334
542425,542425,2083334
542642,542642,2083334
542791,542791,2083334
542887,542887,2083334
542926,542926,2083334
543085,543085,2083334
544182,544182,2083334
544562,544562,2083334
544636,544636,2083334
545218,545218,2083334
546617,546617,2083334
546802,546802,2083334
547223,547223,2083334
547574,547574,2083334
547814,547814,2083334
547934,547934,2083334
548693,548693,2083334
548881,548881,2083334
549821,549821,2083334
549892,549892,2083334
550322,550322,2083334
551365,551365,2083334
551469,551469,2083334
551529,551529,2083334
552048,552048,2083334
553140,553140,2083334
553427,553427,2083334
555472,555472,2083334
555570,555570,2083334
555988,555988,2083334
556132,556132,2083334
556173,556173,2083334
556201,556201,2083334
556614,556614,2083334
557276,557276,2083334
557413,557413,2083334
558162,558162,2083334
558628,558628,2083334
560064,560064,2083334
560206,560206,2083334
561047,561047,2083334
561244,561244,2083334
561967,561967,2083334
562091,562091,2083334
562604,562604,2083334
563151,563151,2083334
564283,564283,2083334
565233,565233,2083334
565284,565284,2083334
566165,566165,2083334
567068,567068,2083334
567370,567370,2083334
567595,567595,2083334
567977,567977,2083334
569255,569255,2083334
569549,569549,2083334
570703,570703,2083334
571209,571209,2083334
571874,571874,2083334
573040,573040,2083334
573528,573528,2083334
574355,574355,2083334
574463,574463,2083334
574564,574564,2083334
576429,576429,2083334
578375,578375,2083334
578416,578416,2083334
578541,578541,2083334
578832,578832,2083334
579129,579129,2083334
579379,579379,2083334
579724,579724,2083334
579774,579774,2083334
579946,579946,2083334
580187,580187,2083334
581119,581119,2083334
581492,581492,2083334
582699,582699,2083334
583258,583258,2083334
583318,583318,2083334
583379,583379,2083334
583716,583716,2083334
584169,584169,2083334
584789,584789,2083334
585119,585119,2083334
585150,585150,2083334
585179,585179,2083334
585200,585200,2083334
585947,585947,2083334
586459,586459,2083334
586469,586469,2083334
587510,587510,2083334
587634,587634,2083334
588211,588211,2083334
588649,588649,2083334
589131,589131,2083334
589394,589394,2083334
590218,590218,2083334
590419,590419,2083334
590874,590874,2083334
590978,590978,2083334
591113,591113,2083334
591781,591781,2083334
591785,591785,2083334
592514,592514,2083334
592525,592525,2083334
592699,592699,2083334
593148,593148,2083334
593186,593186,2083334
593800,593800,2083334
594599,594599,2083334
595396,595396,2083334
596183,596183,2083334
596237,596237,2083334
597133,597133,2083334
598170,598170,2083334
599115,599115,2083334
599260,599260,2083334
599480,599480,2083334
600433,600433,2083334
600687,600687,2083334
601517,601517,2083334
601717,601717,2083334
601914,601914,2083334
603267,603267,2083334
604168,604168,2083334
604368,604368,2083334
605434,605434,2083334
606404,606404,2083334
606410,606410,2083334
606643,606643,2083334
606924,606924,2083334
607229,607229,2083334
607716,607716,2083334
607981,607981,2083334
611096,611096,2083334
611766,611766,2083334
612270,612270,2083334
612321,612321,2083334
612431,612431,2083334
613368,613368,2083334
613910,613910,2083334
613940,613940,2083334
614230,614230,2083334
615404,615404,2083334
615905,615905,2083334
616818,616818,2083334
617084,617084,2083334
617323,617323,2083334
617360,617360,2083334
617544,617544,2083334
617557,617557,2083334
617592,617592,2083334
618183,618183,2083334
618916,618916,2083334
620059,620059,2083334
620362,620362,2083334
620445,620445,2083334
621516,621516,2083334
621572,621572,2083334
623245,623245,2083334
623427,623427,2083334
624913,624913,2083334
625614,625614,2083334
626480,626480,2083334
626525,626525,2083334
626576,626576,2083334
628070,628070,2083334
628689,628689,2083334
629272,629272,2083334
629284,629284,2083334
629285,629285,2083334
629583,629583,2083334
629600,629600,2083334
629712,629712,2083334
630130,630130,2083334
633118,633118,2083334
633236,633236,2083334
633576,633576,2083334
633680,633680,2083334
633928,633928,2083334
634238,634238,2083334
635449,635449,2083334
635861,635861,2083334
635952,635952,2083334
635981,635981,2083334
637068,637068,2083334
637217,637217,2083334
637351,637351,2083334
637485,637485,2083334
638248,638248,2083334
638948,638948,2083334
639112,639112,2083334
639191,639191,2083334
640216,640216,2083334
640473,640473,2083334
641039,641039,2083334
641645,641645,2083334
641906,641906,2083334
642002,642002,2083334
642163,642163,2083334
643956,643956,2083334
644076,644076,2083334
644180,644180,2083334
644973,644973,2083334
646109,646109,2083334
647041,647041,2083334
647418,647418,2083334
648348,648348,2083334
648748,648748,2083334
649775,649775,2083334
649885,649885,2083334
649900,649900,2083334
650096,650096,2083334
650269,650269,2083334
650406,650406,2083334
650808,650808,2083334
650932,650932,2083334
651177,651177,2083334
651297,651297,2083334
651723,651723,2083334
652811,652811,2083334
655506,655506,2083334
656193,656193,2083334
656252,656252,2083334
656396,656396,2083334
656940,656940,2083334
657319,657319,2083334
657340,657340,2083334
657734,657734,2083334
658414,658414,2083334
658768,658768,2083334
659396,659396,2083334
660066,660066,2083334
660420,660420,2083334
660505,660505,2083334
660802,660802,2083334
661244,661244,2083334
662329,662329,2083334
664663,664663,2083334
665660,665660,2083334
665718,665718,2083334
666001,666001,2083334
666592,666592,2083334
666789,666789,2083334
666822,666822,2083334
667474,667474,2083334
668013,668013,2083334
668249,668249,2083334
668467,668467,2083334
668477,668477,2083334
669155,669155,2083334
669934,669934,2083334
671134,671134,2083334
671448,671448,2083334
671486,671486,2083334
672075,672075,2083334
672150,672150,2083334
672310,672310,2083334
673229,673229,2083334
674675,674675,2083334
674883,674883,2083334
674950,674950,2083334
675498,675498,2083334
675672,675672,2083334
676203,676203,2083334
676742,676742,2083334
677251,677251,2083334
677733,677733,2083334
678359,678359,2083334
678528,678528,2083334
678985,678985,2083334
679456,679456,2083334
680430,680430,2083334
681646,681646,2083334
682247,682247,2083334
682406,682406,2083334
682811,682811,2083334
683573,683573,2083334
683601,683601,2083334
684604,684604,2083334
684755,684755,2083334
684914,684914,2083334
684985,684985,2083334
685426,685426,2083334
686036,686036,2083334
686219,686219,2083334
686486,686486,2083334
686516,686516,2083334
687607,687607,2083334
687760,687760,2083334
688011,688011,2083334
688334,688334,2083334
688805,688805,2083334
689107,689107,2083334
689263,689263,2083334
689563,689563,2083334
689913,689913,2083334
689991,689991,2083334
690415,690415,2083334
691643,691643,2083334
692377,692377,2083334
692420,692420,2083334
692842,692842,2083334
692907,692907,2083334
694219,694219,2083334
694530,694530,2083334
695291,695291,2083334
695332,695332,2083334
696897,696897,2083334
697093,697093,2083334
698044,698044,2083334
698670,698670,2083334
699123,699123,2083334
699444,699444,2083334
699523,699523,2083334
699558,699558,2083334
699771,699771,2083334
700198,700198,2083334
700739,700739,2083334
700833,700833,2083334
701147,701147,2083334
703674,703674,2083334
704806,704806,2083334
705337,705337,2083334
705500,705500,2083334
705842,705842,2083334
706561,706561,2083334
706699,706699,2083334
706700,706700,2083334
706904,706904,2083334
707552,707552,2083334
707951,707951,2083334
708060,708060,2083334
708298,708298,2083334
708704,708704,2083334
708810,708810,2083334
709609,709609,2083334
709697,709697,2083334
710265,710265,2083334
710275,710275,2083334
710609,710609,2083334
711373,711373,2083334
711483,711483,2083334
711640,711640,2083334
712390,712390,2083334
712436,712436,2083334
712735,712735,2083334
713371,713371,2083334
713906,713906,2083334
714251,714251,2083334
714712,714712,2083334
715271,715271,2083334
716148,716148,2083334
716534,716534,2083334
716781,716781,2083334
717080,717080,2083334
718343,718343,2083334
719994,719994,2083334
720351,720351,2083334
720753,720753,2083334
721022,721022,2083334
721180,721180,2083334
721547,721547,2083334
721831,721831,2083334
722265,722265,2083334
722347,722347,2083334
722740,722740,2083334
723868,723868,2083334
723899,723899,2083334
724866,724866,2083334
724973,724973,2083334
725486,725486,2083334
725720,725720,2083334
726056,726056,2083334
726156,726156,2083334
726644,726644,2083334
726806,726806,2083334
728143,728143,2083334
729160,729160,2083334
730544,730544,2083334
731903,731903,2083334
732055,732055,2083334
732513,732513,2083334
734060,734060,2083334
734800,734800,2083334
735301,735301,2083334
736031,736031,2083334
736091,736091,2083334
737188,737188,2083334
737616,737616,2083334
737746,737746,2083334
737919,737919,2083334
738258,738258,2083334
738512,738512,2083334
738609,738609,2083334
738817,738817,2083334
738947,738947,2083334
740934,740934,2083334
741353,741353,2083334
741408,741408,2083334
742035,742035,2083334
742333,742333,2083334
742556,742556,2083334
743475,743475,2083334
743565,743565,2083334
744105,744105,2083334
744890,744890,2083334
745562,745562,2083334
746568,746568,2083334
746995,746995,2083334
747113,747113,2083334
747508,747508,2083334
748992,748992,2083334
749344,749344,2083334
750053,750053,2083334
750313,750313,2083334
750705,750705,2083334
751893,751893,2083334
751911,751911,2083334
752600,752600,2083334
755332,755332,2083334
755457,755457,2083334
755690,755690,2083334
756341,756341,2083334
756675,756675,2083334
757817,757817,2083334
758639,758639,2083334
759551,759551,2083334
759722,759722,2083334
759751,759751,2083334
760183,760183,2083334
760735,760735,2083334
761050,761050,2083334
761220,761220,2083334
763942,763942,2083334
764148,764148,2083334
764265,764265,2083334
764686,764686,2083334
764988,764988,2083334
765684,765684,2083334
765726,765726,2083334
766118,766118,2083334
766240,766240,2083334
768639,768639,2083334
769703,769703,2083334
769859,769859,2083334
770013,770013,2083334
771772,771772,2083334
771785,771785,2083334
771788,771788,2083334
772313,772313,2083334
772388,772388,2083334
772485,772485,2083334
772676,772676,2083334
773420,773420,2083334
774096,774096,2083334
774648,774648,2083334
775221,775221,2083334
775597,775597,2083334
775745,775745,2083334
776170,776170,2083334
776218,776218,2083334
776415,776415,2083334
778128,778128,2083334
778271,778271,2083334
780630,780630,2083334
781018,781018,2083334
781754,781754,2083334
781892,781892,2083334
781961,781961,2083334
782147,782147,2083334
784057,784057,2083334
784970,784970,2083334
786649,786649,2083334
786969,786969,2083334
787036,787036,2083334
787516,787516,2083334
787537,787537,2083334
789147,789147,2083334
789784,789784,2083334
789811,789811,2083334
789891,789891,2083334
790647,790647,2083334
790917,790917,2083334
791586,791586,2083334
793626,793626,2083334
793661,793661,2083334
793861,793861,2083334
794080,794080,2083334
794179,794179,2083334
794350,794350,2083334
795583,795583,2083334
795894,795894,2083334
795916,795916,2083334
796416,796416,2083334
797633,797633,2083334
797737,797737,2083334
799641,799641,2083334
800426,800426,2083334
800555,800555,2083334
801099,801099,2083334
801876,801876,2083334
802016,802016,2083334
802211,802211,2083334
802472,802472,2083334
803165,803165,2083334
803653,803653,2083334
804032,804032,2083334
804342,804342,2083334
804730,804730,2083334
804874,804874,2083334
805419,805419,2083334
806595,806595,2083334
808028,808028,2083334
808334,808334,2083334
809086,809086,2083334
809601,809601,2083334
810249,810249,2083334
810788,810788,2083334
811194,811194,2083334
812352,812352,2083334
812435,812435,2083334
813056,813056,2083334
814620,814620,2083334
815541,815541,2083334
815563,815563,2083334
815750,815750,2083334
817120,817120,2083334
817195,817195,2083334
818908,818908,2083334
819213,819213,2083334
820492,820492,2083334
820642,820642,2083334
820886,820886,2083334
820974,820974,2083334
821853,821853,2083334
822674,822674,2083334
823830,823830,2083334
824261,824261,2083334
824577,824577,2083334
824640,824640,2083334
826692,826692,2083334
826761,826761,2083334
827237,827237,2083334
828168,828168,2083334
828181,828181,2083334
828444,828444,2083334
828504,828504,2083334
829263,829263,2083334
830340,830340,2083334
830714,830714,2083334
830818,830818,2083334
830951,830951,2083334
831178,831178,2083334
831207,831207,2083334
832114,832114,2083334
834886,834886,2083334
835304,835304,2083334
835395,835395,2083334
835594,835594,2083334
835724,835724,2083334
836798,836798,2083334
836890,836890,2083334
836924,836924,2083334
838135,838135,2083334
839133,839133,2083334
839588,839588,2083334
839754,839754,2083334
840922,840922,2083334
841046,841046,2083334
842733,842733,2083334
843967,843967,2083334
844104,844104,2083334
844318,844318,2083334
844685,844685,2083334
845421,845421,2083334
845608,845608,2083334
845640,845640,2083334
845889,845889,2083334
846420,846420,2083334
846790,846790,2083334
848545,848545,2083334
848885,848885,2083334
848922,848922,2083334
849655,849655,2083334
850914,850914,2083334
852223,852223,2083334
853122,853122,2083334
853177,853177,2083334
854957,854957,2083334
855347,855347,2083334
855430,855430,2083334
855574,855574,2083334
856200,856200,2083334
857132,857132,2083334
857396,857396,2083334
857615,857615,2083334
858444,858444,2083334
859640,859640,2083334
860880,860880,2083334
861402,861402,2083334
862234,862234,2083334
862891,862891,2083334
863094,863094,2083334
864247,864247,2083334
864438,864438,2083334
865163,865163,2083334
865489,865489,2083334
866861,866861,2083334
867589,867589,2083334
867652,867652,2083334
868387,868387,2083334
869666,869666,2083334
869991,869991,2083334
870098,870098,2083334
870561,870561,2083334
870719,870719,2083334
871003,871003,2083334
871631,871631,2083334
872048,872048,2083334
872319,872319,2083334
872322,872322,2083334
872683,872683,2083334
873134,873134,2083334
873654,873654,2083334
874037,874037,2083334
874527,874527,2083334
875120,875120,2083334
875713,875713,2083334
875845,875845,2083334
876200,876200,2083334
877267,877267,2083334
878936,878936,2083334
879192,879192,2083334
879795,879795,2083334
879838,879838,2083334
880023,880023,2083334
881281,881281,2083334
881755,881755,2083334
882145,882145,2083334
882903,882903,2083334
884263,884263,2083334
885151,885151,2083334
889003,889003,2083334
889336,889336,2083334
890479,890479,2083334
890480,890480,2083334
890696,890696,2083334
891229,891229,2083334
891507,891507,2083334
893233,893233,2083334
893366,893366,2083334
894455,894455,2083334
894535,894535,2083334
895093,895093,2083334
895347,895347,2083334
895800,895800,2083334
896022,896022,2083334
896081,896081,2083334
897734,897734,2083334
898109,898109,2083334
898110,898110,2083334
898534,898534,2083334
898551,898551,2083334
899955,899955,2083334
900128,900128,2083334
900468,900468,2083334
900627,900627,2083334
901496,901496,2083334
901785,901785,2083334
903607,903607,2083334
903676,903676,2083334
905115,905115,2083334
905659,905659,2083334
905891,905891,2083334
906410,906410,2083334
906451,906451,2083334
906776,906776,2083334
907722,907722,2083334
909778,909778,2083334
911488,911488,2083334
911643,911643,2083334
911957,911957,2083334
913212,913212,2083334
913582,913582,2083334
914384,914384,2083334
915864,915864,2083334
915912,915912,2083334
917383,917383,2083334
918240,918240,2083334
918685,918685,2083334
919218,919218,2083334
919378,919378,2083334
919911,919911,2083334
920981,920981,2083334
921100,921100,2083334
921375,921375,2083334
921377,921377,2083334
922329,922329,2083334
922627,922627,2083334
923113,923113,2083334
923173,923173,2083334
923820,923820,2083334
924660,924660,2083334
924784,924784,2083334
925341,925341,2083334
926301,926301,2083334
927528,927528,2083334
927942,927942,2083334
928889,928889,2083334
929115,929115,2083334
929174,929174,2083334
929179,929179,2083334
930003,930003,2083334
930803,930803,2083334
931013,931013,2083334
931772,931772,2083334
931861,931861,2083334
932543,932543,2083334
933295,933295,2083334
933395,933395,2083334
934046,934046,2083334
934391,934391,2083334
935361,935361,2083334
935651,935651,2083334
935851,935851,2083334
935944,935944,2083334
936285,936285,2083334
936354,936354,2083334
936509,936509,2083334
937149,937149,2083334
937197,937197,2083334
937199,937199,2083334
937283,937283,2083334
937640,937640,2083334
937767,937767,2083334
938306,938306,2083334
938420,938420,2083334
938682,938682,2083334
939002,939002,2083334
939414,939414,2083334
940015,940015,2083334
940440,940440,2083334
940954,940954,2083334
943066,943066,2083334
943928,943928,2083334
944737,944737,2083334
944884,944884,2083334
945505,945505,2083334
945920,945920,2083334
948455,948455,2083334
949892,949892,2083334
950933,950933,2083334
951374,951374,2083334
951902,951902,2083334
952381,952381,2083334
952619,952619,2083334
952987,952987,2083334
953140,953140,2083334
954496,954496,2083334
955108,955108,2083334
959533,959533,2083334
959799,959799,2083334
960828,960828,2083334
963490,963490,2083334
964378,964378,2083334
964480,964480,2083334
964502,964502,2083334
965124,965124,2083334
966033,966033,2083334
966231,966231,2083334
966896,966896,2083334
967350,967350,2083334
967864,967864,2083334
968098,968098,2083334
968140,968140,2083334
968578,968578,2083334
969049,969049,2083334
969232,969232,2083334
969857,969857,2083334
970037,970037,2083334
970335,970335,2083334
970485,970485,2083334
971206,971206,2083334
974018,974018,2083334
974255,974255,2083334
974518,974518,2083334
975106,975106,2083334
975120,975120,2083334
975271,975271,2083334
975414,975414,2083334
976301,976301,2083334
976961,976961,2083334
977843,977843,2083334
978443,978443,2083334
980287,980287,2083334
980616,980616,2083334
981376,981376,2083334
981384,981384,2083334
981589,981589,2083334
981858,981858,2083334
983118,983118,2083334
983251,983251,2083334
984016,984016,2083334
984081,984081,2083334
984593,984593,2083334
985124,985124,2083334
985877,985877,2083334
986732,986732,2083334
987859,987859,2083334
987990,987990,2083334
988108,988108,2083334
988395,988395,2083334
988524,988524,2083334
988650,988650,2083334
988941,988941,2083334
989789,989789,2083334
989807,989807,2083334
989844,989844,2083334
990128,990128,2083334
990197,990197,2083334
990386,990386,2083334
991039,991039,2083334
991367,991367,2083334
992017,992017,2083334
992255,992255,2083334
992288,992288,2083334
992332,992332,2083334
992606,992606,2083334
992655,992655,2083334
994863,994863,2083334
997181,997181,2083334
997475,997475,2083334
997783,997783,2083334
997990,997990,2083334
998174,998174,2083334
998225,998225,2083334
998338,998338,2083334
998451,998451,2083334
998801,998801,2083334
1000353,1000353,2083334
1000544,1000544,2083334
1001296,1001296,2083334
1002980,1002980,2083334
1003903,1003903,2083334
1003976,1003976,2083334
1004210,1004210,2083334
1004405,1004405,2083334
1004549,1004549,2083334
1004827,1004827,2083334
1005392,1005392,2083334
1006374,1006374,2083334
1007101,1007101,2083334
1008244,1008244,2083334
1008295,1008295,2083334
1008385,1008385,2083334
1010444,1010444,2083334
1010891,1010891,2083334
1010954,1010954,2083334
1010970,1010970,2083334
1011022,1011022,2083334
1011253,1011253,2083334
1012653,1012653,2083334
1012940,1012940,2083334
1014252,1014252,2083334
1014300,1014300,2083334
1015037,1015037,2083334
1015626,1015626,2083334
1017526,1017526,2083334
1017848,1017848,2083334
1018201,1018201,2083334
1018834,1018834,2083334
1019356,1019356,2083334
1019848,1019848,2083334
1020129,1020129,2083334
1020183,1020183,2083334
1020318,1020318,2083334
1020466,1020466,2083334
1020760,1020760,2083334
1021257,1021257,2083334
1021763,1021763,2083334
1021958,1021958,2083334
1022357,1022357,2083334
1022494,1022494,2083334
1023137,1023137,2083334
1023450,1023450,2083334
1023479,1023479,2083334
1023547,1023547,2083334
1024242,1024242,2083334
1024409,1024409,2083334
1026285,1026285,2083334
1026851,1026851,2083334
1027141,1027141,2083334
1027380,1027380,2083334
1028109,1028109,2083334
1028516,1028516,2083334
1028864,1028864,2083334
1029611,1029611,2083334
1031789,1031789,2083334
1033038,1033038,2083334
1033348,1033348,2083334
1033800,1033800,2083334
1034098,1034098,2083334
1034582,1034582,2083334
1034723,1034723,2083334
1034886,1034886,2083334
1037431,1037431,2083334
1037696,1037696,2083334
1040060,1040060,2083334
1040187,1040187,2083334
1040316,1040316,2083334
1040969,1040969,2083334
1041627,1041627,2083334
1041918,1041918,2083334
1042299,1042299,2083334
1042405,1042405,2083334
1042452,1042452,2083334
1042512,1042512,2083334
1042977,1042977,2083334
1043045,1043045,2083334
1043539,1043539,2083334
1043763,1043763,2083334
1043968,1043968,2083334
1044030,1044030,2083334
1044417,1044417,2083334
1045019,1045019,2083334
1045403,1045403,2083334
1046027,1046027,2083334
1046336,1046336,2083334
1047280,1047280,2083334
1047643,1047643,2083334
1048170,1048170,2083334
1049615,1049615,2083334
1049654,1049654,2083334
1050325,1050325,2083334
1051004,1051004,2083334
1051080,1051080,2083334
1051083,1051083,2083334
1051560,1051560,2083334
1051625,1051625,2083334
1051685,1051685,2083334
1052112,1052112,2083334
1052116,1052116,2083334
1052601,1052601,2083334
1054022,1054022,2083334
1054330,1054330,2083334
1054478,1054478,2083334
1054739,1054739,2083334
1055236,1055236,2083334
1056498,1056498,2083334
1056739,1056739,2083334
1057669,1057669,2083334
1057807,1057807,2083334
1058533,1058533,2083334
1058597,1058597,2083334
1058937,1058937,2083334
1059220,1059220,2083334
1059310,1059310,2083334
1059647,1059647,2083334
1060252,1060252,2083334
1060293,1060293,2083334
1060456,1060456,2083334
1061566,1061566,2083334
1061603,1061603,2083334
1061681,1061681,2083334
1061832,1061832,2083334
1063524,1063524,2083334
1064101,1064101,2083334
1064669,1064669,2083334
1064699,1064699,2083334
1064778,1064778,2083334
1065261,1065261,2083334
1065263,1065263,2083334
1065423,1065423,2083334
1065713,1065713,2083334
1066779,1066779,2083334
1067100,1067100,2083334
1067292,1067292,2083334
1067866,1067866,2083334
1067873,1067873,2083334
1068155,1068155,2083334
1068416,1068416,2083334
1068478,1068478,2083334
1068796,1068796,2083334
1069775,1069775,2083334
1070072,1070072,2083334
1070870,1070870,2083334
1071109,1071109,2083334
1071875,1071875,2083334
1071980,1071980,2083334
1074141,1074141,2083334
1074190,1074190,2083334
1074284,1074284,2083334
1075324,1075324,2083334
1075473,1075473,2083334
1076395,1076395,2083334
1077122,1077122,2083334
1077263,1077263,2083334
1077356,1077356,2083334
1077855,1077855,2083334
1078482,1078482,2083334
1078693,1078693,2083334
1080459,1080459,2083334
1080769,1080769,2083334
1080835,1080835,2083334
1080848,1080848,2083334
1081869,1081869,2083334
1081971,1081971,2083334
1082046,1082046,2083334
1082305,1082305,2083334
1082968,1082968,2083334
1083424,1083424,2083334
1083435,1083435,2083334
1083854,1083854,2083334
1084336,1084336,2083334
1085614,1085614,2083334
1086131,1086131,2083334
1086270,1086270,2083334
1087582,1087582,2083334
1087607,1087607,2083334
1088101,1088101,2083334
1089872,1089872,2083334
1090302,1090302,2083334
1090708,1090708,2083334
1090942,1090942,2083334
1091079,1091079,2083334
1092301,1092301,2083334
1092516,1092516,2083334
1093050,1093050,2083334
1093516,1093516,2083334
1094093,1094093,2083334
1094268,1094268,2083334
1094462,1094462,2083334
1095065,1095065,2083334
1095410,1095410,2083334
1095870,1095870,2083334
1095922,1095922,2083334
1097750,1097750,2083334
1098065,1098065,2083334
1099435,1099435,2083334
1099519,1099519,2083334
1100493,1100493,2083334
1100544,1100544,2083334
1100840,1100840,2083334
1101176,1101176,2083334
1101336,1101336,2083334
1101969,1101969,2083334
1102123,1102123,2083334
1102176,1102176,2083334
1102782,1102782,2083334
1103363,1103363,2083334
1103419,1103419,2083334
1104327,1104327,2083334
1104744,1104744,2083334
1105360,1105360,2083334
1105438,1105438,2083334
1106258,1106258,2083334
1107052,1107052,2083334
1107192,1107192,2083334
1107403,1107403,2083334
1108266,1108266,2083334
1108668,1108668,2083334
1108705,1108705,2083334
1108722,1108722,2083334
1109057,1109057,2083334
1109140,1109140,2083334
1109678,1109678,2083334
1109845,1109845,2083334
1109877,1109877,2083334
1110283,1110283,2083334
1111292,1111292,2083334
1112131,1112131,2083334
1112216,1112216,2083334
1112897,1112897,2083334
1113592,1113592,2083334
1113901,1113901,2083334
1114551,1114551,2083334
1116016,1116016,2083334
1116032,1116032,2083334
1116738,1116738,2083334
1117568,1117568,2083334
1118073,1118073,2083334
1118089,1118089,2083334
1119119,1119119,2083334
1119293,1119293,2083334
1119413,1119413,2083334
1119489,1119489,2083334
1120348,1120348,2083334
1120662,1120662,2083334
1120689,1120689,2083334
1120912,1120912,2083334
1121096,1121096,2083334
1121631,1121631,2083334
1122820,1122820,2083334
1124370,1124370,2083334
1125981,1125981,2083334
1126079,1126079,2083334
1126122,1126122,2083334
1126171,1126171,2083334
1126869,1126869,2083334
1127365,1127365,2083334
1127698,1127698,2083334
1128953,1128953,2083334
1129974,1129974,2083334
1130464,1130464,2083334
1130513,1130513,2083334
1131947,1131947,2083334
1132084,1132084,2083334
1134218,1134218,2083334
1134696,1134696,2083334
1134797,1134797,2083334
1135372,1135372,2083334
1136633,1136633,2083334
1136654,1136654,2083334
1136684,1136684,2083334
1136730,1136730,2083334
1137706,1137706,2083334
1137820,1137820,2083334
1138036,1138036,2083334
1138414,1138414,2083334
1138718,1138718,2083334
1140149,1140149,2083334
1140547,1140547,2083334
1140822,1140822,2083334
1141076,1141076,2083334
1142125,1142125,2083334
1142486,1142486,2083334
1142750,1142750,2083334
1143082,1143082,2083334
1143313,1143313,2083334
1143561,1143561,2083334
1143785,1143785,2083334
1143871,1143871,2083334
1144781,1144781,2083334
1145361,1145361,2083334
1146333,1146333,2083334
1146348,1146348,2083334
1147612,1147612,2083334
1147840,1147840,2083334
1149315,1149315,2083334
1149879,1149879,2083334
1150663,1150663,2083334
1151366,1151366,2083334
1152809,1152809,2083334
1152860,1152860,2083334
1153780,1153780,2083334
1154601,1154601,2083334
1154665,1154665,2083334
1156345,1156345,2083334
1156885,1156885,2083334
1156971,1156971,2083334
1157330,1157330,2083334
1157348,1157348,2083334
1157351,1157351,2083334
1157582,1157582,2083334
1157654,1157654,2083334
1158302,1158302,2083334
1158339,1158339,2083334
1158634,1158634,2083334
1158696,1158696,2083334
1160011,1160011,2083334
1161958,1161958,2083334
1162817,1162817,2083334
1163058,1163058,2083334
1163605,1163605,2083334
1163741,1163741,2083334
1164375,1164375,2083334
1164449,1164449,2083334
1164488,1164488,2083334
1165783,1165783,2083334
1165931,1165931,2083334
1166503,1166503,2083334
1167205,1167205,2083334
1167219,1167219,2083334
1167448,1167448,2083334
1167616,1167616,2083334
1167849,1167849,2083334
1168334,1168334,2083334
1168354,1168354,2083334
1169280,1169280,2083334
1169456,1169456,2083334
1170115,1170115,2083334
1170135,1170135,2083334
1170240,1170240,2083334
1170396,1170396,2083334
1171412,1171412,2083334
1171501,1171501,2083334
1172578,1172578,2083334
1172621,1172621,2083334
1173254,1173254,2083334
1174299,1174299,2083334
1174825,1174825,2083334
1175037,1175037,2083334
1175056,1175056,2083334
1175325,1175325,2083334
1175516,1175516,2083334
1176238,1176238,2083334
1177199,1177199,2083334
1177437,1177437,2083334
1177892,1177892,2083334
1179019,1179019,2083334
1179450,1179450,2083334
1179532,1179532,2083334
1179576,1179576,2083334
1179693,1179693,2083334
1180392,1180392,2083334
1180625,1180625,2083334
1180705,1180705,2083334
1180880,1180880,2083334
1181021,1181021,2083334
1181288,1181288,2083334
1181319,1181319,2083334
1182017,1182017,2083334
1182326,1182326,2083334
1183347,1183347,2083334
1184100,1184100,2083334
1184838,1184838,2083334
1184884,1184884,2083334
1184920,1184920,2083334
1184997,1184997,2083334
1185975,1185975,2083334
1186287,1186287,2083334
1186595,1186595,2083334
1187574,1187574,2083334
1187696,1187696,2083334
1187830,1187830,2083334
1187860,1187860,2083334
1188780,1188780,2083334
1188796,1188796,2083334
1190943,1190943,2083334
1191181,1191181,2083334
1191574,1191574,2083334
1193502,1193502,2083334
1194384,1194384,2083334
1194551,1194551,2083334
1195283,1195283,2083334
1195551,1195551,2083334
1195862,1195862,2083334
1197028,1197028,2083334
1197083,1197083,2083334
1197819,1197819,2083334
1198880,1198880,2083334
1199201,1199201,2083334
1199312,1199312,2083334
1200062,1200062,2083334
1200374,1200374,2083334
1201352,1201352,2083334
1201383,1201383,2083334
1201931,1201931,2083334
1201977,1201977,2083334
1202517,1202517,2083334
1203290,1203290,2083334
1203749,1203749,2083334
1204171,1204171,2083334
1205288,1205288,2083334
1205834,1205834,2083334
1205835,1205835,2083334
1205859,1205859,2083334
1206254,1206254,2083334
1206297,1206297,2083334
1206703,1206703,2083334
1207001,1207001,2083334
1207304,1207304,2083334
1208364,1208364,2083334
1208455,1208455,2083334
1208560,1208560,2083334
1209151,1209151,2083334
1209947,1209947,2083334
1210477,1210477,2083334
1211750,1211750,2083334
1211785,1211785,2083334
1212063,1212063,2083334
1212241,1212241,2083334
1212315,1212315,2083334
1212933,1212933,2083334
1212950,1212950,2083334
1213784,1213784,2083334
1214064,1214064,2083334
1214337,1214337,2083334
1215082,1215082,2083334
1217287,1217287,2083334
1218145,1218145,2083334
1218765,1218765,2083334
1219246,1219246,2083334
1220368,1220368,2083334
1220443,1220443,2083334
1220707,1220707,2083334
1220887,1220887,2083334
1221553,1221553,2083334
1221569,1221569,2083334
1221620,1221620,2083334
1221625,1221625,2083334
1221996,1221996,2083334
1222510,1222510,2083334
1222974,1222974,2083334
1223742,1223742,2083334
1223793,1223793,2083334
1224350,1224350,2083334
1224353,1224353,2083334
1224831,1224831,2083334
1225049,1225049,2083334
1225774,1225774,2083334
1226298,1226298,2083334
1226376,1226376,2083334
1227781,1227781,2083334
1227919,1227919,2083334
1228228,1228228,2083334
1228241,1228241,2083334
1228383,1228383,2083334
1228950,1228950,2083334
1229137,1229137,2083334
1229362,1229362,2083334
1229670,1229670,2083334
1229691,1229691,2083334
1229808,1229808,2083334
1229904,1229904,2083334
1230573,1230573,2083334
1231114,1231114,2083334
1231579,1231579,2083334
1232362,1232362,2083334
1234353,1234353,2083334
1234686,1234686,2083334
1234691,1234691,2083334
1234703,1234703,2083334
1234836,1234836,2083334
1235584,1235584,2083334
1236106,1236106,2083334
1236236,1236236,2083334
1236329,1236329,2083334
1237356,1237356,2083334
1238241,1238241,2083334
1238923,1238923,2083334
1239178,1239178,2083334
1239325,1239325,2083334
1239465,1239465,2083334
1239684,1239684,2083334
1239900,1239900,2083334
1240389,1240389,2083334
1240741,1240741,2083334
1241400,1241400,2083334
1241677,1241677,2083334
1242365,1242365,2083334
1242421,1242421,2083334
1242566,1242566,2083334
1242829,1242829,2083334
1243093,1243093,2083334
1243869,1243869,2083334
1244544,1244544,2083334
1245375,1245375,2083334
1245468,1245468,2083334
1245632,1245632,2083334
1246206,1246206,2083334
1246341,1246341,2083334
1247171,1247171,2083334
1247331,1247331,2083334
1247710,1247710,2083334
1248199,1248199,2083334
1248287,1248287,2083334
1249871,1249871,2083334
1249898,1249898,2083334
1252045,1252045,2083334
1254774,1254774,2083334
1254778,1254778,2083334
1255264,1255264,2083334
1255406,1255406,2083334
1256180,1256180,2083334
1256530,1256530,2083334
1257650,1257650,2083334
1258141,1258141,2083334
1258454,1258454,2083334
1259009,1259009,2083334
1259555,1259555,2083334
1259624,1259624,2083334
1260145,1260145,2083334
1260723,1260723,2083334
1261973,1261973,2083334
1262068,1262068,2083334
1262115,1262115,2083334
1262338,1262338,2083334
1264026,1264026,2083334
1267192,1267192,2083334
1267395,1267395,2083334
1267585,1267585,2083334
1267768,1267768,2083334
1268055,1268055,2083334
1268287,1268287,2083334
1270011,1270011,2083334
1270183,1270183,2083334
1270215,1270215,2083334
1270564,1270564,2083334
1272595,1272595,2083334
1272616,1272616,2083334
1272748,1272748,2083334
1274503,1274503,2083334
1275005,1275005,2083334
1275045,1275045,2083334
1275736,1275736,2083334
1276995,1276995,2083334
1277259,1277259,2083334
1277840,1277840,2083334
1278843,1278843,2083334
1279237,1279237,2083334
1280035,1280035,2083334
1280351,1280351,2083334
1280425,1280425,2083334
1280801,1280801,2083334
1281627,1281627,2083334
1281723,1281723,2083334
1281862,1281862,2083334
1282122,1282122,2083334
1282313,1282313,2083334
1283402,1283402,2083334
1283591,1283591,2083334
1284307,1284307,2083334
1284897,1284897,2083334
1286212,1286212,2083334
1286538,1286538,2083334
1287609,1287609,2083334
1288151,1288151,2083334
1288253,1288253,2083334
1288720,1288720,2083334
1289053,1289053,2083334
1289490,1289490,2083334
1289758,1289758,2083334
1289819,1289819,2083334
1290531,1290531,2083334
1290545,1290545,2083334
1291989,1291989,2083334
1293765,1293765,2083334
1294355,1294355,2083334
1294833,1294833,2083334
1294906,1294906,2083334
1295006,1295006,2083334
1295040,1295040,2083334
1295106,1295106,2083334
1295355,1295355,2083334
1295467,1295467,2083334
1295957,1295957,2083334
1296477,1296477,2083334
1297050,1297050,2083334
1297115,1297115,2083334
1297896,1297896,2083334
1297941,1297941,2083334
1298355,1298355,2083334
1298845,1298845,2083334
1299748,1299748,2083334
1301387,1301387,2083334
1301655,1301655,2083334
1301747,1301747,2083334
1301802,1301802,2083334
1302176,1302176,2083334
1302690,1302690,2083334
1302992,1302992,2083334
1303879,1303879,2083334
1303891,1303891,2083334
1304667,1304667,2083334
1305735,1305735,2083334
1306185,1306185,2083334
1306214,1306214,2083334
1306294,1306294,2083334
1306528,1306528,2083334
1306531,1306531,2083334
1307211,1307211,2083334
1307983,1307983,2083334
1310018,1310018,2083334
1310763,1310763,2083334
1311408,1311408,2083334
1312455,1312455,2083334
1312650,1312650,2083334
1314789,1314789,2083334
1316093,1316093,2083334
1316195,1316195,2083334
1317352,1317352,2083334
1317624,1317624,2083334
1317939,1317939,2083334
1318395,1318395,2083334
1318616,1318616,2083334
1318733,1318733,2083334
1319200,1319200,2083334
1319446,1319446,2083334
1319719,1319719,2083334
1319736,1319736,2083334
1319957,1319957,2083334
1320031,1320031,2083334
1321408,1321408,2083334
1322915,1322915,2083334
1323147,1323147,2083334
1323212,1323212,2083334
1324803,1324803,2083334
1325138,1325138,2083334
1325143,1325143,2083334
1325220,1325220,2083334
1325231,1325231,2083334
1325406,1325406,2083334
1325609,1325609,2083334
1325623,1325623,2083334
1325903,1325903,2083334
1326630,1326630,2083334
1326630,1326630,2083334
1327514,1327514,2083334
1327532,1327532,2083334
1327533,1327533,2083334
1328736,1328736,2083334
1329304,1329304,2083334
1329512,1329512,2083334
1329558,1329558,2083334
1330096,1330096,2083334
1330167,1330167,2083334
1331282,1331282,2083334
1331386,1331386,2083334
1332118,1332118,2083334
1332492,1332492,2083334
1333715,1333715,2083334
1334260,1334260,2083334
1334747,1334747,2083334
1335459,1335459,2083334
1335489,1335489,2083334
1336567,1336567,2083334
1337254,1337254,2083334
1337773,1337773,2083334
1338628,1338628,2083334
1338955,1338955,2083334
1339292,1339292,2083334
1339350,1339350,2083334
1339863,1339863,2083334
1339899,1339899,2083334
1339962,1339962,2083334
1340965,1340965,2083334
1341456,1341456,2083334
1341748,1341748,2083334
1342360,1342360,2083334
1342692,1342692,2083334
1343221,1343221,2083334
1343885,1343885,2083334
1344364,1344364,2083334
1344871,1344871,2083334
1345950,1345950,2083334
1346239,1346239,2083334
1346305,1346305,2083334
1347475,1347475,2083334
1348067,1348067,2083334
1348198,1348198,2083334
1348231,1348231,2083334
1349975,1349975,2083334
1350973,1350973,2083334
1351173,1351173,2083334
1351186,1351186,2083334
1351431,1351431,2083334
1351523,1351523,2083334
1352128,1352128,2083334
1352318,1352318,2083334
1353066,1353066,2083334
1353582,1353582,2083334
1354446,1354446,2083334
1354681,1354681,2083334
1354994,1354994,2083334
1355891,1355891,2083334
1357619,1357619,2083334
1357757,1357757,2083334
1358281,1358281,2083334
1358301,1358301,2083334
1358650,1358650,2083334
1359830,1359830,2083334
1359919,1359919,2083334
1359935,1359935,2083334
1360197,1360197,2083334
1360268,1360268,2083334
1360523,1360523,2083334
1360743,1360743,2083334
1361064,1361064,2083334
1361489,1361489,2083334
1362079,1362079,2083334
1362563,1362563,2083334
1362568,1362568,2083334
1363985,1363985,2083334
1364435,1364435,2083334
1364867,1364867,2083334
1364878,1364878,2083334
1364989,1364989,2083334
1365051,1365051,2083334
1365169,1365169,2083334
1365236,1365236,2083334
1365531,1365531,2083334
1365692,1365692,2083334
1366503,1366503,2083334
1366563,1366563,2083334
1367469,1367469,2083334
1367806,1367806,2083334
1368506,1368506,2083334
1369951,1369951,2083334
1371187,1371187,2083334
1371194,1371194,2083334
1373985,1373985,2083334
1374028,1374028,2083334
1374257,1374257,2083334
1374491,1374491,2083334
1376149,1376149,2083334
1377017,1377017,2083334
1377207,1377207,2083334
1377759,1377759,2083334
1378987,1378987,2083334
1379326,1379326,2083334
1379469,1379469,2083334
1379734,1379734,2083334
1380138,1380138,2083334
1380275,1380275,2083334
1380679,1380679,2083334
1381053,1381053,2083334
1381287,1381287,2083334
1381291,1381291,2083334
1381307,1381307,2083334
1382242,1382242,2083334
1384139,1384139,2083334
1385733,1385733,2083334
1385922,1385922,2083334
1386614,1386614,2083334
1387115,1387115,2083334
1387199,1387199,2083334
1387387,1387387,2083334
1387533,1387533,2083334
1387729,1387729,2083334
1388209,1388209,2083334
1388606,1388606,2083334
1388701,1388701,2083334
1388871,1388871,2083334
1388885,1388885,2083334
1390140,1390140,2083334
1391054,1391054,2083334
1392041,1392041,2083334
1392792,1392792,2083334
1394160,1394160,2083334
1394541,1394541,2083334
1394583,1394583,2083334
1394685,1394685,2083334
1394878,1394878,2083334
1395334,1395334,2083334
1397112,1397112,2083334
1398254,1398254,2083334
1398316,1398316,2083334
1398825,1398825,2083334
1399406,1399406,2083334
1399609,1399609,2083334
1400016,1400016,2083334
1400595,1400595,2083334
1401125,1401125,2083334
1401483,1401483,2083334
1401852,1401852,2083334
1401908,1401908,2083334
1402086,1402086,2083334
1402238,1402238,2083334
1402585,1402585,2083334
1403105,1403105,2083334
1403164,1403164,2083334
1403421,1403421,2083334
1406075,1406075,2083334
1406254,1406254,2083334
1407302,1407302,2083334
1407526,1407526,2083334
1407838,1407838,2083334
1408045,1408045,2083334
1408655,1408655,2083334
1411000,1411000,2083334
1411959,1411959,2083334
1413043,1413043,2083334
1414281,1414281,2083334
1414428,1414428,2083334
1415490,1415490,2083334
1416710,1416710,2083334
1417070,1417070,2083334
1417094,1417094,2083334
1417216,1417216,2083334
1417232,1417232,2083334
1418452,1418452,2083334
1418461,1418461,2083334
1418949,1418949,2083334
1419598,1419598,2083334
1419600,1419600,2083334
1419869,1419869,2083334
1421152,1421152,2083334
1424098,1424098,2083334
1424793,1424793,2083334
1424978,1424978,2083334
1425199,1425199,2083334
1425322,1425322,2083334
1425748,1425748,2083334
1426297,1426297,2083334
1426498,1426498,2083334
1426628,1426628,2083334
1427551,1427551,2083334
1427636,1427636,2083334
1428035,1428035,2083334
1428358,1428358,2083334
1429468,1429468,2083334
1430192,1430192,2083334
1430476,1430476,2083334
1430783,1430783,2083334
1432217,1432217,2083334
1432605,1432605,2083334
1434740,1434740,2083334
1434759,1434759,2083334
1434798,1434798,2083334
1435072,1435072,2083334
1435771,1435771,2083334
1435840,1435840,2083334
1436158,1436158,2083334
1436470,1436470,2083334
1436745,1436745,2083334
1436758,1436758,2083334
1437465,1437465,2083334
1438118,1438118,2083334
1438615,1438615,2083334
1440045,1440045,2083334
1440426,1440426,2083334
1440885,1440885,2083334
1441024,1441024,2083334
1441051,1441051,2083334
1441423,1441423,2083334
1442560,1442560,2083334
1443197,1443197,2083334
1444350,1444350,2083334
1444415,1444415,2083334
1445253,1445253,2083334
1445327,1445327,2083334
1445613,1445613,2083334
1446653,1446653,2083334
1446816,1446816,2083334
1447140,1447140,2083334
1447512,1447512,2083334
1449144,1449144,2083334
1449624,1449624,2083334
1450201,1450201,2083334
1450330,1450330,2083334
1451378,1451378,2083334
1452513,1452513,2083334
1453462,1453462,2083334
1454428,1454428,2083334
1454792,1454792,2083334
1455824,1455824,2083334
1456137,1456137,2083334
1456575,1456575,2083334
1457483,1457483,2083334
1457510,1457510,2083334
1457767,1457767,2083334
1458402,1458402,2083334
1458756,1458756,2083334
1459073,1459073,2083334
1459184,1459184,2083334
1460370,1460370,2083334
1460734,1460734,2083334
1461321,1461321,2083334
1461650,1461650,2083334
1461941,1461941,2083334
1463025,1463025,2083334
1463476,1463476,2083334
1464475,1464475,2083334
1464523,1464523,2083334
1464978,1464978,2083334
1465244,1465244,2083334
1465301,1465301,2083334
1466004,1466004,2083334
1467638,1467638,2083334
1467676,1467676,2083334
1468715,1468715,2083334
1468795,1468795,2083334
1470284,1470284,2083334
1470345,1470345,2083334
1470871,1470871,2083334
1471177,1471177,2083334
1471754,1471754,2083334
1472887,1472887,2083334
1473624,1473624,2083334
1473927,1473927,2083334
1474384,1474384,2083334
1476181,1476181,2083334
1476556,1476556,2083334
1476565,1476565,2083334
1476895,1476895,2083334
1477425,1477425,2083334
1478328,1478328,2083334
1478657,1478657,2083334
1479288,1479288,2083334
1479309,1479309,2083334
1479646,1479646,2083334
1480027,1480027,2083334
1480153,1480153,2083334
1480879,1480879,2083334
1480993,1480993,2083334
1481067,1481067,2083334
1481339,1481339,2083334
1481590,1481590,2083334
1481635,1481635,2083334
1481924,1481924,2083334
1482042,1482042,2083334
1482322,1482322,2083334
1482328,1482328,2083334
1482393,1482393,2083334
1482824,1482824,2083334
1483708,1483708,2083334
1484703,1484703,2083334
1484887,1484887,2083334
1484926,1484926,2083334
1485039,1485039,2083334
1486240,1486240,2083334
1486682,1486682,2083334
1486733,1486733,2083334
1486836,1486836,2083334
1486893,1486893,2083334
1487548,1487548,2083334
1487585,1487585,2083334
1488273,1488273,2083334
1488774,1488774,2083334
1488791,1488791,2083334
1489968,1489968,2083334
1490208,1490208,2083334
1490393,1490393,2083334
1490743,1490743,2083334
1490970,1490970,2083334
1491513,1491513,2083334
1491652,1491652,2083334
1491813,1491813,2083334
1491868,1491868,2083334
1492066,1492066,2083334
1492254,1492254,2083334
1492502,1492502,2083334
1493935,1493935,2083334
1494230,1494230,2083334
1494383,1494383,2083334
1494778,1494778,2083334
1495440,1495440,2083334
1495513,1495513,2083334
1496247,1496247,2083334
1497028,1497028,2083334
1497213,1497213,2083334
1498089,1498089,2083334
1499305,1499305,2083334
1499713,1499713,2083334
1500158,1500158,2083334
1501276,1501276,2083334
1501626,1501626,2083334
1502307,1502307,2083334
1502436,1502436,2083334
1502559,1502559,2083334
1502618,1502618,2083334
1502710,1502710,2083334
1502967,1502967,2083334
1503009,1503009,2083334
1503630,1503630,2083334
1503819,1503819,2083334
1504910,1504910,2083334
1505106,1505106,2083334
1505283,1505283,2083334
1505846,1505846,2083334
1505898,1505898,2083334
1510062,1510062,2083334
1510125,1510125,2083334
1510152,1510152,2083334
1510233,1510233,2083334
1510284,1510284,2083334
1510989,1510989,2083334
1511074,1511074,2083334
1511724,1511724,2083334
1512818,1512818,2083334
1513473,1513473,2083334
1513962,1513962,2083334
1514490,1514490,2083334
1515571,1515571,2083334
1515656,1515656,2083334
1516035,1516035,2083334
1516741,1516741,2083334
1516854,1516854,2083334
1516862,1516862,2083334
1516903,1516903,2083334
1517296,1517296,2083334
1517357,1517357,2083334
1518812,1518812,2083334
1520036,1520036,2083334
1521254,1521254,2083334
1521616,1521616,2083334
1522043,1522043,2083334
1522545,1522545,2083334
1522695,1522695,2083334
1522741,1522741,2083334
1522750,1522750,2083334
1523099,1523099,2083334
1523281,1523281,2083334
1523565,1523565,2083334
1523625,1523625,2083334
1523713,1523713,2083334
1523794,1523794,2083334
1523987,1523987,2083334
1524137,1524137,2083334
1524724,1524724,2083334
1524746,1524746,2083334
1525263,1525263,2083334
1525630,1525630,2083334
1526573,1526573,2083334
1527649,1527649,2083334
1527881,1527881,2083334
1529358,1529358,2083334
1530238,1530238,2083334
1530459,1530459,2083334
1531390,1531390,2083334
1532197,1532197,2083334
1532784,1532784,2083334
1533348,1533348,2083334
1533919,1533919,2083334
1534076,1534076,2083334
1534128,1534128,2083334
1534857,1534857,2083334
1535668,1535668,2083334
1535672,1535672,2083334
1536021,1536021,2083334
1536323,1536323,2083334
1536358,1536358,2083334
1536476,1536476,2083334
1536650,1536650,2083334
1537832,1537832,2083334
1538002,1538002,2083334
1538014,1538014,2083334
1538481,1538481,2083334
1538597,1538597,2083334
1539296,1539296,2083334
1539790,1539790,2083334
1540266,1540266,2083334
1540358,1540358,2083334
1540891,1540891,2083334
1540975,1540975,2083334
1541222,1541222,2083334
1541548,1541548,2083334
1541708,1541708,2083334
1541987,1541987,2083334
1542369,1542369,2083334
1542642,1542642,2083334
1542999,1542999,2083334
1543155,1543155,2083334
1543391,1543391,2083334
1543519,1543519,2083334
1544340,1544340,2083334
1544668,1544668,2083334
1545151,1545151,2083334
1545655,1545655,2083334
1545744,1545744,2083334
1545973,1545973,2083334
1546143,1546143,2083334
1547922,1547922,2083334
1548270,1548270,2083334
1548727,1548727,2083334
1549021,1549021,2083334
1551473,1551473,2083334
1551853,1551853,2083334
1551940,1551940,2083334
1551988,1551988,2083334
1552131,1552131,2083334
1552572,1552572,2083334
1552664,1552664,2083334
1552929,1552929,2083334
1554666,1554666,2083334
1555327,1555327,2083334
1555422,1555422,2083334
1555508,1555508,2083334
1555790,1555790,2083334
1555901,1555901,2083334
1556218,1556218,2083334
1556402,1556402,2083334
1556881,1556881,2083334
1558117,1558117,2083334
1558946,1558946,2083334
1559034,1559034,2083334
1559462,1559462,2083334
1561006,1561006,2083334
1561502,1561502,2083334
1561944,1561944,2083334
1562657,1562657,2083334
1565781,1565781,2083334
1565801,1565801,2083334
1565878,1565878,2083334
1566341,1566341,2083334
1567000,1567000,2083334
1567173,1567173,2083334
1567476,1567476,2083334
1568113,1568113,2083334
1568113,1568113,2083334
1569184,1569184,2083334
1569331,1569331,2083334
1569370,1569370,2083334
1569461,1569461,2083334
1569603,1569603,2083334
1569614,1569614,2083334
1569710,1569710,2083334
1570316,1570316,2083334
1571785,1571785,2083334
1572851,1572851,2083334
1572916,1572916,2083334
1573156,1573156,2083334
1573588,1573588,2083334
1574602,1574602,2083334
1575063,1575063,2083334
1575301,1575301,2083334
1575491,1575491,2083334
1576809,1576809,2083334
1577209,1577209,2083334
1577454,1577454,2083334
1577748,1577748,2083334
1578399,1578399,2083334
1578788,1578788,2083334
1578977,1578977,2083334
1579785,1579785,2083334
1580024,1580024,2083334
1581036,1581036,2083334
1581342,1581342,2083334
1582504,1582504,2083334
1583230,1583230,2083334
1583509,1583509,2083334
1583652,1583652,2083334
1584213,1584213,2083334
1584241,1584241,2083334
1584460,1584460,2083334
1584969,1584969,2083334
1585141,1585141,2083334
1585326,1585326,2083334
1585707,1585707,2083334
1585819,1585819,2083334
1586788,1586788,2083334
1586948,1586948,2083334
1587293,1587293,2083334
1587723,1587723,2083334
1588453,1588453,2083334
1588629,1588629,2083334
1589218,1589218,2083334
1589577,1589577,2083334
1589662,1589662,2083334
1590408,1590408,2083334
1590894,1590894,2083334
1591840,1591840,2083334
1592585,1592585,2083334
1593028,1593028,2083334
1593549,1593549,2083334
1593602,1593602,2083334
1594208,1594208,2083334
1594211,1594211,2083334
1594458,1594458,2083334
1594491,1594491,2083334
1594762,1594762,2083334
1595391,1595391,2083334
1595478,1595478,2083334
1596381,1596381,2083334
1596684,1596684,2083334
1598242,1598242,2083334
1598558,1598558,2083334
1599441,1599441,2083334
1599579,1599579,2083334
1600973,1600973,2083334
1601330,1601330,2083334
1602204,1602204,2083334
1603492,1603492,2083334
1605295,1605295,2083334
1605510,1605510,2083334
1605627,1605627,2083334
1605671,1605671,2083334
1605944,1605944,2083334
1606287,1606287,2083334
1606883,1606883,2083334
1607888,1607888,2083334
1608219,1608219,2083334
1608252,1608252,2083334
1608638,1608638,2083334
1609644,1609644,2083334
1609952,1609952,2083334
1610157,1610157,2083334
1610378,1610378,2083334
1610729,1610729,2083334
1612226,1612226,2083334
1614952,1614952,2083334
1615570,1615570,2083334
1616701,1616701,2083334
1617453,1617453,2083334
1617732,1617732,2083334
1617824,1617824,2083334
1618419,1618419,2083334
1618446,1618446,2083334
1618692,1618692,2083334
1619512,1619512,2083334
1619778,1619778,2083334
1619874,1619874,2083334
1620298,1620298,2083334
1620503,1620503,2083334
1620974,1620974,2083334
1621187,1621187,2083334
1622790,1622790,2083334
1622843,1622843,2083334
1623151,1623151,2083334
1623482,1623482,2083334
1625040,1625040,2083334
1625572,1625572,2083334
1626514,1626514,2083334
1627022,1627022,2083334
1627435,1627435,2083334
1627811,1627811,2083334
1627831,1627831,2083334
1627874,1627874,2083334
1628146,1628146,2083334
1630239,1630239,2083334
1631752,1631752,2083334
1632100,1632100,2083334
1632200,1632200,2083334
1632416,1632416,2083334
1632462,1632462,2083334
1632598,1632598,2083334
1632658,1632658,2083334
1632878,1632878,2083334
1633984,1633984,2083334
1634109,1634109,2083334
1634434,1634434,2083334
1634846,1634846,2083334
1634968,1634968,2083334
1637159,1637159,2083334
1637328,1637328,2083334
1638042,1638042,2083334
1638075,1638075,2083334
1639473,1639473,2083334
1640937,1640937,2083334
1640977,1640977,2083334
1641260,1641260,2083334
1642983,1642983,2083334
1643566,1643566,2083334
1644509,1644509,2083334
1644549,1644549,2083334
1644643,1644643,2083334
1644670,1644670,2083334
1645089,1645089,2083334
1646348,1646348,2083334
1646710,1646710,2083334
1647423,1647423,2083334
1647544,1647544,2083334
1649116,1649116,2083334
1650343,1650343,2083334
1650516,1650516,2083334
1652000,1652000,2083334
1652196,1652196,2083334
1652395,1652395,2083334
1652425,1652425,2083334
1652784,1652784,2083334
1652892,1652892,2083334
1653640,1653640,2083334
1654462,1654462,2083334
1655551,1655551,2083334
1655852,1655852,2083334
1656069,1656069,2083334
1656431,1656431,2083334
1656820,1656820,2083334
1657185,1657185,2083334
1657290,1657290,2083334
1657290,1657290,2083334
1657539,1657539,2083334
1657762,1657762,2083334
1658247,1658247,2083334
1659485,1659485,2083334
1659773,1659773,2083334
1660074,1660074,2083334
1660246,1660246,2083334
1660305,1660305,2083334
1660394,1660394,2083334
1660459,1660459,2083334
1661582,1661582,2083334
1661889,1661889,2083334
1661986,1661986,2083334
1662189,1662189,2083334
1663014,1663014,2083334
1663510,1663510,2083334
1663555,1663555,2083334
1664711,1664711,2083334
1665003,1665003,2083334
1665555,1665555,2083334
1665571,1665571,2083334
1665618,1665618,2083334
1666182,1666182,2083334
1666896,1666896,2083334
1668545,1668545,2083334
1668963,1668963,2083334
1669139,1669139,2083334
1669630,1669630,2083334
1669853,1669853,2083334
1670172,1670172,2083334
1670194,1670194,2083334
1670298,1670298,2083334
1670568,1670568,2083334
1670913,1670913,2083334
1670918,1670918,2083334
1670998,1670998,2083334
1671812,1671812,2083334
1671813,1671813,2083334
1671876,1671876,2083334
1672121,1672121,2083334
1672463,1672463,2083334
1672754,1672754,2083334
1673024,1673024,2083334
1673225,1673225,2083334
1673433,1673433,2083334
1673935,1673935,2083334
1674161,1674161,2083334
1674198,1674198,2083334
1674220,1674220,2083334
1674536,1674536,2083334
1674667,1674667,2083334
1674881,1674881,2083334
1674961,1674961,2083334
1675120,1675120,2083334
1675421,1675421,2083334
1675654,1675654,2083334
1676098,1676098,2083334
1676119,1676119,2083334
1676265,1676265,2083334
1676430,1676430,2083334
1677207,1677207,2083334
1678903,1678903,2083334
1678945,1678945,2083334
1679808,1679808,2083334
1679906,1679906,2083334
1679962,1679962,2083334
1680235,1680235,2083334
1680464,1680464,2083334
1680640,1680640,2083334
1681106,1681106,2083334
1681177,1681177,2083334
1681359,1681359,2083334
1681564,1681564,2083334
1681605,1681605,2083334
1682551,1682551,2083334
1682562,1682562,2083334
1683827,1683827,2083334
1683837,1683837,2083334
1685528,1685528,2083334
1685955,1685955,2083334
1686731,1686731,2083334
1687447,1687447,2083334
1687730,1687730,2083334
1688137,1688137,2083334
1689973,1689973,2083334
1691519,1691519,2083334
1694675,1694675,2083334
1694911,1694911,2083334
1695088,1695088,2083334
1695125,1695125,2083334
1695807,1695807,2083334
1696132,1696132,2083334
1697439,1697439,2083334
1697599,1697599,2083334
1697795,1697795,2083334
1697825,1697825,2083334
1698223,1698223,2083334
1699946,1699946,2083334
1701234,1701234,2083334
1702804,1702804,2083334
1702849,1702849,2083334
1702988,1702988,2083334
1704422,1704422,2083334
1704553,1704553,2083334
1704832,1704832,2083334
1705132,1705132,2083334
1706302,1706302,2083334
1706640,1706640,2083334
1707214,1707214,2083334
1708090,1708090,2083334
1708293,1708293,2083334
1709226,1709226,2083334
1710111,1710111,2083334
1710161,1710161,2083334
1710818,1710818,2083334
1711372,1711372,2083334
1711587,1711587,2083334
1711786,1711786,2083334
1712688,1712688,2083334
1713665,1713665,2083334
1715454,1715454,2083334
1715660,1715660,2083334
1716561,1716561,2083334
1716562,1716562,2083334
1717686,1717686,2083334
1718943,1718943,2083334
1719646,1719646,2083334
1719829,1719829,2083334
1720420,1720420,2083334
1720549,1720549,2083334
1721014,1721014,2083334
1721988,1721988,2083334
1726061,1726061,2083334
1726980,1726980,2083334
1727568,1727568,2083334
1728035,1728035,2083334
1731439,1731439,2083334
1731965,1731965,2083334
1732689,1732689,2083334
1733118,1733118,2083334
1734012,1734012,2083334
1734376,1734376,2083334
1734934,1734934,2083334
1735206,1735206,2083334
1735347,1735347,2083334
1735895,1735895,2083334
1735938,1735938,2083334
1736107,1736107,2083334
1738395,1738395,2083334
1738432,1738432,2083334
1738472,1738472,2083334
1738688,1738688,2083334
1738915,1738915,2083334
1739714,1739714,2083334
1740231,1740231,2083334
1740651,1740651,2083334
1741406,1741406,2083334
1741757,1741757,2083334
1741968,1741968,2083334
1741972,1741972,2083334
1742136,1742136,2083334
1743183,1743183,2083334
1744686,1744686,2083334
1744703,1744703,2083334
1745451,1745451,2083334
1746272,1746272,2083334
1746600,1746600,2083334
1747303,1747303,2083334
1747424,1747424,2083334
1747924,1747924,2083334
1747924,1747924,2083334
1748287,1748287,2083334
1749356,1749356,2083334
1750455,1750455,2083334
1750689,1750689,2083334
1751968,1751968,2083334
1752092,1752092,2083334
1752500,1752500,2083334
1752940,1752940,2083334
1753972,1753972,2083334
1754177,1754177,2083334
1754536,1754536,2083334
1754736,1754736,2083334
1754805,1754805,2083334
1755409,1755409,2083334
1755622,1755622,2083334
1756007,1756007,2083334
1756652,1756652,2083334
1756783,1756783,2083334
1757672,1757672,2083334
1757673,1757673,2083334
1758288,1758288,2083334
1758484,1758484,2083334
1758700,1758700,2083334
1758865,1758865,2083334
1758941,1758941,2083334
1759069,1759069,2083334
1760481,1760481,2083334
1760934,1760934,2083334
1761432,1761432,2083334
1761535,1761535,2083334
1763478,1763478,2083334
1763522,1763522,2083334
1763645,1763645,2083334
1764508,1764508,2083334
1764790,1764790,2083334
1765595,1765595,2083334
1765850,1765850,2083334
1766224,1766224,2083334
1766253,1766253,2083334
1766564,1766564,2083334
1767044,1767044,2083334
1767275,1767275,2083334
1767411,1767411,2083334
1768217,1768217,2083334
1768377,1768377,2083334
1769540,1769540,2083334
1770309,1770309,2083334
1770689,1770689,2083334
1771661,1771661,2083334
1772175,1772175,2083334
1773844,1773844,2083334
1774131,1774131,2083334
1774653,1774653,2083334
1775113,1775113,2083334
1776031,1776031,2083334
1776325,1776325,2083334
1776366,1776366,2083334
1776610,1776610,2083334
1776665,1776665,2083334
1777252,1777252,2083334
1777548,1777548,2083334
1777825,1777825,2083334
1778560,1778560,2083334
1779799,1779799,2083334
1780641,1780641,2083334
1780815,1780815,2083334
1781152,1781152,2083334
1781447,1781447,2083334
1781459,1781459,2083334
1782268,1782268,2083334
1782760,1782760,2083334
1783251,1783251,2083334
1783893,1783893,2083334
1784068,1784068,2083334
1784345,1784345,2083334
1785219,1785219,2083334
1785354,1785354,2083334
1785524,1785524,2083334
1785681,1785681,2083334
1785926,1785926,2083334
1786892,1786892,2083334
1787264,1787264,2083334
1787680,1787680,2083334
1787827,1787827,2083334
1788159,1788159,2083334
1788210,1788210,2083334
1788665,1788665,2083334
1788752,1788752,2083334
1789241,1789241,2083334
1789780,1789780,2083334
1791733,1791733,2083334
1792337,1792337,2083334
1792998,1792998,2083334
1793308,1793308,2083334
1793783,1793783,2083334
1794001,1794001,2083334
1795858,1795858,2083334
1796222,1796222,2083334
1796974,1796974,2083334
1797645,1797645,2083334
1797794,1797794,2083334
1797856,1797856,2083334
1798996,1798996,2083334
1799985,1799985,2083334
1800931,1800931,2083334
1801217,1801217,2083334
1802143,1802143,2083334
1802318,1802318,2083334
1804513,1804513,2083334
1804672,1804672,2083334
1806576,1806576,2083334
1806662,1806662,2083334
1807328,1807328,2083334
1807838,1807838,2083334
1808198,1808198,2083334
1808448,1808448,2083334
1808660,1808660,2083334
1809016,1809016,2083334
1809388,1809388,2083334
1809461,1809461,2083334
1809676,1809676,2083334
1809968,1809968,2083334
1811524,1811524,2083334
1811783,1811783,2083334
1812007,1812007,2083334
1812074,1812074,2083334
1812277,1812277,2083334
1812641,1812641,2083334
1812860,1812860,2083334
1814524,1814524,2083334
1814723,1814723,2083334
1815046,1815046,2083334
1816140,1816140,2083334
1816310,1816310,2083334
1816488,1816488,2083334
1816681,1816681,2083334
1816948,1816948,2083334
1818111,1818111,2083334
1818186,1818186,2083334
1818352,1818352,2083334
1818578,1818578,2083334
1820997,1820997,2083334
1821321,1821321,2083334
1821899,1821899,2083334
1822869,1822869,2083334
1823521,1823521,2083334
1823935,1823935,2083334
1824090,1824090,2083334
1824266,1824266,2083334
1824646,1824646,2083334
1825335,1825335,2083334
1825712,1825712,2083334
1825724,1825724,2083334
1826776,1826776,2083334
1826790,1826790,2083334
1827541,1827541,2083334
1830408,1830408,2083334
1830408,1830408,2083334
1830597,1830597,2083334
1831150,1831150,2083334
1831166,1831166,2083334
1831338,1831338,2083334
1831865,1831865,2083334
1832030,1832030,2083334
1832228,1832228,2083334
1833227,1833227,2083334
1834899,1834899,2083334
1835836,1835836,2083334
1836848,1836848,2083334
1839778,1839778,2083334
1840139,1840139,2083334
1840171,1840171,2083334
1840587,1840587,2083334
1840592,1840592,2083334
1840948,1840948,2083334
1841414,1841414,2083334
1841918,1841918,2083334
1842022,1842022,2083334
1842154,1842154,2083334
1843197,1843197,2083334
1843218,1843218,2083334
1843357,1843357,2083334
1844066,1844066,2083334
1844432,1844432,2083334
1844602,1844602,2083334
1844699,1844699,2083334
1844893,1844893,2083334
1845191,1845191,2083334
1846384,1846384,2083334
1847775,1847775,2083334
1847784,1847784,2083334
1847980,1847980,2083334
1848068,1848068,2083334
1849108,1849108,2083334
1849758,1849758,2083334
1849888,1849888,2083334
1850063,1850063,2083334
1850200,1850200,2083334
1850318,1850318,2083334
1850504,1850504,2083334
1850656,1850656,2083334
1850875,1850875,2083334
1850946,1850946,2083334
1851855,1851855,2083334
1852581,1852581,2083334
1852860,1852860,2083334
1852955,1852955,2083334
1853789,1853789,2083334
1854337,1854337,2083334
1854607,1854607,2083334
1855287,1855287,2083334
1855916,1855916,2083334
1856146,1856146,2083334
1857958,1857958,2083334
1858038,1858038,2083334
1858455,1858455,2083334
1858637,1858637,2083334
1858732,1858732,2083334
1859078,1859078,2083334
1859176,1859176,2083334
1861477,1861477,2083334
1861557,1861557,2083334
1861599,1861599,2083334
1861750,1861750,2083334
1862047,1862047,2083334
1864098,1864098,2083334
1864603,1864603,2083334
1864864,1864864,2083334
1865052,1865052,2083334
1865357,1865357,2083334
1865966,1865966,2083334
1867208,1867208,2083334
1867268,1867268,2083334
1867601,1867601,2083334
1868504,1868504,2083334
1868603,1868603,2083334
1869019,1869019,2083334
1869428,1869428,2083334
1869889,1869889,2083334
1871503,1871503,2083334
1871848,1871848,2083334
1872293,1872293,2083334
1872421,1872421,2083334
1874296,1874296,2083334
1874888,1874888,2083334
1876400,1876400,2083334
1876446,1876446,2083334
1876927,1876927,2083334
1877683,1877683,2083334
1878173,1878173,2083334
1878189,1878189,2083334
1878197,1878197,2083334
1879716,1879716,2083334
1880619,1880619,2083334
1880839,1880839,2083334
1881215,1881215,2083334
1882924,1882924,2083334
1883389,1883389,2083334
1883427,1883427,2083334
1884827,1884827,2083334
1886279,1886279,2083334
1886414,1886414,2083334
1886722,1886722,2083334
1887811,1887811,2083334
1888178,1888178,2083334
1889079,1889079,2083334
1889639,1889639,2083334
1889854,1889854,2083334
1889898,1889898,2083334
1890033,1890033,2083334
1890128,1890128,2083334
1890427,1890427,2083334
1890556,1890556,2083334
1890935,1890935,2083334
1890949,1890949,2083334
1891542,1891542,2083334
1892004,1892004,2083334
1892061,1892061,2083334
1892599,1892599,2083334
1892824,1892824,2083334
1892870,1892870,2083334
1894658,1894658,2083334
1894894,1894894,2083334
1895005,1895005,2083334
1895421,1895421,2083334
1896723,1896723,2083334
1897877,1897877,2083334
1899327,1899327,2083334
1899488,1899488,2083334
1899496,1899496,2083334
1899663,1899663,2083334
1900098,1900098,2083334
1900484,1900484,2083334
1901490,1901490,2083334
1901788,1901788,2083334
1902702,1902702,2083334
1902711,1902711,2083334
1903075,1903075,2083334
1903318,1903318,2083334
1903507,1903507,2083334
1903747,1903747,2083334
1903884,1903884,2083334
1904161,1904161,2083334
1904314,1904314,2083334
1904439,1904439,2083334
1905535,1905535,2083334
1906076,1906076,2083334
1906605,1906605,2083334
1906890,1906890,2083334
1908143,1908143,2083334
1908850,1908850,2083334
1908980,1908980,2083334
1909035,1909035,2083334
1909384,1909384,2083334
1909698,1909698,2083334
1909745,1909745,2083334
1910070,1910070,2083334
1910747,1910747,2083334
1911872,1911872,2083334
1911913,1911913,2083334
1912377,1912377,2083334
1912815,1912815,2083334
1914917,1914917,2083334
1916179,1916179,2083334
1916516,1916516,2083334
1916725,1916725,2083334
1916759,1916759,2083334
1917683,1917683,2083334
1918298,1918298,2083334
1918431,1918431,2083334
1919417,1919417,2083334
1921245,1921245,2083334
1921444,1921444,2083334
1921862,1921862,2083334
1922567,1922567,2083334
1923047,1923047,2083334
1923182,1923182,2083334
1923786,1923786,2083334
1924050,1924050,2083334
1924240,1924240,2083334
1924454,1924454,2083334
1924568,1924568,2083334
1925361,1925361,2083334
1925618,1925618,2083334
1926273,1926273,2083334
1926343,1926343,2083334
1926745,1926745,2083334
1929713,1929713,2083334
1930032,1930032,2083334
1930516,1930516,2083334
1931085,1931085,2083334
1932997,1932997,2083334
1933050,1933050,2083334
1933618,1933618,2083334
1934327,1934327,2083334
1934767,1934767,2083334
1935551,1935551,2083334
1936108,1936108,2083334
1936360,1936360,2083334
1936436,1936436,2083334
1937749,1937749,2083334
1938029,1938029,2083334
1939809,1939809,2083334
1939838,1939838,2083334
1940599,1940599,2083334
1940650,1940650,2083334
1940785,1940785,2083334
1940841,1940841,2083334
1941874,1941874,2083334
1942259,1942259,2083334
1942317,1942317,2083334
1942925,1942925,2083334
1943517,1943517,2083334
1944000,1944000,2083334
1944635,1944635,2083334
1945467,1945467,2083334
1945851,1945851,2083334
1945899,1945899,2083334
1945973,1945973,2083334
1947144,1947144,2083334
1947358,1947358,2083334
1947656,1947656,2083334
1948288,1948288,2083334
1949482,1949482,2083334
1950970,1950970,2083334
1951913,1951913,2083334
1952700,1952700,2083334
1953835,1953835,2083334
1954356,1954356,2083334
1956111,1956111,2083334
1957015,1957015,2083334
1958822,1958822,2083334
1959266,1959266,2083334
1960328,1960328,2083334
1960668,1960668,2083334
1961601,1961601,2083334
1962393,1962393,2083334
1962417,1962417,2083334
1962612,1962612,2083334
1962624,1962624,2083334
1962870,1962870,2083334
1962891,1962891,2083334
1963448,1963448,2083334
1963931,1963931,2083334
1964048,1964048,2083334
1964578,1964578,2083334
1964647,1964647,2083334
1965512,1965512,2083334
1965923,1965923,2083334
1966444,1966444,2083334
1966636,1966636,2083334
1966847,1966847,2083334
1967183,1967183,2083334
1967620,1967620,2083334
1967777,1967777,2083334
1969826,1969826,2083334
1970037,1970037,2083334
1971796,1971796,2083334
1971797,1971797,2083334
1971899,1971899,2083334
1972973,1972973,2083334
1973096,1973096,2083334
1973565,1973565,2083334
1973907,1973907,2083334
1974019,1974019,2083334
1975205,1975205,2083334
1975272,1975272,2083334
1975350,1975350,2083334
1975742,1975742,2083334
1975919,1975919,2083334
1976407,1976407,2083334
1976424,1976424,2083334
1978226,1978226,2083334
1978984,1978984,2083334
1980320,1980320,2083334
1980795,1980795,2083334
1980907,1980907,2083334
1980941,1980941,2083334
1981364,1981364,2083334
1981759,1981759,2083334
1981899,1981899,2083334
1982055,1982055,2083334
1982247,1982247,2083334
1982358,1982358,2083334
1982387,1982387,2083334
1982779,1982779,2083334
1983386,1983386,2083334
1983698,1983698,2083334
1984334,1984334,2083334
1984609,1984609,2083334
1985085,1985085,2083334
1986092,1986092,2083334
1986689,1986689,2083334
1987165,1987165,2083334
1988122,1988122,2083334
1988402,1988402,2083334
1988512,1988512,2083334
1988819,1988819,2083334
1989604,1989604,2083334
1989692,1989692,2083334
1989910,1989910,2083334
1990713,1990713,2083334
1990723,1990723,2083334
1991132,1991132,2083334
1991175,1991175,2083334
1991195,1991195,2083334
1991332,1991332,2083334
1992754,1992754,2083334
1993279,1993279,2083334
1993913,1993913,2083334
1994109,1994109,2083334
1994135,1994135,2083334
1994216,1994216,2083334
1994403,1994403,2083334
1996803,1996803,2083334
1997185,1997185,2083334
1998467,1998467,2083334
1998501,1998501,2083334
1998713,1998713,2083334
1999055,1999055,2083334
1999635,1999635,2083334
2001142,2001142,2083334
2001145,2001145,2083334
2001715,2001715,2083334
2002360,2002360,2083334
2002428,2002428,2083334
2003180,2003180,2083334
2003424,2003424,2083334
2003810,2003810,2083334
2003981,2003981,2083334
2004217,2004217,2083334
2004262,2004262,2083334
2004360,2004360,2083334
2005092,2005092,2083334
2005743,2005743,2083334
2006549,2006549,2083334
2008490,2008490,2083334
2008754,2008754,2083334
2009363,2009363,2083334
2009698,2009698,2083334
2009907,2009907,2083334
2010237,2010237,2083334
2011409,2011409,2083334
2012548,2012548,2083334
2014010,2014010,2083334
2014142,2014142,2083334
2014845,2014845,2083334
2015818,2015818,2083334
2016453,2016453,2083334
2016649,2016649,2083334
2016973,2016973,2083334
2018221,2018221,2083334
2019435,2019435,2083334
2019477,2019477,2083334
2019744,2019744,2083334
2020078,2020078,2083334
2020970,2020970,2083334
2021417,2021417,2083334
2021539,2021539,2083334
2021834,2021834,2083334
2023577,2023577,2083334
2023880,2023880,2083334
2025271,2025271,2083334
2025273,2025273,2083334
2026343,2026343,2083334
2026345,2026345,2083334
2026351,2026351,2083334
2026708,2026708,2083334
2028563,2028563,2083334
2028939,2028939,2083334
2029845,2029845,2083334
2030247,2030247,2083334
2030664,2030664,2083334
2030830,2030830,2083334
2030941,2030941,2083334
2030992,2030992,2083334
2031354,2031354,2083334
2031748,2031748,2083334
2032447,2032447,2083334
2032583,2032583,2083334
2033599,2033599,2083334
2034476,2034476,2083334
2034750,2034750,2083334
2035699,2035699,2083334
2038019,2038019,2083334
2038332,2038332,2083334
2038346,2038346,2083334
2039099,2039099,2083334
2039516,2039516,2083334
2040160,2040160,2083334
2040161,2040161,2083334
2040172,2040172,2083334
2040863,2040863,2083334
2041089,2041089,2083334
2041444,2041444,2083334
2041611,2041611,2083334
2042312,2042312,2083334
2042354,2042354,2083334
2043095,2043095,2083334
2043187,2043187,2083334
2043724,2043724,2083334
2043922,2043922,2083334
2044020,2044020,2083334
2044495,2044495,2083334
2045316,2045316,2083334
2046052,2046052,2083334
2046146,2046146,2083334
2046397,2046397,2083334
2046813,2046813,2083334
2048624,2048624,2083334
2048778,2048778,2083334
2049269,2049269,2083334
2049701,2049701,2083334
2050393,2050393,2083334
2051459,2051459,2083334
2051837,2051837,2083334
2052102,2052102,2083334
2052222,2052222,2083334
2053699,2053699,2083334
2054052,2054052,2083334
2054179,2054179,2083334
2054630,2054630,2083334
2055145,2055145,2083334
2055409,2055409,2083334
2055896,2055896,2083334
2056139,2056139,2083334
2056191,2056191,2083334
2057069,2057069,2083334
2057079,2057079,2083334
2057567,2057567,2083334
2057768,2057768,2083334
2058364,2058364,2083334
2058374,2058374,2083334
2058442,2058442,2083334
2060889,2060889,2083334
2060972,2060972,2083334
2061412,2061412,2083334
2061520,2061520,2083334
2061865,2061865,2083334
2061959,2061959,2083334
2062174,2062174,2083334
2062197,2062197,2083334
2062406,2062406,2083334
2062942,2062942,2083334
2063059,2063059,2083334
2063186,2063186,2083334
2065007,2065007,2083334
2065849,2065849,2083334
2066071,2066071,2083334
2066966,2066966,2083334
2067050,2067050,2083334
2067437,2067437,2083334
2068086,2068086,2083334
2068120,2068120,2083334
2068241,2068241,2083334
2068521,2068521,2083334
2069847,2069847,2083334
2070656,2070656,2083334
2071122,2071122,2083334
2073175,2073175,2083334
2073488,2073488,2083334
2074328,2074328,2083334
2075033,2075033,2083334
2075948,2075948,2083334
2076008,2076008,2083334
2076111,2076111,2083334
2076156,2076156,2083334
2077074,2077074,2083334
2077219,2077219,2083334
2077467,2077467,2083334
2077636,2077636,2083334
2077936,2077936,2083334
2078641,2078641,2083334
2078655,2078655,2083334
2078757,2078757,2083334
2078830,2078830,2083334
2079065,2079065,2083334
2079192,2079192,2083334
2081409,2081409,2083334
2081675,2081675,2083334
2081716,2081716,2083334
2081869,2081869,2083334
2083289,2083289,2083334
2083517,2083517,4025665
2083603,2083603,4025665
2083758,2083758,4025665
2084141,2084141,4025665
2084703,2084703,4025665
2084709,2084709,4025665
2084718,2084718,4025665
2084779,2084779,4025665
2085448,2085448,4025665
2086073,2086073,4025665
2086396,2086396,4025665
2087090,2087090,4025665
2087578,2087578,4025665
2087858,2087858,4025665
2088503,2088503,4025665
2088517,2088517,4025665
2088782,2088782,4025665
2092101,2092101,4025665
2092821,2092821,4025665
2093554,2093554,4025665
2093709,2093709,4025665
2094262,2094262,4025665
2094504,2094504,4025665
2095154,2095154,4025665
2095637,2095637,4025665
2095648,2095648,4025665
2095673,2095673,4025665
2096240,2096240,4025665
2096313,2096313,4025665
2096441,2096441,4025665
2096957,2096957,4025665
2097365,2097365,4025665
2097469,2097469,4025665
2097813,2097813,4025665
2098308,2098308,4025665
2099900,2099900,4025665
2100078,2100078,4025665
2100162,2100162,4025665
2100491,2100491,4025665
2100492,2100492,4025665
2100513,2100513,4025665
2102513,2102513,4025665
2102699,2102699,4025665
2102782,2102782,4025665
2103125,2103125,4025665
2104968,2104968,4025665
2105646,2105646,4025665
2105715,2105715,4025665
2105755,2105755,4025665
2106749,2106749,4025665
2107372,2107372,4025665
2108290,2108290,4025665
2109363,2109363,4025665
2109825,2109825,4025665
2109873,2109873,4025665
2110112,2110112,4025665
2111122,2111122,4025665
2111442,2111442,4025665
2112178,2112178,4025665
2112390,2112390,4025665
2112434,2112434,4025665
2112794,2112794,4025665
2113133,2113133,4025665
2114231,2114231,4025665
2114585,2114585,4025665
2114768,2114768,4025665
2114774,2114774,4025665
2116310,2116310,4025665
2117386,2117386,4025665
2118109,2118109,4025665
2118135,2118135,4025665
2118518,2118518,4025665
2118919,2118919,4025665
2119144,2119144,4025665
2119708,2119708,4025665
2119789,2119789,4025665
2120090,2120090,4025665
2120093,2120093,4025665
2120403,2120403,4025665
2120754,2120754,4025665
2120766,2120766,4025665
2121305,2121305,4025665
2121402,2121402,4025665
2121442,2121442,4025665
2121572,2121572,4025665
2121738,2121738,4025665
2122583,2122583,4025665
2122874,2122874,4025665
2124830,2124830,4025665
2124892,2124892,4025665
2125894,2125894,4025665
2126327,2126327,4025665
2127109,2127109,4025665
2127457,2127457,4025665
2127807,2127807,4025665
2128141,2128141,4025665
2128545,2128545,4025665
2129050,2129050,4025665
2129175,2129175,4025665
2129584,2129584,4025665
2129739,2129739,4025665
2130866,2130866,4025665
2131072,2131072,4025665
2131407,2131407,4025665
2134218,2134218,4025665
2134707,2134707,4025665
2134897,2134897,4025665
2136230,2136230,4025665
2136467,2136467,4025665
2136688,2136688,4025665
2136942,2136942,4025665
2137446,2137446,4025665
2138051,2138051,4025665
2138246,2138246,4025665
2138344,2138344,4025665
2138382,2138382,4025665
2138763,2138763,4025665
2139228,2139228,4025665
2139454,2139454,4025665
2140303,2140303,4025665
2141226,2141226,4025665
2141972,2141972,4025665
2142162,2142162,4025665
2142459,2142459,4025665
2144739,2144739,4025665
2144760,2144760,4025665
2145621,2145621,4025665
2145794,2145794,4025665
2146232,2146232,4025665
2146447,2146447,4025665
2147122,2147122,4025665
2147241,2147241,4025665
2148287,2148287,4025665
2148708,2148708,4025665
2148774,2148774,4025665
2148857,2148857,4025665
2148991,2148991,4025665
2149607,2149607,4025665
2149935,2149935,4025665
2150989,2150989,4025665
2151054,2151054,4025665
2151973,2151973,4025665
2152382,2152382,4025665
2153600,2153600,4025665
2154802,2154802,4025665
2155195,2155195,4025665
2155548,2155548,4025665
2155635,2155635,4025665
2155735,2155735,4025665
2156559,2156559,4025665
2157724,2157724,4025665
2158188,2158188,4025665
2158324,2158324,4025665
2158993,2158993,4025665
2159221,2159221,4025665
2160147,2160147,4025665
2160499,2160499,4025665
2160630,2160630,4025665
2161690,2161690,4025665
2161794,2161794,4025665
2161869,2161869,4025665
2162903,2162903,4025665
2163406,2163406,4025665
2163910,2163910,4025665
2166123,2166123,4025665
2166246,2166246,4025665
2166498,2166498,4025665
2166779,2166779,4025665
2167358,2167358,4025665
2168150,2168150,4025665
2168306,2168306,4025665
2168445,2168445,4025665
2168546,2168546,4025665
2168662,2168662,4025665
2168995,2168995,4025665
2169330,2169330,4025665
2169443,2169443,4025665
2169542,2169542,4025665
2169664,2169664,4025665
2169793,2169793,4025665
2170150,2170150,4025665
2170721,2170721,4025665
2171252,2171252,4025665
2171287,2171287,4025665
2171489,2171489,4025665
2171503,2171503,4025665
2172765,2172765,4025665
2172772,2172772,4025665
2172843,2172843,4025665
2174912,2174912,4025665
2175697,2175697,4025665
2175739,2175739,4025665
2175963,2175963,4025665
2176039,2176039,4025665
2176687,2176687,4025665
2177769,2177769,4025665
2177826,2177826,4025665
2179247,2179247,4025665
2180090,2180090,4025665
2180892,2180892,4025665
2181134,2181134,4025665
2181151,2181151,4025665
2182326,2182326,4025665
2182627,2182627,4025665
2182796,2182796,4025665
2182963,2182963,4025665
2183235,2183235,4025665
2183348,2183348,4025665
2185341,2185341,4025665
2186527,2186527,4025665
2186812,2186812,4025665
2186813,2186813,4025665
2186939,2186939,4025665
2187065,2187065,4025665
2188718,2188718,4025665
2190488,2190488,4025665
2192069,2192069,4025665
2192586,2192586,4025665
2192759,2192759,4025665
2193511,2193511,4025665
2193998,2193998,4025665
2194022,2194022,4025665
2194261,2194261,4025665
2195529,2195529,4025665
2196099,2196099,4025665
2196859,2196859,4025665
2196961,2196961,4025665
2196972,2196972,4025665
2197391,2197391,4025665
2197741,2197741,4025665
2198420,2198420,4025665
2198790,2198790,4025665
2199136,2199136,4025665
2200502,2200502,4025665
2200823,2200823,4025665
2200956,2200956,4025665
2202636,2202636,4025665
2202801,2202801,4025665
2202903,2202903,4025665
2203500,2203500,4025665
2203945,2203945,4025665
2203983,2203983,4025665
2204107,2204107,4025665
2205005,2205005,4025665
2205959,2205959,4025665
2206335,2206335,4025665
2207776,2207776,4025665
2207929,2207929,4025665
2209023,2209023,4025665
2209262,2209262,4025665
2209896,2209896,4025665
2211154,2211154,4025665
2212640,2212640,4025665
2212835,2212835,4025665
2213543,2213543,4025665
2214126,2214126,4025665
2215747,2215747,4025665
2216342,2216342,4025665
2216918,2216918,4025665
2217155,2217155,4025665
2217192,2217192,4025665
2218028,2218028,4025665
2218805,2218805,4025665
2218875,2218875,4025665
2219732,2219732,4025665
2222374,2222374,4025665
2222555,2222555,4025665
2224502,2224502,4025665
2224929,2224929,4025665
2225013,2225013,4025665
2225169,2225169,4025665
2225363,2225363,4025665
2225692,2225692,4025665
2226703,2226703,4025665
2227192,2227192,4025665
2228338,2228338,4025665
2228971,2228971,4025665
2229499,2229499,4025665
2230618,2230618,4025665
2230831,2230831,4025665
2232001,2232001,4025665
2233519,2233519,4025665
2233654,2233654,4025665
2234355,2234355,4025665
2234493,2234493,4025665
2235122,2235122,4025665
2235387,2235387,4025665
2235395,2235395,4025665
2235896,2235896,4025665
2236319,2236319,4025665
2237066,2237066,4025665
2237245,2237245,4025665
2237855,2237855,4025665
2238791,2238791,4025665
2238840,2238840,4025665
2239390,2239390,4025665
2239437,2239437,4025665
2239881,2239881,4025665
2241482,2241482,4025665
2241678,2241678,4025665
2242282,2242282,4025665
2242456,2242456,4025665
2242772,2242772,4025665
2243215,2243215,4025665
2243279,2243279,4025665
2243673,2243673,4025665
2243940,2243940,4025665
2244301,2244301,4025665
2245308,2245308,4025665
2245459,2245459,4025665
2246300,2246300,4025665
2246377,2246377,4025665
2247202,2247202,4025665
2247278,2247278,4025665
2247373,2247373,4025665
2248018,2248018,4025665
2248077,2248077,4025665
2248101,2248101,4025665
2248300,2248300,4025665
2248856,2248856,4025665
2249126,2249126,4025665
2250095,2250095,4025665
2250284,2250284,4025665
2250661,2250661,4025665
2251907,2251907,4025665
2252397,2252397,4025665
2252862,2252862,4025665
2253559,2253559,4025665
2253661,2253661,4025665
2254397,2254397,4025665
2254495,2254495,4025665
2254585,2254585,4025665
2254715,2254715,4025665
2254894,2254894,4025665
2255979,2255979,4025665
2256868,2256868,4025665
2257476,2257476,4025665
2257870,2257870,4025665
2259019,2259019,4025665
2259372,2259372,4025665
2259535,2259535,4025665
2259587,2259587,4025665
2259653,2259653,4025665
2259774,2259774,4025665
2259812,2259812,4025665
2260695,2260695,4025665
2260896,2260896,4025665
2260936,2260936,4025665
2261042,2261042,4025665
2261349,2261349,4025665
2261460,2261460,4025665
2261583,2261583,4025665
2262012,2262012,4025665
2262110,2262110,4025665
2262685,2262685,4025665
2262863,2262863,4025665
2263378,2263378,4025665
2264396,2264396,4025665
2265538,2265538,4025665
2266788,2266788,4025665
2267338,2267338,4025665
2267479,2267479,4025665
2267568,2267568,4025665
2268276,2268276,4025665
2268601,2268601,4025665
2268738,2268738,4025665
2268841,2268841,4025665
2268863,2268863,4025665
2269153,2269153,4025665
2269914,2269914,4025665
2270596,2270596,4025665
2271207,2271207,4025665
2271749,2271749,4025665
2272057,2272057,4025665
2272132,2272132,4025665
2272976,2272976,4025665
2273511,2273511,4025665
2274273,2274273,4025665
2274389,2274389,4025665
2274741,2274741,4025665
2274778,2274778,4025665
2275882,2275882,4025665
2276206,2276206,4025665
2276418,2276418,4025665
2276766,2276766,4025665
2277134,2277134,4025665
2279620,2279620,4025665
2279699,2279699,4025665
2280659,2280659,4025665
2280738,2280738,4025665
2280774,2280774,4025665
2280896,2280896,4025665
2280961,2280961,4025665
2281266,2281266,4025665
2281374,2281374,4025665
2282023,2282023,4025665
2282248,2282248,4025665
2283040,2283040,4025665
2283272,2283272,4025665
2283588,2283588,4025665
2284055,2284055,4025665
2285261,2285261,4025665
2285331,2285331,4025665
2285939,2285939,4025665
2286071,2286071,4025665
2286323,2286323,4025665
2286495,2286495,4025665
2287668,2287668,4025665
2287847,2287847,4025665
2289334,2289334,4025665
2289999,2289999,4025665
2291598,2291598,4025665
2292157,2292157,4025665
2292274,2292274,4025665
2292416,2292416,4025665
2292494,2292494,4025665
2292550,2292550,4025665
2292634,2292634,4025665
2292671,2292671,4025665
2293995,2293995,4025665
2294088,2294088,4025665
2294185,2294185,4025665
2294610,2294610,4025665
2294830,2294830,4025665
2295728,2295728,4025665
2296271,2296271,4025665
2296746,2296746,4025665
2297195,2297195,4025665
2299230,2299230,4025665
2299341,2299341,4025665
2299623,2299623,4025665
2300580,2300580,4025665
2300857,2300857,4025665
2301021,2301021,4025665
2301029,2301029,4025665
2302675,2302675,4025665
2303103,2303103,4025665
2303283,2303283,4025665
2303579,2303579,4025665
2303621,2303621,4025665
2303926,2303926,4025665
2304131,2304131,4025665
2304429,2304429,4025665
2305693,2305693,4025665
2307795,2307795,4025665
2307961,2307961,4025665
2308082,2308082,4025665
2309336,2309336,4025665
2310159,2310159,4025665
2310607,2310607,4025665
2311074,2311074,4025665
2311358,2311358,4025665
2312319,2312319,4025665
2313425,2313425,4025665
2313450,2313450,4025665
2313558,2313558,4025665
2313736,2313736,4025665
2314131,2314131,4025665
2314361,2314361,4025665
2314968,2314968,4025665
2316397,2316397,4025665
2316444,2316444,4025665
2316546,2316546,4025665
2317170,2317170,4025665
2317835,2317835,4025665
2317850,2317850,4025665
2318918,2318918,4025665
2319747,2319747,4025665
2320156,2320156,4025665
2321269,2321269,4025665
2321343,2321343,4025665
2322022,2322022,4025665
2322538,2322538,4025665
2322607,2322607,4025665
2322704,2322704,4025665
2323903,2323903,4025665
2323958,2323958,4025665
2324287,2324287,4025665
2324358,2324358,4025665
2324516,2324516,4025665
2324780,2324780,4025665
2324846,2324846,4025665
2324959,2324959,4025665
2325138,2325138,4025665
2325181,2325181,4025665
2326198,2326198,4025665
2326322,2326322,4025665
2327192,2327192,4025665
2327952,2327952,4025665
2328667,2328667,4025665
2330262,2330262,4025665
2330265,2330265,4025665
2330353,2330353,4025665
2330480,2330480,4025665
2331927,2331927,4025665
2332796,2332796,4025665
2333035,2333035,4025665
2333382,2333382,4025665
2333431,2333431,4025665
2334281,2334281,4025665
2334979,2334979,4025665
2335244,2335244,4025665
2336876,2336876,4025665
2337319,2337319,4025665
2337936,2337936,4025665
2338035,2338035,4025665
2338657,2338657,4025665
2339125,2339125,4025665
2339224,2339224,4025665
2339460,2339460,4025665
2339593,2339593,4025665
2340073,2340073,4025665
2340749,2340749,4025665
2341044,2341044,4025665
2341713,2341713,4025665
2341997,2341997,4025665
2342212,2342212,4025665
2342565,2342565,4025665
2342633,2342633,4025665
2342840,2342840,4025665
2342840,2342840,4025665
2343342,2343342,4025665
2343633,2343633,4025665
2344154,2344154,4025665
2345156,2345156,4025665
2345494,2345494,4025665
2345544,2345544,4025665
2345637,2345637,4025665
2345760,2345760,4025665
2345865,2345865,4025665
2346422,2346422,4025665
2347283,2347283,4025665
2347335,2347335,4025665
2348001,2348001,4025665
2348951,2348951,4025665
2349902,2349902,4025665
2350167,2350167,4025665
2350519,2350519,4025665
2350994,2350994,4025665
2351148,2351148,4025665
2351780,2351780,4025665
2353361,2353361,4025665
2354227,2354227,4025665
2355239,2355239,4025665
2355761,2355761,4025665
2356004,2356004,4025665
2357174,2357174,4025665
2357638,2357638,4025665
2357744,2357744,4025665
2358510,2358510,4025665
2359026,2359026,4025665
2360581,2360581,4025665
2360744,2360744,4025665
2361316,2361316,4025665
2361513,2361513,4025665
2361801,2361801,4025665
2362497,2362497,4025665
2362708,2362708,4025665
2363128,2363128,4025665
2363223,2363223,4025665
2363864,2363864,4025665
2364053,2364053,4025665
2364553,2364553,4025665
2364608,2364608,4025665
2364951,2364951,4025665
2365381,2365381,4025665
2365703,2365703,4025665
2365863,2365863,4025665
2366090,2366090,4025665
2366454,2366454,4025665
2367758,2367758,4025665
2367773,2367773,4025665
2368722,2368722,4025665
2369092,2369092,4025665
2369132,2369132,4025665
2369375,2369375,4025665
2370462,2370462,4025665
2370582,2370582,4025665
2370766,2370766,4025665
2370769,2370769,4025665
2371034,2371034,4025665
2371576,2371576,4025665
2371732,2371732,4025665
2372247,2372247,4025665
2373683,2373683,4025665
2374618,2374618,4025665
2375918,2375918,4025665
2376078,2376078,4025665
2376329,2376329,4025665
2376716,2376716,4025665
2376741,2376741,4025665
2377055,2377055,4025665
2377839,2377839,4025665
2378258,2378258,4025665
2378303,2378303,4025665
2378610,2378610,4025665
2378986,2378986,4025665
2379220,2379220,4025665
2380215,2380215,4025665
2381230,2381230,4025665
2381288,2381288,4025665
2381711,2381711,4025665
2382316,2382316,4025665
2382678,2382678,4025665
2382766,2382766,4025665
2383882,2383882,4025665
2384392,2384392,4025665
2385189,2385189,4025665
2385337,2385337,4025665
2385725,2385725,4025665
2385748,2385748,4025665
2387351,2387351,4025665
2387995,2387995,4025665
2389114,2389114,4025665
2389396,2389396,4025665
2389901,2389901,4025665
2390176,2390176,4025665
2391516,2391516,4025665
2391530,2391530,4025665
2392363,2392363,4025665
2393803,2393803,4025665
2394872,2394872,4025665
2394892,2394892,4025665
2395459,2395459,4025665
2396074,2396074,4025665
2397080,2397080,4025665
2398568,2398568,4025665
2398615,2398615,4025665
2399851,2399851,4025665
2400362,2400362,4025665
2401331,2401331,4025665
2401786,2401786,4025665
2401991,2401991,4025665
2402459,2402459,4025665
2402719,2402719,4025665
2402792,2402792,4025665
2403640,2403640,4025665
2404558,2404558,4025665
2404599,2404599,4025665
2405484,2405484,4025665
2406003,2406003,4025665
2406620,2406620,4025665
2408177,2408177,4025665
2408471,2408471,4025665
2408521,2408521,4025665
2408949,2408949,4025665
2409815,2409815,4025665
2410224,2410224,4025665
2411028,2411028,4025665
2411500,2411500,4025665
2412016,2412016,4025665
2412174,2412174,4025665
2412282,2412282,4025665
2413019,2413019,4025665
2413525,2413525,4025665
2413767,2413767,4025665
2414230,2414230,4025665
2414238,2414238,4025665
2414256,2414256,4025665
2414621,2414621,4025665
2415710,2415710,4025665
2416592,2416592,4025665
2416787,2416787,4025665
2417211,2417211,4025665
2417366,2417366,4025665
2417983,2417983,4025665
2418800,2418800,4025665
2418933,2418933,4025665
2419156,2419156,4025665
2419557,2419557,4025665
2419558,2419558,4025665
2419569,2419569,4025665
2420328,2420328,4025665
2420411,2420411,4025665
2421207,2421207,4025665
2421921,2421921,4025665
2422188,2422188,4025665
2422508,2422508,4025665
2422993,2422993,4025665
2423513,2423513,4025665
2423530,2423530,4025665
2423595,2423595,4025665
2424458,2424458,4025665
2424615,2424615,4025665
2424893,2424893,4025665
2425023,2425023,4025665
2425321,2425321,4025665
2425528,2425528,4025665
2425902,2425902,4025665
2426334,2426334,4025665
2427774,2427774,4025665
2429818,2429818,4025665
2431079,2431079,4025665
2431796,2431796,4025665
2432136,2432136,4025665
2432323,2432323,4025665
2432396,2432396,4025665
2432421,2432421,4025665
2432476,2432476,4025665
2432639,2432639,4025665
2432761,2432761,4025665
2432905,2432905,4025665
2433216,2433216,4025665
2433266,2433266,4025665
2433319,2433319,4025665
2433429,2433429,4025665
2435770,2435770,4025665
2436440,2436440,4025665
2437567,2437567,4025665
2437618,2437618,4025665
2437723,2437723,4025665
2438286,2438286,4025665
2438374,2438374,4025665
2438505,2438505,4025665
2438828,2438828,4025665
2438901,2438901,4025665
2439523,2439523,4025665
2440148,2440148,4025665
2441431,2441431,4025665
2442166,2442166,4025665
2442222,2442222,4025665
2442791,2442791,4025665
2443327,2443327,4025665
2443638,2443638,4025665
2444394,2444394,4025665
2444461,2444461,4025665
2446182,2446182,4025665
2446344,2446344,4025665
2447066,2447066,4025665
2448161,2448161,4025665
2448316,2448316,4025665
2448556,2448556,4025665
2449195,2449195,4025665
2449685,2449685,4025665
2449694,2449694,4025665
2449895,2449895,4025665
2450018,2450018,4025665
2450311,2450311,4025665
2450830,2450830,4025665
2451552,2451552,4025665
2451940,2451940,4025665
2452534,2452534,4025665
2453400,2453400,4025665
2456500,2456500,4025665
2456608,2456608,4025665
2456693,2456693,4025665
2456873,2456873,4025665
2456932,2456932,4025665
2457479,2457479,4025665
2458853,2458853,4025665
2460354,2460354,4025665
2460802,2460802,4025665
2461099,2461099,4025665
2461352,2461352,4025665
2461424,2461424,4025665
2463338,2463338,4025665
2463555,2463555,4025665
2463874,2463874,4025665
2463994,2463994,4025665
2464184,2464184,4025665
2464923,2464923,4025665
2465576,2465576,4025665
2465694,2465694,4025665
2465892,2465892,4025665
2466104,2466104,4025665
2466289,2466289,4025665
2467263,2467263,4025665
2467366,2467366,4025665
2467442,2467442,4025665
2467667,2467667,4025665
2467707,2467707,4025665
2468874,2468874,4025665
2469509,2469509,4025665
2470027,2470027,4025665
2470320,2470320,4025665
2470714,2470714,4025665
2470913,2470913,4025665
2470973,2470973,4025665
2471090,2471090,4025665
2471103,2471103,4025665
2471921,2471921,4025665
2472094,2472094,4025665
2472630,2472630,4025665
2474328,2474328,4025665
2474496,2474496,4025665
2474828,2474828,4025665
2475559,2475559,4025665
2475938,2475938,4025665
2476612,2476612,4025665
2477491,2477491,4025665
2477506,2477506,4025665
2478058,2478058,4025665
2478484,2478484,4025665
2479143,2479143,4025665
2479447,2479447,4025665
2479561,2479561,4025665
2480399,2480399,4025665
2480795,2480795,4025665
2481370,2481370,4025665
2481754,2481754,4025665
2482154,2482154,4025665
2482449,2482449,4025665
2482495,2482495,4025665
2482675,2482675,4025665
2482805,2482805,4025665
2482805,2482805,4025665
2483331,2483331,4025665
2483804,2483804,4025665
2484471,2484471,4025665
2484664,2484664,4025665
2484906,2484906,4025665
2485010,2485010,4025665
2486169,2486169,4025665
2487734,2487734,4025665
2488114,2488114,4025665
2488646,2488646,4025665
2488864,2488864,4025665
2490288,2490288,4025665
2490289,2490289,4025665
2490493,2490493,4025665
2490861,2490861,4025665
2491041,2491041,4025665
2491355,2491355,4025665
2491928,2491928,4025665
2492080,2492080,4025665
2492882,2492882,4025665
2493288,2493288,4025665
2493555,2493555,4025665
2494606,2494606,4025665
2495126,2495126,4025665
2495234,2495234,4025665
2495684,2495684,4025665
2495733,2495733,4025665
2495738,2495738,4025665
2496808,2496808,4025665
2497204,2497204,4025665
2498014,2498014,4025665
2498385,2498385,4025665
2498812,2498812,4025665
2500123,2500123,4025665
2500532,2500532,4025665
2500651,2500651,4025665
2501113,2501113,4025665
2501425,2501425,4025665
2501510,2501510,4025665
2502400,2502400,4025665
2503353,2503353,4025665
2505187,2505187,4025665
2506072,2506072,4025665
2506087,2506087,4025665
2506591,2506591,4025665
2507557,2507557,4025665
2508238,2508238,4025665
2508756,2508756,4025665
2509403,2509403,4025665
2510202,2510202,4025665
2510326,2510326,4025665
2511945,2511945,4025665
2511966,2511966,4025665
2512132,2512132,4025665
2512317,2512317,4025665
2514093,2514093,4025665
2515472,2515472,4025665
2517694,2517694,4025665
2518266,2518266,4025665
2518780,2518780,4025665
2519212,2519212,4025665
2519328,2519328,4025665
2519501,2519501,4025665
2519614,2519614,4025665
2519716,2519716,4025665
2520548,2520548,4025665
2520998,2520998,4025665
2521257,2521257,4025665
2522667,2522667,4025665
2522711,2522711,4025665
2522867,2522867,4025665
2523202,2523202,4025665
2523659,2523659,4025665
2524684,2524684,4025665
2524724,2524724,4025665
2524791,2524791,4025665
2525589,2525589,4025665
2526154,2526154,4025665
2527436,2527436,4025665
2527680,2527680,4025665
2527731,2527731,4025665
2527856,2527856,4025665
2528311,2528311,4025665
2528553,2528553,4025665
2528797,2528797,4025665
2530564,2530564,4025665
2530589,2530589,4025665
2531330,2531330,4025665
2531556,2531556,4025665
2532363,2532363,4025665
2533327,2533327,4025665
2533355,2533355,4025665
2534437,2534437,4025665
2535460,2535460,4025665
2536044,2536044,4025665
2536282,2536282,4025665
2536793,2536793,4025665
2537189,2537189,4025665
2537526,2537526,4025665
2537813,2537813,4025665
2537913,2537913,4025665
2540660,2540660,4025665
2540802,2540802,4025665
2540871,2540871,4025665
2541457,2541457,4025665
2542750,2542750,4025665
2543603,2543603,4025665
2543663,2543663,4025665
2544052,2544052,4025665
2544556,2544556,4025665
2544678,2544678,4025665
2547388,2547388,4025665
2548751,2548751,4025665
2549315,2549315,4025665
2549604,2549604,4025665
2550239,2550239,4025665
2551227,2551227,4025665
2551645,2551645,4025665
2551867,2551867,4025665
2552182,2552182,4025665
2552290,2552290,4025665
2554354,2554354,4025665
2555318,2555318,4025665
2555511,2555511,4025665
2555573,2555573,4025665
2555842,2555842,4025665
2556987,2556987,4025665
2557148,2557148,4025665
2557311,2557311,4025665
2557737,2557737,4025665
2557902,2557902,4025665
2558289,2558289,4025665
2558798,2558798,4025665
2558900,2558900,4025665
2559378,2559378,4025665
2559654,2559654,4025665
2560119,2560119,4025665
2560120,2560120,4025665
2560141,2560141,4025665
2560995,2560995,4025665
2561062,2561062,4025665
2561544,2561544,4025665
2561760,2561760,4025665
2562051,2562051,4025665
2562307,2562307,4025665
2562794,2562794,4025665
2563387,2563387,4025665
2563564,2563564,4025665
2563675,2563675,4025665
2564415,2564415,4025665
2565157,2565157,4025665
2565569,2565569,4025665
2567695,2567695,4025665
2568372,2568372,4025665
2568566,2568566,4025665
2568586,2568586,4025665
2569137,2569137,4025665
2570230,2570230,4025665
2570233,2570233,4025665
2570237,2570237,4025665
2570316,2570316,4025665
2571140,2571140,4025665
2571336,2571336,4025665
2572843,2572843,4025665
2572995,2572995,4025665
2573129,2573129,4025665
2574923,2574923,4025665
2575062,2575062,4025665
2575250,2575250,4025665
2575673,2575673,4025665
2576083,2576083,4025665
2576597,2576597,4025665
2577325,2577325,4025665
2578004,2578004,4025665
2578081,2578081,4025665
2579933,2579933,4025665
2580065,2580065,4025665
2580179,2580179,4025665
2580553,2580553,4025665
2580636,2580636,4025665
2580983,2580983,4025665
2581744,2581744,4025665
2582077,2582077,4025665
2582675,2582675,4025665
2583429,2583429,4025665
2584456,2584456,4025665
2585047,2585047,4025665
2586791,2586791,4025665
2586909,2586909,4025665
2587641,2587641,4025665
2587777,2587777,4025665
2587936,2587936,4025665
2588941,2588941,4025665
2588976,2588976,4025665
2588988,2588988,4025665
2589826,2589826,4025665
2590214,2590214,4025665
2590442,2590442,4025665
2592859,2592859,4025665
2593153,2593153,4025665
2593329,2593329,4025665
2593473,2593473,4025665
2593616,2593616,4025665
2594026,2594026,4025665
2594267,2594267,4025665
2594929,2594929,4025665
2595032,2595032,4025665
2595923,2595923,4025665
2596386,2596386,4025665
2597332,2597332,4025665
2598247,2598247,4025665
2598531,2598531,4025665
2598894,2598894,4025665
2599031,2599031,4025665
2599455,2599455,4025665
2599974,2599974,4025665
2600097,2600097,4025665
2600146,2600146,4025665
2600965,2600965,4025665
2601380,2601380,4025665
2602237,2602237,4025665
2605369,2605369,4025665
2606309,2606309,4025665
2606902,2606902,4025665
2608011,2608011,4025665
2608372,2608372,4025665
2608427,2608427,4025665
2608753,2608753,4025665
2608856,2608856,4025665
2610373,2610373,4025665
2610881,2610881,4025665
2611658,2611658,4025665
2611725,2611725,4025665
2611769,2611769,4025665
2612637,2612637,4025665
2612925,2612925,4025665
2613031,2613031,4025665
2613733,2613733,4025665
2614094,2614094,4025665
2614226,2614226,4025665
2614726,2614726,4025665
2614990,2614990,4025665
2615115,2615115,4025665
2615489,2615489,4025665
2616027,2616027,4025665
2616733,2616733,4025665
2616739,2616739,4025665
2617040,2617040,4025665
2617207,2617207,4025665
2617853,2617853,4025665
2617878,2617878,4025665
2618332,2618332,4025665
2619353,2619353,4025665
2619447,2619447,4025665
2622001,2622001,4025665
2622649,2622649,4025665
2622797,2622797,4025665
2623004,2623004,4025665
2623009,2623009,4025665
2624220,2624220,4025665
2624628,2624628,4025665
2624710,2624710,4025665
2624770,2624770,4025665
2624971,2624971,4025665
2624994,2624994,4025665
2625200,2625200,4025665
2625373,2625373,4025665
2625879,2625879,4025665
2626155,2626155,4025665
2626324,2626324,4025665
2626746,2626746,4025665
2626972,2626972,4025665
2627342,2627342,4025665
2627528,2627528,4025665
2627844,2627844,4025665
2627961,2627961,4025665
2628665,2628665,4025665
2629629,2629629,4025665
2629795,2629795,4025665
2630190,2630190,4025665
2630251,2630251,4025665
2631746,2631746,4025665
2632359,2632359,4025665
2632429,2632429,4025665
2632646,2632646,4025665
2632920,2632920,4025665
2633061,2633061,4025665
2633913,2633913,4025665
2633939,2633939,4025665
2634715,2634715,4025665
2634774,2634774,4025665
2635130,2635130,4025665
2635152,2635152,4025665
2635864,2635864,4025665
2637237,2637237,4025665
2637378,2637378,4025665
2638109,2638109,4025665
2638172,2638172,4025665
2638661,2638661,4025665
2639363,2639363,4025665
2639396,2639396,4025665
2640005,2640005,4025665
2640700,2640700,4025665
2641294,2641294,4025665
2641660,2641660,4025665
2642280,2642280,4025665
2643033,2643033,4025665
2643629,2643629,4025665
2645305,2645305,4025665
2645764,2645764,4025665
2645964,2645964,4025665
2645989,2645989,4025665
2647275,2647275,4025665
2648062,2648062,4025665
2649717,2649717,4025665
2649918,2649918,4025665
2650477,2650477,4025665
2650877,2650877,4025665
2651549,2651549,4025665
2651769,2651769,4025665
2651821,2651821,4025665
2651959,2651959,4025665
2652225,2652225,4025665
2652426,2652426,4025665
2653340,2653340,4025665
2653504,2653504,4025665
2653709,2653709,4025665
2654946,2654946,4025665
2655840,2655840,4025665
2656307,2656307,4025665
2656623,2656623,4025665
2658377,2658377,4025665
2658609,2658609,4025665
2658675,2658675,4025665
2659283,2659283,4025665
2659336,2659336,4025665
2660235,2660235,4025665
2660482,2660482,4025665
2660616,2660616,4025665
2660627,2660627,4025665
2660673,2660673,4025665
2660752,2660752,4025665
2660854,2660854,4025665
2661574,2661574,4025665
2661628,2661628,4025665
2661991,2661991,4025665
2662312,2662312,4025665
2662870,2662870,4025665
2663251,2663251,4025665
2663468,2663468,4025665
2664227,2664227,4025665
2664609,2664609,4025665
2664671,2664671,4025665
2664751,2664751,4025665
2664850,2664850,4025665
2665765,2665765,4025665
2667120,2667120,4025665
2667356,2667356,4025665
2668185,2668185,4025665
2668643,2668643,4025665
2669133,2669133,4025665
2669409,2669409,4025665
2669719,2669719,4025665
2670062,2670062,4025665
2670563,2670563,4025665
2670759,2670759,4025665
2670864,2670864,4025665
2671236,2671236,4025665
2671485,2671485,4025665
2672617,2672617,4025665
2672722,2672722,4025665
2673681,2673681,4025665
2673810,2673810,4025665
2674815,2674815,4025665
2675651,2675651,4025665
2675954,2675954,4025665
2676460,2676460,4025665
2677455,2677455,4025665
2677789,2677789,4025665
2678165,2678165,4025665
2678597,2678597,4025665
2678741,2678741,4025665
2679140,2679140,4025665
2679391,2679391,4025665
2679473,2679473,4025665
2680803,2680803,4025665
2680829,2680829,4025665
2682141,2682141,4025665
2682703,2682703,4025665
2683486,2683486,4025665
2683579,2683579,4025665
2683755,2683755,4025665
2684178,2684178,4025665
2684571,2684571,4025665
2684832,2684832,4025665
2684868,2684868,4025665
2685940,2685940,4025665
2686679,2686679,4025665
2686874,2686874,4025665
2686922,2686922,4025665
2687066,2687066,4025665
2687781,2687781,4025665
2688941,2688941,4025665
2689162,2689162,4025665
2689503,2689503,4025665
2690457,2690457,4025665
2690505,2690505,4025665
2690879,2690879,4025665
2690905,2690905,4025665
2692017,2692017,4025665
2692959,2692959,4025665
2693072,2693072,4025665
2693628,2693628,4025665
2693974,2693974,4025665
2694277,2694277,4025665
2694395,2694395,4025665
2694584,2694584,4025665
2694668,2694668,4025665
2694692,2694692,4025665
2695968,2695968,4025665
2696200,2696200,4025665
2696799,2696799,4025665
2697256,2697256,4025665
2697508,2697508,4025665
2697851,2697851,4025665
2697874,2697874,4025665
2698809,2698809,4025665
2699823,2699823,4025665
2700272,2700272,4025665
2701477,2701477,4025665
2702944,2702944,4025665
2703167,2703167,4025665
2703347,2703347,4025665
2703785,2703785,4025665
2703938,2703938,4025665
2705095,2705095,4025665
2706939,2706939,4025665
2707032,2707032,4025665
2707924,2707924,4025665
2708306,2708306,4025665
2708828,2708828,4025665
2708985,2708985,4025665
2710212,2710212,4025665
2710357,2710357,4025665
2710718,2710718,4025665
2711483,2711483,4025665
2711822,2711822,4025665
2712053,2712053,4025665
2713369,2713369,4025665
2713402,2713402,4025665
2713415,2713415,4025665
2714115,2714115,4025665
2714539,2714539,4025665
2715147,2715147,4025665
2715303,2715303,4025665
2715730,2715730,4025665
2717389,2717389,4025665
2718723,2718723,4025665
2719213,2719213,4025665
2719253,2719253,4025665
2720533,2720533,4025665
2720816,2720816,4025665
2721353,2721353,4025665
2721499,2721499,4025665
2721954,2721954,4025665
2722211,2722211,4025665
2722409,2722409,4025665
2722571,2722571,4025665
2723233,2723233,4025665
2723886,2723886,4025665
2723982,2723982,4025665
2724131,2724131,4025665
2724279,2724279,4025665
2724328,2724328,4025665
2724406,2724406,4025665
2725073,2725073,4025665
2725439,2725439,4025665
2726451,2726451,4025665
2726545,2726545,4025665
2726596,2726596,4025665
2727043,2727043,4025665
2727154,2727154,4025665
2727251,2727251,4025665
2728119,2728119,4025665
2728203,2728203,4025665
2728966,2728966,4025665
2729049,2729049,4025665
2729448,2729448,4025665
2729996,2729996,4025665
2731649,2731649,4025665
2732066,2732066,4025665
2732182,2732182,4025665
2732349,2732349,4025665
2732459,2732459,4025665
2732706,2732706,4025665
2733962,2733962,4025665
2734116,2734116,4025665
2734553,2734553,4025665
2734894,2734894,4025665
2735483,2735483,4025665
2735765,2735765,4025665
2736113,2736113,4025665
2736346,2736346,4025665
2737069,2737069,4025665
2737470,2737470,4025665
2737649,2737649,4025665
2737789,2737789,4025665
2738341,2738341,4025665
2738601,2738601,4025665
2739018,2739018,4025665
2739294,2739294,4025665
2740108,2740108,4025665
2740113,2740113,4025665
2740508,2740508,4025665
2741147,2741147,4025665
2741271,2741271,4025665
2741284,2741284,4025665
2741444,2741444,4025665
2741587,2741587,4025665
2741645,2741645,4025665
2742273,2742273,4025665
2743259,2743259,4025665
2744122,2744122,4025665
2745108,2745108,4025665
2745881,2745881,4025665
2746224,2746224,4025665
2747800,2747800,4025665
2747958,2747958,4025665
2748079,2748079,4025665
2748208,2748208,4025665
2748404,2748404,4025665
2748609,2748609,4025665
2748765,2748765,4025665
2749293,2749293,4025665
2749395,2749395,4025665
2750527,2750527,4025665
2750738,2750738,4025665
2751229,2751229,4025665
2751351,2751351,4025665
2751561,2751561,4025665
2751810,2751810,4025665
2752355,2752355,4025665
2752745,2752745,4025665
2753242,2753242,4025665
2753644,2753644,4025665
2753878,2753878,4025665
2753921,2753921,4025665
2754049,2754049,4025665
2754105,2754105,4025665
2754148,2754148,4025665
2754620,2754620,4025665
2755021,2755021,4025665
2755476,2755476,4025665
2755507,2755507,4025665
2755675,2755675,4025665
2755881,2755881,4025665
2756210,2756210,4025665
2756511,2756511,4025665
2756871,2756871,4025665
2757056,2757056,4025665
2757824,2757824,4025665
2757881,2757881,4025665
2758044,2758044,4025665
2758696,2758696,4025665
2760455,2760455,4025665
2760613,2760613,4025665
2760839,2760839,4025665
2760949,2760949,4025665
2761078,2761078,4025665
2761843,2761843,4025665
2761913,2761913,4025665
2762149,2762149,4025665
2762499,2762499,4025665
2762645,2762645,4025665
2762755,2762755,4025665
2763375,2763375,4025665
2764675,2764675,4025665
2766034,2766034,4025665
2766513,2766513,4025665
2767088,2767088,4025665
2768457,2768457,4025665
2768671,2768671,4025665
2769042,2769042,4025665
2769377,2769377,4025665
2769737,2769737,4025665
2769852,2769852,4025665
2769932,2769932,4025665
2769950,2769950,4025665
2770339,2770339,4025665
2770551,2770551,4025665
2771008,2771008,4025665
2772167,2772167,4025665
2772719,2772719,4025665
2772762,2772762,4025665
2772816,2772816,4025665
2773459,2773459,4025665
2773638,2773638,4025665
2773798,2773798,4025665
2774013,2774013,4025665
2775626,2775626,4025665
2777258,2777258,4025665
2778056,2778056,4025665
2778250,2778250,4025665
2779713,2779713,4025665
2779896,2779896,4025665
2780028,2780028,4025665
2780033,2780033,4025665
2781521,2781521,4025665
2782200,2782200,4025665
2782885,2782885,4025665
2783765,2783765,4025665
2783953,2783953,4025665
2783976,2783976,4025665
2784621,2784621,4025665
2785062,2785062,4025665
2785384,2785384,4025665
2786073,2786073,4025665
2786316,2786316,4025665
2787538,2787538,4025665
2787767,2787767,4025665
2787788,2787788,4025665
2788041,2788041,4025665
2789937,2789937,4025665
2790036,2790036,4025665
2791444,2791444,4025665
2792047,2792047,4025665
2792489,2792489,4025665
2792594,2792594,4025665
2793378,2793378,4025665
2794575,2794575,4025665
2794826,2794826,4025665
2794845,2794845,4025665
2794902,2794902,4025665
2795125,2795125,4025665
2795181,2795181,4025665
2795189,2795189,4025665
2795872,2795872,4025665
2796020,2796020,4025665
2796612,2796612,4025665
2797141,2797141,4025665
2797314,2797314,4025665
2797997,2797997,4025665
2798125,2798125,4025665
2798176,2798176,4025665
2798193,2798193,4025665
2798410,2798410,4025665
2799345,2799345,4025665
2799603,2799603,4025665
2800100,2800100,4025665
2800428,2800428,4025665
2800495,2800495,4025665
2800782,2800782,4025665
2801802,2801802,4025665
2802193,2802193,4025665
2803467,2803467,4025665
2803569,2803569,4025665
2804781,2804781,4025665
2804902,2804902,4025665
2805605,2805605,4025665
2806500,2806500,4025665
2807686,2807686,4025665
2808492,2808492,4025665
2808826,2808826,4025665
2809529,2809529,4025665
2809938,2809938,4025665
2810001,2810001,4025665
2810319,2810319,4025665
2810325,2810325,4025665
2810430,2810430,4025665
2810458,2810458,4025665
2810879,2810879,4025665
2811388,2811388,4025665
2811503,2811503,4025665
2811878,2811878,4025665
2812992,2812992,4025665
2813706,2813706,4025665
2814059,2814059,4025665
2814565,2814565,4025665
2814776,2814776,4025665
2814828,2814828,4025665
2815602,2815602,4025665
2816170,2816170,4025665
2816999,2816999,4025665
2818041,2818041,4025665
2818140,2818140,4025665
2818236,2818236,4025665
2818400,2818400,4025665
2819562,2819562,4025665
2819816,2819816,4025665
2822007,2822007,4025665
2822360,2822360,4025665
2823021,2823021,4025665
2823071,2823071,4025665
2823279,2823279,4025665
2823456,2823456,4025665
2823787,2823787,4025665
2823976,2823976,4025665
2824514,2824514,4025665
2824629,2824629,4025665
2825111,2825111,4025665
2825125,2825125,4025665
2825460,2825460,4025665
2825894,2825894,4025665
2826141,2826141,4025665
2827447,2827447,4025665
2827601,2827601,4025665
2828812,2828812,4025665
2829441,2829441,4025665
2829933,2829933,4025665
2830989,2830989,4025665
2831185,2831185,4025665
2831655,2831655,4025665
2831802,2831802,4025665
2832498,2832498,4025665
2832706,2832706,4025665
2832960,2832960,4025665
2833253,2833253,4025665
2833943,2833943,4025665
2834403,2834403,4025665
2834440,2834440,4025665
2834803,2834803,4025665
2834828,2834828,4025665
2835711,2835711,4025665
2835712,2835712,4025665
2836378,2836378,4025665
2837710,2837710,4025665
2838963,2838963,4025665
2839901,2839901,4025665
2840125,2840125,4025665
2840215,2840215,4025665
2840218,2840218,4025665
2840646,2840646,4025665
2841140,2841140,4025665
2841869,2841869,4025665
2841886,2841886,4025665
2842307,2842307,4025665
2842821,2842821,4025665
2843704,2843704,4025665
2843709,2843709,4025665
2843995,2843995,4025665
2844010,2844010,4025665
2844123,2844123,4025665
2845268,2845268,4025665
2845410,2845410,4025665
2845629,2845629,4025665
2846536,2846536,4025665
2846649,2846649,4025665
2846746,2846746,4025665
2846864,2846864,4025665
2847016,2847016,4025665
2847790,2847790,4025665
2848399,2848399,4025665
2848623,2848623,4025665
2849729,2849729,4025665
2849737,2849737,4025665
2851916,2851916,4025665
2852241,2852241,4025665
2852664,2852664,4025665
2852705,2852705,4025665
2854991,2854991,4025665
2855052,2855052,4025665
2855938,2855938,4025665
2856033,2856033,4025665
2856091,2856091,4025665
2856185,2856185,4025665
2856374,2856374,4025665
2857525,2857525,4025665
2857693,2857693,4025665
2857781,2857781,4025665
2858373,2858373,4025665
2858559,2858559,4025665
2858723,2858723,4025665
2859851,2859851,4025665
2860136,2860136,4025665
2860709,2860709,4025665
2860829,2860829,4025665
2861385,2861385,4025665
2861486,2861486,4025665
2861674,2861674,4025665
2861903,2861903,4025665
2862419,2862419,4025665
2862436,2862436,4025665
2863688,2863688,4025665
2864069,2864069,4025665
2864546,2864546,4025665
2864552,2864552,4025665
2866675,2866675,4025665
2866934,2866934,4025665
2868179,2868179,4025665
2868583,2868583,4025665
2869047,2869047,4025665
2869774,2869774,4025665
2872536,2872536,4025665
2873439,2873439,4025665
2873902,2873902,4025665
2873951,2873951,4025665
2874457,2874457,4025665
2876312,2876312,4025665
2876580,2876580,4025665
2877034,2877034,4025665
2877057,2877057,4025665
2877102,2877102,4025665
2877953,2877953,4025665
2880002,2880002,4025665
2880435,2880435,4025665
2881062,2881062,4025665
2881203,2881203,4025665
2881287,2881287,4025665
2881623,2881623,4025665
2882583,2882583,4025665
2883355,2883355,4025665
2883482,2883482,4025665
2883610,2883610,4025665
2883661,2883661,4025665
2884089,2884089,4025665
2884170,2884170,4025665
2884544,2884544,4025665
2884632,2884632,4025665
2885023,2885023,4025665
2885804,2885804,4025665
2886190,2886190,4025665
2886448,2886448,4025665
2887623,2887623,4025665
2888284,2888284,4025665
2888468,2888468,4025665
2888535,2888535,4025665
2889253,2889253,4025665
2889305,2889305,4025665
2889730,2889730,4025665
2891891,2891891,4025665
2892217,2892217,4025665
2893379,2893379,4025665
2893392,2893392,4025665
2893558,2893558,4025665
2893674,2893674,4025665
2893824,2893824,4025665
2894343,2894343,4025665
2894601,2894601,4025665
2894680,2894680,4025665
2894739,2894739,4025665
2895063,2895063,4025665
2897423,2897423,4025665
2899219,2899219,4025665
2899250,2899250,4025665
2899411,2899411,4025665
2899492,2899492,4025665
2899640,2899640,4025665
2899969,2899969,4025665
2900707,2900707,4025665
2901307,2901307,4025665
2901845,2901845,4025665
2902041,2902041,4025665
2902110,2902110,4025665
2902869,2902869,4025665
2903852,2903852,4025665
2903984,2903984,4025665
2905824,2905824,4025665
2906849,2906849,4025665
2906987,2906987,4025665
2908307,2908307,4025665
2908835,2908835,4025665
2909951,2909951,4025665
2910109,2910109,4025665
2910503,2910503,4025665
2910643,2910643,4025665
2911343,2911343,4025665
2911494,2911494,4025665
2912982,2912982,4025665
2913238,2913238,4025665
2913268,2913268,4025665
2913280,2913280,4025665
2913443,2913443,4025665
2914711,2914711,4025665
2914984,2914984,4025665
2916060,2916060,4025665
2916495,2916495,4025665
2916530,2916530,4025665
2917161,2917161,4025665
2918685,2918685,4025665
2920332,2920332,4025665
2920424,2920424,4025665
2920627,2920627,4025665
2920898,2920898,4025665
2921054,2921054,4025665
2921123,2921123,4025665
2921445,2921445,4025665
2921839,2921839,4025665
2922604,2922604,4025665
2924267,2924267,4025665
2925127,2925127,4025665
2925175,2925175,4025665
2925544,2925544,4025665
2925924,2925924,4025665
2925955,2925955,4025665
2926820,2926820,4025665
2927093,2927093,4025665
2927201,2927201,4025665
2927671,2927671,4025665
2927941,2927941,4025665
2928036,2928036,4025665
2929652,2929652,4025665
2930153,2930153,4025665
2930201,2930201,4025665
2930582,2930582,4025665
2932824,2932824,4025665
2934272,2934272,4025665
2934355,2934355,4025665
2935438,2935438,4025665
2935935,2935935,4025665
2935995,2935995,4025665
2937393,2937393,4025665
2937418,2937418,4025665
2937593,2937593,4025665
2938349,2938349,4025665
2938691,2938691,4025665
2938800,2938800,4025665
2941026,2941026,4025665
2941459,2941459,4025665
2941584,2941584,4025665
2941623,2941623,4025665
2941721,2941721,4025665
2942684,2942684,4025665
2943218,2943218,4025665
2943493,2943493,4025665
2943539,2943539,4025665
2945300,2945300,4025665
2945337,2945337,4025665
2945449,2945449,4025665
2946050,2946050,4025665
2946492,2946492,4025665
2946911,2946911,4025665
2947226,2947226,4025665
2950087,2950087,4025665
2950480,2950480,4025665
2950778,2950778,4025665
2952574,2952574,4025665
2952968,2952968,4025665
2953294,2953294,4025665
2953767,2953767,4025665
2954412,2954412,4025665
2954551,2954551,4025665
2954727,2954727,4025665
2954936,2954936,4025665
2954963,2954963,4025665
2955093,2955093,4025665
2955192,2955192,4025665
2955315,2955315,4025665
2955340,2955340,4025665
2955612,2955612,4025665
2955775,2955775,4025665
2956200,2956200,4025665
2956806,2956806,4025665
2957041,2957041,4025665
2957230,2957230,4025665
2958119,2958119,4025665
2958206,2958206,4025665
2958280,2958280,4025665
2958446,2958446,4025665
2958513,2958513,4025665
2958556,2958556,4025665
2959056,2959056,4025665
2959164,2959164,4025665
2959218,2959218,4025665
2959753,2959753,4025665
2960244,2960244,4025665
2960614,2960614,4025665
2961163,2961163,4025665
2961703,2961703,4025665
2961991,2961991,4025665
2962029,2962029,4025665
2962595,2962595,4025665
2962909,2962909,4025665
2963119,2963119,4025665
2963336,2963336,4025665
2963445,2963445,4025665
2964140,2964140,4025665
2964906,2964906,4025665
2965466,2965466,4025665
2965474,2965474,4025665
2965516,2965516,4025665
2966096,2966096,4025665
2966166,2966166,4025665
2966828,2966828,4025665
2967880,2967880,4025665
2968210,2968210,4025665
2968305,2968305,4025665
2968461,2968461,4025665
2968511,2968511,4025665
2968871,2968871,4025665
2970368,2970368,4025665
2973801,2973801,4025665
2974390,2974390,4025665
2974702,2974702,4025665
2975556,2975556,4025665
2976167,2976167,4025665
2977147,2977147,4025665
2977332,2977332,4025665
2980165,2980165,4025665
2980308,2980308,4025665
2980542,2980542,4025665
2980584,2980584,4025665
2980736,2980736,4025665
2980897,2980897,4025665
2981621,2981621,4025665
2983246,2983246,4025665
2984192,2984192,4025665
2984652,2984652,4025665
2984838,2984838,4025665
2984980,2984980,4025665
2985431,2985431,4025665
2985660,2985660,4025665
2985721,2985721,4025665
2985961,2985961,4025665
2986623,2986623,4025665
2987518,2987518,4025665
2987547,2987547,4025665
2987748,2987748,4025665
2987842,2987842,4025665
2989441,2989441,4025665
2989498,2989498,4025665
2989674,2989674,4025665
2990046,2990046,4025665
2992022,2992022,4025665
2992597,2992597,4025665
2993035,2993035,4025665
2993060,2993060,4025665
2993170,2993170,4025665
2993231,2993231,4025665
2993334,2993334,4025665
2993996,2993996,4025665
2994200,2994200,4025665
2994247,2994247,4025665
2994444,2994444,4025665
2994828,2994828,4025665
2995225,2995225,4025665
2995984,2995984,4025665
2996668,2996668,4025665
2996939,2996939,4025665
2997194,2997194,4025665
2997290,2997290,4025665
2997295,2997295,4025665
2997543,2997543,4025665
2997805,2997805,4025665
2998226,2998226,4025665
2998465,2998465,4025665
3000251,3000251,4025665
3000929,3000929,4025665
3001231,3001231,4025665
3001452,3001452,4025665
3003137,3003137,4025665
3003251,3003251,4025665
3003832,3003832,4025665
3004018,3004018,4025665
3004747,3004747,4025665
3005168,3005168,4025665
3005460,3005460,4025665
3005478,3005478,4025665
3006014,3006014,4025665
3006324,3006324,4025665
3007678,3007678,4025665
3007699,3007699,4025665
3007721,3007721,4025665
3008438,3008438,4025665
3008571,3008571,4025665
3008648,3008648,4025665
3009102,3009102,4025665
3009364,3009364,4025665
3009813,3009813,4025665
3010154,3010154,4025665
3010520,3010520,4025665
3010561,3010561,4025665
3010755,3010755,4025665
3011460,3011460,4025665
3011479,3011479,4025665
3011886,3011886,4025665
3011973,3011973,4025665
3012139,3012139,4025665
3013704,3013704,4025665
3013827,3013827,4025665
3013962,3013962,4025665
3014755,3014755,4025665
3014836,3014836,4025665
3015600,3015600,4025665
3016771,3016771,4025665
3017652,3017652,4025665
3017924,3017924,4025665
3018099,3018099,4025665
3018210,3018210,4025665
3018423,3018423,4025665
3019446,3019446,4025665
3020404,3020404,4025665
3020873,3020873,4025665
3021573,3021573,4025665
3022280,3022280,4025665
3022914,3022914,4025665
3023330,3023330,4025665
3023799,3023799,4025665
3024295,3024295,4025665
3024660,3024660,4025665
3024802,3024802,4025665
3025138,3025138,4025665
3025224,3025224,4025665
3025418,3025418,4025665
3028027,3028027,4025665
3028776,3028776,4025665
3029846,3029846,4025665
3030053,3030053,4025665
3030201,3030201,4025665
3030559,3030559,4025665
3031112,3031112,4025665
3031836,3031836,4025665
3033219,3033219,4025665
3033811,3033811,4025665
3035226,3035226,4025665
3035311,3035311,4025665
3035416,3035416,4025665
3035579,3035579,4025665
3035918,3035918,4025665
3036237,3036237,4025665
3036479,3036479,4025665
3036533,3036533,4025665
3037207,3037207,4025665
3041228,3041228,4025665
3041544,3041544,4025665
3042309,3042309,4025665
3044357,3044357,4025665
3044662,3044662,4025665
3044830,3044830,4025665
3045488,3045488,4025665
3045681,3045681,4025665
3046513,3046513,4025665
3046538,3046538,4025665
3048785,3048785,4025665
3048822,3048822,4025665
3050719,3050719,4025665
3051082,3051082,4025665
3053239,3053239,4025665
3053807,3053807,4025665
3053849,3053849,4025665
3053971,3053971,4025665
3054156,3054156,4025665
3054253,3054253,4025665
3054420,3054420,4025665
3054482,3054482,4025665
3054598,3054598,4025665
3055675,3055675,4025665
3056694,3056694,4025665
3057970,3057970,4025665
3058815,3058815,4025665
3058857,3058857,4025665
3059848,3059848,4025665
3060498,3060498,4025665
3060762,3060762,4025665
3061174,3061174,4025665
3062544,3062544,4025665
3062680,3062680,4025665
3063001,3063001,4025665
3063713,3063713,4025665
3064258,3064258,4025665
3064756,3064756,4025665
3064764,3064764,4025665
3064781,3064781,4025665
3065203,3065203,4025665
3065613,3065613,4025665
3065892,3065892,4025665
3066095,3066095,4025665
3066109,3066109,4025665
3066298,3066298,4025665
3066617,3066617,4025665
3067061,3067061,4025665
3068530,3068530,4025665
3069809,3069809,4025665
3070063,3070063,4025665
3070231,3070231,4025665
3070885,3070885,4025665
3072446,3072446,4025665
3072514,3072514,4025665
3073743,3073743,4025665
3073821,3073821,4025665
3073906,3073906,4025665
3074247,3074247,4025665
3074738,3074738,4025665
3075020,3075020,4025665
3075089,3075089,4025665
3075119,3075119,4025665
3075444,3075444,4025665
3075705,3075705,4025665
3075728,3075728,4025665
3075772,3075772,4025665
3075928,3075928,4025665
3076066,3076066,4025665
3076067,3076067,4025665
3076156,3076156,4025665
3076440,3076440,4025665
3077004,3077004,4025665
3077032,3077032,4025665
3077060,3077060,4025665
3077322,3077322,4025665
3077730,3077730,4025665
3077830,3077830,4025665
3077960,3077960,4025665
3078102,3078102,4025665
3078126,3078126,4025665
3078903,3078903,4025665
3079902,3079902,4025665
3080416,3080416,4025665
3080702,3080702,4025665
3081290,3081290,4025665
3082027,3082027,4025665
3082902,3082902,4025665
3083224,3083224,4025665
3083552,3083552,4025665
3083571,3083571,4025665
3085470,3085470,4025665
3085664,3085664,4025665
3085796,3085796,4025665
3086237,3086237,4025665
3086325,3086325,4025665
3086850,3086850,4025665
3087010,3087010,4025665
3087125,3087125,4025665
3087139,3087139,4025665
3089284,3089284,4025665
3089871,3089871,4025665
3089918,3089918,4025665
3090505,3090505,4025665
3090836,3090836,4025665
3091691,3091691,4025665
3091785,3091785,4025665
3091839,3091839,4025665
3091986,3091986,4025665
3092848,3092848,4025665
3094125,3094125,4025665
3094788,3094788,4025665
3095269,3095269,4025665
3095424,3095424,4025665
3096101,3096101,4025665
3096989,3096989,4025665
3097090,3097090,4025665
3097954,3097954,4025665
3098936,3098936,4025665
3099639,3099639,4025665
3099920,3099920,4025665
3101206,3101206,4025665
3101478,3101478,4025665
3101838,3101838,4025665
3102165,3102165,4025665
3102239,3102239,4025665
3102267,3102267,4025665
3103423,3103423,4025665
3104031,3104031,4025665
3104773,3104773,4025665
3105702,3105702,4025665
3106151,3106151,4025665
3106769,3106769,4025665
3106904,3106904,4025665
3107462,3107462,4025665
3108198,3108198,4025665
3108458,3108458,4025665
3109145,3109145,4025665
3110104,3110104,4025665
3110360,3110360,4025665
3111213,3111213,4025665
3111297,3111297,4025665
3111644,3111644,4025665
3111790,3111790,4025665
3111842,3111842,4025665
3112320,3112320,4025665
3114313,3114313,4025665
3114409,3114409,4025665
3114634,3114634,4025665
3115875,3115875,4025665
3116756,3116756,4025665
3117253,3117253,4025665
3117268,3117268,4025665
3117657,3117657,4025665
3117842,3117842,4025665
3118640,3118640,4025665
3119884,3119884,4025665
3120861,3120861,4025665
3121299,3121299,4025665
3121379,3121379,4025665
3121847,3121847,4025665
3121954,3121954,4025665
3122725,3122725,4025665
3123282,3123282,4025665
3127356,3127356,4025665
3127896,3127896,4025665
3128995,3128995,4025665
3129043,3129043,4025665
3129394,3129394,4025665
3129621,3129621,4025665
3130355,3130355,4025665
3131336,3131336,4025665
3132332,3132332,4025665
3134326,3134326,4025665
3134729,3134729,4025665
3134800,3134800,4025665
3136234,3136234,4025665
3137082,3137082,4025665
3138020,3138020,4025665
3138718,3138718,4025665
3138733,3138733,4025665
3139375,3139375,4025665
3139408,3139408,4025665
3139843,3139843,4025665
3140175,3140175,4025665
3140681,3140681,4025665
3141183,3141183,4025665
3141188,3141188,4025665
3141356,3141356,4025665
3142491,3142491,4025665
3142998,3142998,4025665
3143194,3143194,4025665
3143313,3143313,4025665
3143863,3143863,4025665
3144555,3144555,4025665
3145855,3145855,4025665
3146020,3146020,4025665
3146083,3146083,4025665
3146794,3146794,4025665
3146795,3146795,4025665
3147043,3147043,4025665
3147795,3147795,4025665
3150464,3150464,4025665
3152259,3152259,4025665
3152318,3152318,4025665
3152405,3152405,4025665
3152536,3152536,4025665
3152569,3152569,4025665
3153207,3153207,4025665
3153502,3153502,4025665
3154087,3154087,4025665
3154185,3154185,4025665
3154534,3154534,4025665
3155391,3155391,4025665
3155405,3155405,4025665
3155410,3155410,4025665
3155462,3155462,4025665
3155530,3155530,4025665
3155548,3155548,4025665
3155784,3155784,4025665
3156424,3156424,4025665
3157129,3157129,4025665
3157369,3157369,4025665
3158016,3158016,4025665
3159174,3159174,4025665
3159919,3159919,4025665
3160316,3160316,4025665
3160474,3160474,4025665
3160857,3160857,4025665
3161139,3161139,4025665
3161799,3161799,4025665
3162281,3162281,4025665
3162863,3162863,4025665
3163067,3163067,4025665
3165283,3165283,4025665
3165925,3165925,4025665
3166160,3166160,4025665
3166843,3166843,4025665
3167444,3167444,4025665
3167533,3167533,4025665
3167709,3167709,4025665
3167837,3167837,4025665
3168561,3168561,4025665
3168615,3168615,4025665
3169095,3169095,4025665
3169121,3169121,4025665
3169976,3169976,4025665
3170151,3170151,4025665
3170944,3170944,4025665
3171186,3171186,4025665
3171665,3171665,4025665
3171738,3171738,4025665
3171751,3171751,4025665
3173226,3173226,4025665
3174000,3174000,4025665
3174069,3174069,4025665
3175334,3175334,4025665
3175706,3175706,4025665
3176758,3176758,4025665
3177801,3177801,4025665
3178349,3178349,4025665
3179036,3179036,4025665
3179914,3179914,4025665
3180005,3180005,4025665
3180079,3180079,4025665
3180355,3180355,4025665
3180424,3180424,4025665
3180641,3180641,4025665
3180804,3180804,4025665
3181008,3181008,4025665
3181480,3181480,4025665
3181492,3181492,4025665
3182059,3182059,4025665
3182556,3182556,4025665
3182756,3182756,4025665
3183202,3183202,4025665
3183245,3183245,4025665
3183398,3183398,4025665
3183573,3183573,4025665
3184044,3184044,4025665
3184159,3184159,4025665
3185806,3185806,4025665
3185967,3185967,4025665
3186056,3186056,4025665
3186180,3186180,4025665
3186428,3186428,4025665
3186628,3186628,4025665
3186935,3186935,4025665
3187151,3187151,4025665
3187801,3187801,4025665
3187991,3187991,4025665
3189428,3189428,4025665
3189718,3189718,4025665
3189746,3189746,4025665
3190140,3190140,4025665
3190175,3190175,4025665
3191597,3191597,4025665
3192060,3192060,4025665
3192165,3192165,4025665
3192618,3192618,4025665
3193176,3193176,4025665
3193383,3193383,4025665
3194011,3194011,4025665
3194854,3194854,4025665
3195173,3195173,4025665
3195373,3195373,4025665
3196710,3196710,4025665
3197039,3197039,4025665
3197812,3197812,4025665
3197908,3197908,4025665
3198168,3198168,4025665
3198388,3198388,4025665
3199060,3199060,4025665
3199181,3199181,4025665
3199661,3199661,4025665
3199839,3199839,4025665
3199865,3199865,4025665
3200746,3200746,4025665
3200894,3200894,4025665
3201225,3201225,4025665
3202675,3202675,4025665
3202737,3202737,4025665
3203028,3203028,4025665
3203029,3203029,4025665
3203033,3203033,4025665
3203713,3203713,4025665
3203741,3203741,4025665
3203752,3203752,4025665
3204320,3204320,4025665
3204484,3204484,4025665
3205348,3205348,4025665
3207006,3207006,4025665
3207278,3207278,4025665
3207280,3207280,4025665
3207556,3207556,4025665
3207796,3207796,4025665
3207879,3207879,4025665
3208988,3208988,4025665
3210591,3210591,4025665
3210913,3210913,4025665
3211773,3211773,4025665
3212108,3212108,4025665
3212944,3212944,4025665
3213210,3213210,4025665
3213918,3213918,4025665
3216588,3216588,4025665
3216856,3216856,4025665
3216996,3216996,4025665
3217485,3217485,4025665
3217625,3217625,4025665
3218236,3218236,4025665
3219065,3219065,4025665
3219065,3219065,4025665
3220033,3220033,4025665
3220267,3220267,4025665
3220390,3220390,4025665
3222023,3222023,4025665
3222177,3222177,4025665
3222447,3222447,4025665
3222562,3222562,4025665
3223282,3223282,4025665
3224762,3224762,4025665
3224946,3224946,4025665
3224997,3224997,4025665
3225658,3225658,4025665
3226665,3226665,4025665
3227021,3227021,4025665
3227464,3227464,4025665
3228065,3228065,4025665
3228181,3228181,4025665
3228381,3228381,4025665
3228557,3228557,4025665
3228606,3228606,4025665
3228672,3228672,4025665
3228889,3228889,4025665
3229640,3229640,4025665
3230175,3230175,4025665
3230462,3230462,4025665
3230501,3230501,4025665
3230646,3230646,4025665
3232084,3232084,4025665
3232581,3232581,4025665
3232585,3232585,4025665
3233518,3233518,4025665
3233816,3233816,4025665
3234168,3234168,4025665
3234713,3234713,4025665
3234902,3234902,4025665
3235604,3235604,4025665
3235858,3235858,4025665
3236393,3236393,4025665
3236599,3236599,4025665
3237222,3237222,4025665
3237577,3237577,4025665
3238247,3238247,4025665
3238314,3238314,4025665
3238817,3238817,4025665
3239383,3239383,4025665
3239396,3239396,4025665
3239417,3239417,4025665
3240298,3240298,4025665
3240662,3240662,4025665
3240696,3240696,4025665
3240840,3240840,4025665
3242029,3242029,4025665
3244747,3244747,4025665
3245470,3245470,4025665
3246412,3246412,4025665
3247248,3247248,4025665
3249165,3249165,4025665
3249183,3249183,4025665
3250081,3250081,4025665
3250363,3250363,4025665
3250677,3250677,4025665
3253051,3253051,4025665
3253703,3253703,4025665
3253765,3253765,4025665
3254992,3254992,4025665
3256084,3256084,4025665
3257574,3257574,4025665
3258091,3258091,4025665
3258480,3258480,4025665
3259118,3259118,4025665
3260203,3260203,4025665
3260511,3260511,4025665
3262048,3262048,4025665
3262088,3262088,4025665
3262352,3262352,4025665
3263299,3263299,4025665
3263571,3263571,4025665
3263814,3263814,4025665
3264412,3264412,4025665
3264698,3264698,4025665
3266649,3266649,4025665
3267044,3267044,4025665
3268080,3268080,4025665
3268560,3268560,4025665
3268567,3268567,4025665
3268897,3268897,4025665
3270642,3270642,4025665
3270993,3270993,4025665
3271071,3271071,4025665
3272552,3272552,4025665
3272575,3272575,4025665
3272884,3272884,4025665
3272938,3272938,4025665
3273076,3273076,4025665
3274143,3274143,4025665
3275073,3275073,4025665
3275741,3275741,4025665
3276010,3276010,4025665
3276554,3276554,4025665
3276941,3276941,4025665
3277664,3277664,4025665
3277963,3277963,4025665
3278717,3278717,4025665
3278954,3278954,4025665
3280410,3280410,4025665
3280516,3280516,4025665
3280588,3280588,4025665
3280777,3280777,4025665
3281052,3281052,4025665
3281372,3281372,4025665
3282388,3282388,4025665
3282610,3282610,4025665
3282795,3282795,4025665
3283448,3283448,4025665
3285747,3285747,4025665
3286320,3286320,4025665
3287922,3287922,4025665
3288097,3288097,4025665
3288196,3288196,4025665
3288376,3288376,4025665
3288790,3288790,4025665
3289061,3289061,4025665
3289095,3289095,4025665
3289942,3289942,4025665
3290413,3290413,4025665
3291421,3291421,4025665
3292102,3292102,4025665
3292540,3292540,4025665
3292575,3292575,4025665
3292753,3292753,4025665
3293774,3293774,4025665
3294002,3294002,4025665
3295266,3295266,4025665
3295481,3295481,4025665
3295590,3295590,4025665
3295627,3295627,4025665
3296055,3296055,4025665
3296118,3296118,4025665
3296121,3296121,4025665
3296171,3296171,4025665
3296219,3296219,4025665
3296917,3296917,4025665
3297282,3297282,4025665
3298044,3298044,4025665
3298870,3298870,4025665
3299213,3299213,4025665
3299672,3299672,4025665
3299964,3299964,4025665
3300300,3300300,4025665
3300343,3300343,4025665
3300471,3300471,4025665
3300673,3300673,4025665
3300735,3300735,4025665
3301846,3301846,4025665
3302421,3302421,4025665
3302497,3302497,4025665
3302612,3302612,4025665
3304929,3304929,4025665
3305481,3305481,4025665
3305508,3305508,4025665
3305728,3305728,4025665
3306936,3306936,4025665
3307432,3307432,4025665
3307464,3307464,4025665
3307485,3307485,4025665
3307784,3307784,4025665
3308027,3308027,4025665
3308715,3308715,4025665
3308844,3308844,4025665
3309192,3309192,4025665
3309765,3309765,4025665
3310647,3310647,4025665
3311640,3311640,4025665
3311869,3311869,4025665
3311983,3311983,4025665
3312019,3312019,4025665
3312330,3312330,4025665
3312418,3312418,4025665
3312616,3312616,4025665
3313022,3313022,4025665
3313913,3313913,4025665
3314396,3314396,4025665
3315106,3315106,4025665
3315616,3315616,4025665
3315685,3315685,4025665
3315858,3315858,4025665
3316131,3316131,4025665
3316849,3316849,4025665
3317178,3317178,4025665
3317520,3317520,4025665
3317577,3317577,4025665
3317593,3317593,4025665
3318220,3318220,4025665
3318250,3318250,4025665
3318303,3318303,4025665
3318605,3318605,4025665
3318784,3318784,4025665
3319655,3319655,4025665
3320075,3320075,4025665
3320483,3320483,4025665
3321566,3321566,4025665
3321763,3321763,4025665
3321819,3321819,4025665
3322347,3322347,4025665
3322494,3322494,4025665
3322954,3322954,4025665
3324780,3324780,4025665
3325293,3325293,4025665
3325543,3325543,4025665
3326289,3326289,4025665
3326891,3326891,4025665
3326933,3326933,4025665
3327599,3327599,4025665
3327947,3327947,4025665
3328096,3328096,4025665
3328810,3328810,4025665
3328901,3328901,4025665
3329209,3329209,4025665
3329311,3329311,4025665
3329385,3329385,4025665
3330886,3330886,4025665
3331712,3331712,4025665
3331835,3331835,4025665
3332078,3332078,4025665
3332921,3332921,4025665
3333389,3333389,4025665
3333451,3333451,4025665
3333535,3333535,4025665
3334557,3334557,4025665
3335049,3335049,4025665
3335917,3335917,4025665
3336120,3336120,4025665
3336127,3336127,4025665
3336723,3336723,4025665
3337098,3337098,4025665
3339473,3339473,4025665
3339777,3339777,4025665
3339944,3339944,4025665
3340068,3340068,4025665
3340425,3340425,4025665
3341891,3341891,4025665
3342719,3342719,4025665
3342721,3342721,4025665
3343066,3343066,4025665
3343166,3343166,4025665
3343447,3343447,4025665
3343778,3343778,4025665
3343924,3343924,4025665
3344201,3344201,4025665
3344273,3344273,4025665
3344677,3344677,4025665
3344915,3344915,4025665
3345276,3345276,4025665
3345512,3345512,4025665
3345877,3345877,4025665
3346014,3346014,4025665
3347143,3347143,4025665
3347324,3347324,4025665
3347761,3347761,4025665
3348125,3348125,4025665
3348837,3348837,4025665
3349084,3349084,4025665
3349367,3349367,4025665
3350196,3350196,4025665
3350544,3350544,4025665
3350920,3350920,4025665
3351261,3351261,4025665
3351609,3351609,4025665
3351815,3351815,4025665
3351920,3351920,4025665
3352144,3352144,4025665
3353194,3353194,4025665
3353474,3353474,4025665
3353611,3353611,4025665
3354446,3354446,4025665
3355505,3355505,4025665
3355603,3355603,4025665
3355723,3355723,4025665
3355820,3355820,4025665
3356759,3356759,4025665
3356920,3356920,4025665
3356975,3356975,4025665
3357728,3357728,4025665
3357864,3357864,4025665
3357993,3357993,4025665
3358435,3358435,4025665
3358475,3358475,4025665
3359897,3359897,4025665
3360877,3360877,4025665
3360919,3360919,4025665
3361880,3361880,4025665
3362066,3362066,4025665
3362495,3362495,4025665
3362853,3362853,4025665
3363270,3363270,4025665
3363395,3363395,4025665
3363511,3363511,4025665
3364023,3364023,4025665
3364396,3364396,4025665
3364419,3364419,4025665
3364906,3364906,4025665
3364967,3364967,4025665
3365394,3365394,4025665
3365443,3365443,4025665
3365857,3365857,4025665
3365900,3365900,4025665
3366082,3366082,4025665
3366120,3366120,4025665
3366213,3366213,4025665
3366341,3366341,4025665
3366460,3366460,4025665
3366707,3366707,4025665
3369338,3369338,4025665
3369423,3369423,4025665
3369463,3369463,4025665
3369625,3369625,4025665
3370736,3370736,4025665
3371266,3371266,4025665
3371384,3371384,4025665
3372413,3372413,4025665
3372420,3372420,4025665
3372486,3372486,4025665
3372570,3372570,4025665
3373811,3373811,4025665
3373983,3373983,4025665
3374193,3374193,4025665
3374219,3374219,4025665
3375268,3375268,4025665
3375304,3375304,4025665
3376935,3376935,4025665
3377224,3377224,4025665
3378743,3378743,4025665
3378771,3378771,4025665
3378952,3378952,4025665
3379780,3379780,4025665
3379803,3379803,4025665
3379829,3379829,4025665
3380124,3380124,4025665
3380741,3380741,4025665
3380750,3380750,4025665
3381248,3381248,4025665
3382455,3382455,4025665
3383486,3383486,4025665
3383835,3383835,4025665
3384051,3384051,4025665
3384098,3384098,4025665
3384312,3384312,4025665
3385811,3385811,4025665
3385884,3385884,4025665
3385997,3385997,4025665
3386133,3386133,4025665
3386339,3386339,4025665
3387040,3387040,4025665
3388262,3388262,4025665
3388730,3388730,4025665
3389334,3389334,4025665
3389351,3389351,4025665
3389423,3389423,4025665
3390300,3390300,4025665
3390881,3390881,4025665
3391235,3391235,4025665
3391376,3391376,4025665
3392187,3392187,4025665
3392373,3392373,4025665
3393696,3393696,4025665
3394817,3394817,4025665
3395104,3395104,4025665
3395613,3395613,4025665
3395745,3395745,4025665
3395785,3395785,4025665
3395817,3395817,4025665
3395846,3395846,4025665
3396431,3396431,4025665
3396700,3396700,4025665
3396859,3396859,4025665
3396924,3396924,4025665
3397306,3397306,4025665
3397706,3397706,4025665
3397971,3397971,4025665
3398004,3398004,4025665
3398263,3398263,4025665
3398642,3398642,4025665
3399895,3399895,4025665
3400076,3400076,4025665
3400813,3400813,4025665
3401451,3401451,4025665
3401592,3401592,4025665
3402185,3402185,4025665
3402575,3402575,4025665
3403171,3403171,4025665
3403780,3403780,4025665
3404774,3404774,4025665
3405794,3405794,4025665
3405821,3405821,4025665
3406176,3406176,4025665
3406700,3406700,4025665
3406851,3406851,4025665
3407340,3407340,4025665
3407937,3407937,4025665
3407952,3407952,4025665
3408420,3408420,4025665
3408680,3408680,4025665
3411067,3411067,4025665
3411258,3411258,4025665
3412091,3412091,4025665
3413173,3413173,4025665
3413668,3413668,4025665
3414277,3414277,4025665
3414339,3414339,4025665
3414422,3414422,4025665
3414761,3414761,4025665
3415124,3415124,4025665
3415303,3415303,4025665
3415971,3415971,4025665
3416147,3416147,4025665
3416466,3416466,4025665
3417202,3417202,4025665
3417271,3417271,4025665
3417430,3417430,4025665
3417607,3417607,4025665
3418459,3418459,4025665
3418506,3418506,4025665
3419043,3419043,4025665
3419224,3419224,4025665
3419227,3419227,4025665
3419326,3419326,4025665
3419857,3419857,4025665
3420059,3420059,4025665
3420113,3420113,4025665
3420137,3420137,4025665
3420403,3420403,4025665
3420615,3420615,4025665
3420665,3420665,4025665
3420824,3420824,4025665
3421054,3421054,4025665
3421141,3421141,4025665
3423462,3423462,4025665
3423615,3423615,4025665
3423665,3423665,4025665
3423845,3423845,4025665
3424420,3424420,4025665
3425020,3425020,4025665
3427135,3427135,4025665
3427418,3427418,4025665
3428320,3428320,4025665
3428518,3428518,4025665
3428881,3428881,4025665
3428902,3428902,4025665
3429383,3429383,4025665
3429762,3429762,4025665
3430428,3430428,4025665
3432056,3432056,4025665
3432962,3432962,4025665
3432968,3432968,4025665
3433772,3433772,4025665
3434887,3434887,4025665
3436428,3436428,4025665
3436676,3436676,4025665
3437351,3437351,4025665
3438169,3438169,4025665
3438315,3438315,4025665
3438488,3438488,4025665
3439371,3439371,4025665
3439387,3439387,4025665
3439408,3439408,4025665
3439657,3439657,4025665
3440645,3440645,4025665
3440704,3440704,4025665
3441060,3441060,4025665
3441538,3441538,4025665
3442489,3442489,4025665
3443902,3443902,4025665
3444118,3444118,4025665
3444612,3444612,4025665
3445986,3445986,4025665
3446216,3446216,4025665
3446243,3446243,4025665
3446335,3446335,4025665
3446380,3446380,4025665
3446830,3446830,4025665
3447043,3447043,4025665
3447276,3447276,4025665
3447840,3447840,4025665
3447947,3447947,4025665
3449705,3449705,4025665
3452422,3452422,4025665
3454102,3454102,4025665
3454225,3454225,4025665
3454369,3454369,4025665
3454772,3454772,4025665
3454799,3454799,4025665
3454799,3454799,4025665
3454881,3454881,4025665
3455567,3455567,4025665
3455594,3455594,4025665
3455804,3455804,4025665
3456687,3456687,4025665
3457449,3457449,4025665
3457881,3457881,4025665
3458317,3458317,4025665
3458861,3458861,4025665
3459356,3459356,4025665
3459561,3459561,4025665
3459625,3459625,4025665
3459705,3459705,4025665
3459905,3459905,4025665
3460242,3460242,4025665
3460856,3460856,4025665
3462933,3462933,4025665
3463103,3463103,4025665
3463175,3463175,4025665
3463437,3463437,4025665
3463681,3463681,4025665
3465004,3465004,4025665
3465082,3465082,4025665
3465688,3465688,4025665
3466810,3466810,4025665
3467120,3467120,4025665
3468174,3468174,4025665
3468538,3468538,4025665
3468802,3468802,4025665
3469093,3469093,4025665
3469446,3469446,4025665
3469721,3469721,4025665
3469935,3469935,4025665
3471250,3471250,4025665
3471304,3471304,4025665
3471535,3471535,4025665
3471863,3471863,4025665
3472084,3472084,4025665
3472213,3472213,4025665
3472966,3472966,4025665
3472969,3472969,4025665
3474390,3474390,4025665
3474409,3474409,4025665
3474713,3474713,4025665
3476260,3476260,4025665
3476897,3476897,4025665
3477727,3477727,4025665
3477927,3477927,4025665
3477963,3477963,4025665
3478423,3478423,4025665
3479273,3479273,4025665
3479625,3479625,4025665
3480156,3480156,4025665
3481907,3481907,4025665
3483497,3483497,4025665
3483800,3483800,4025665
3484255,3484255,4025665
3484481,3484481,4025665
3484697,3484697,4025665
3484986,3484986,4025665
3485020,3485020,4025665
3485272,3485272,4025665
3485805,3485805,4025665
3485838,3485838,4025665
3486149,3486149,4025665
3486802,3486802,4025665
3487267,3487267,4025665
3487275,3487275,4025665
3487811,3487811,4025665
3487917,3487917,4025665
3487929,3487929,4025665
3488144,3488144,4025665
3489073,3489073,4025665
3489149,3489149,4025665
3489216,3489216,4025665
3489250,3489250,4025665
3490286,3490286,4025665
3490423,3490423,4025665
3491134,3491134,4025665
3491542,3491542,4025665
3491808,3491808,4025665
3492928,3492928,4025665
3492984,3492984,4025665
3493857,3493857,4025665
3495387,3495387,4025665
3495875,3495875,4025665
3496983,3496983,4025665
3497028,3497028,4025665
3497112,3497112,4025665
3497525,3497525,4025665
3497729,3497729,4025665
3498009,3498009,4025665
3498377,3498377,4025665
3498694,3498694,4025665
3499242,3499242,4025665
3500362,3500362,4025665
3500638,3500638,4025665
3500746,3500746,4025665
3501055,3501055,4025665
3501208,3501208,4025665
3501507,3501507,4025665
3501550,3501550,4025665
3502119,3502119,4025665
3502412,3502412,4025665
3502843,3502843,4025665
3503738,3503738,4025665
3503919,3503919,4025665
3504225,3504225,4025665
3504303,3504303,4025665
3504367,3504367,4025665
3504442,3504442,4025665
3504789,3504789,4025665
3504875,3504875,4025665
3505423,3505423,4025665
3505870,3505870,4025665
3506078,3506078,4025665
3506515,3506515,4025665
3507144,3507144,4025665
3507341,3507341,4025665
3507497,3507497,4025665
3507698,3507698,4025665
3507699,3507699,4025665
3508213,3508213,4025665
3508695,3508695,4025665
3509311,3509311,4025665
3509320,3509320,4025665
3509374,3509374,4025665
3511184,3511184,4025665
3511281,3511281,4025665
3512034,3512034,4025665
3513638,3513638,4025665
3513738,3513738,4025665
3514436,3514436,4025665
3515468,3515468,4025665
3516304,3516304,4025665
3516380,3516380,4025665
3516511,3516511,4025665
3517035,3517035,4025665
3517176,3517176,4025665
3517320,3517320,4025665
3519203,3519203,4025665
3519878,3519878,4025665
3520341,3520341,4025665
3520512,3520512,4025665
3520521,3520521,4025665
3520994,3520994,4025665
3521247,3521247,4025665
3521784,3521784,4025665
3522553,3522553,4025665
3522555,3522555,4025665
3522584,3522584,4025665
3522614,3522614,4025665
3522706,3522706,4025665
3523307,3523307,4025665
3523874,3523874,4025665
3524084,3524084,4025665
3524131,3524131,4025665
3524214,3524214,4025665
3524263,3524263,4025665
3524870,3524870,4025665
3524948,3524948,4025665
3526273,3526273,4025665
3527034,3527034,4025665
3527404,3527404,4025665
3527573,3527573,4025665
3527836,3527836,4025665
3528121,3528121,4025665
3531451,3531451,4025665
3531786,3531786,4025665
3531827,3531827,4025665
3532303,3532303,4025665
3532481,3532481,4025665
3533036,3533036,4025665
3534264,3534264,4025665
3534656,3534656,4025665
3534781,3534781,4025665
3535606,3535606,4025665
3535965,3535965,4025665
3536063,3536063,4025665
3536658,3536658,4025665
3536784,3536784,4025665
3537067,3537067,4025665
3537532,3537532,4025665
3538548,3538548,4025665
3538708,3538708,4025665
3538748,3538748,4025665
3538874,3538874,4025665
3539459,3539459,4025665
3539847,3539847,4025665
3540146,3540146,4025665
3540261,3540261,4025665
3540440,3540440,4025665
3540504,3540504,4025665
3540733,3540733,4025665
3540846,3540846,4025665
3540852,3540852,4025665
3540870,3540870,4025665
3541067,3541067,4025665
3541664,3541664,4025665
3542362,3542362,4025665
3542911,3542911,4025665
3543197,3543197,4025665
3543650,3543650,4025665
3543732,3543732,4025665
3544151,3544151,4025665
3544248,3544248,4025665
3544294,3544294,4025665
3544633,3544633,4025665
3544702,3544702,4025665
3545436,3545436,4025665
3546065,3546065,4025665
3547142,3547142,4025665
3547415,3547415,4025665
3547735,3547735,4025665
3548386,3548386,4025665
3548586,3548586,4025665
3548999,3548999,4025665
3549658,3549658,4025665
3549763,3549763,4025665
3549808,3549808,4025665
3549922,3549922,4025665
3551331,3551331,4025665
3552285,3552285,4025665
3552312,3552312,4025665
3552407,3552407,4025665
3552796,3552796,4025665
3552799,3552799,4025665
3552867,3552867,4025665
3553410,3553410,4025665
3553781,3553781,4025665
3555500,3555500,4025665
3555750,3555750,4025665
3555772,3555772,4025665
3556174,3556174,4025665
3556428,3556428,4025665
3557273,3557273,4025665
3558058,3558058,4025665
3558589,3558589,4025665
3558777,3558777,4025665
3559460,3559460,4025665
3559531,3559531,4025665
3559660,3559660,4025665
3559703,3559703,4025665
3560089,3560089,4025665
3560277,3560277,4025665
3560499,3560499,4025665
3560797,3560797,4025665
3561076,3561076,4025665
3561230,3561230,4025665
3561918,3561918,4025665
3562015,3562015,4025665
3562029,3562029,4025665
3564016,3564016,4025665
3564305,3564305,4025665
3565162,3565162,4025665
3565667,3565667,4025665
3566637,3566637,4025665
3567358,3567358,4025665
3568812,3568812,4025665
3569512,3569512,4025665
3570494,3570494,4025665
3570509,3570509,4025665
3570597,3570597,4025665
3570756,3570756,4025665
3570851,3570851,4025665
3570909,3570909,4025665
3571766,3571766,4025665
3571836,3571836,4025665
3572526,3572526,4025665
3572547,3572547,4025665
3573701,3573701,4025665
3573743,3573743,4025665
3574018,3574018,4025665
3574195,3574195,4025665
3574258,3574258,4025665
3574799,3574799,4025665
3575049,3575049,4025665
3575058,3575058,4025665
3575171,3575171,4025665
3575386,3575386,4025665
3575721,3575721,4025665
3575763,3575763,4025665
3576542,3576542,4025665
3576926,3576926,4025665
3577231,3577231,4025665
3577296,3577296,4025665
3577664,3577664,4025665
3577772,3577772,4025665
3578285,3578285,4025665
3579058,3579058,4025665
3579539,3579539,4025665
3580136,3580136,4025665
3581849,3581849,4025665
3582726,3582726,4025665
3583477,3583477,4025665
3584799,3584799,4025665
3585702,3585702,4025665
3585845,3585845,4025665
3586144,3586144,4025665
3586290,3586290,4025665
3587462,3587462,4025665
3589209,3589209,4025665
3589803,3589803,4025665
3589841,3589841,4025665
3590139,3590139,4025665
3590577,3590577,4025665
3590733,3590733,4025665
3590828,3590828,4025665
3591890,3591890,4025665
3592433,3592433,4025665
3592492,3592492,4025665
3593479,3593479,4025665
3594576,3594576,4025665
3594682,3594682,4025665
3594819,3594819,4025665
3595031,3595031,4025665
3595051,3595051,4025665
3596689,3596689,4025665
3597254,3597254,4025665
3597605,3597605,4025665
3598037,3598037,4025665
3598325,3598325,4025665
3598407,3598407,4025665
3598530,3598530,4025665
3598802,3598802,4025665
3599714,3599714,4025665
3600183,3600183,4025665
3600344,3600344,4025665
3600792,3600792,4025665
3601284,3601284,4025665
3601308,3601308,4025665
3602494,3602494,4025665
3602701,3602701,4025665
3603992,3603992,4025665
3604067,3604067,4025665
3604192,3604192,4025665
3605583,3605583,4025665
3605765,3605765,4025665
3605878,3605878,4025665
3606163,3606163,4025665
3606476,3606476,4025665
3607069,3607069,4025665
3607325,3607325,4025665
3607453,3607453,4025665
3608016,3608016,4025665
3609431,3609431,4025665
3609612,3609612,4025665
3609854,3609854,4025665
3609880,3609880,4025665
3610846,3610846,4025665
3611509,3611509,4025665
3611618,3611618,4025665
3612133,3612133,4025665
3613197,3613197,4025665
3613587,3613587,4025665
3613940,3613940,4025665
3615017,3615017,4025665
3616285,3616285,4025665
3616801,3616801,4025665
3617056,3617056,4025665
3617440,3617440,4025665
3617923,3617923,4025665
3618002,3618002,4025665
3618261,3618261,4025665
3619272,3619272,4025665
3620307,3620307,4025665
3621607,3621607,4025665
3621624,3621624,4025665
3623286,3623286,4025665
3624370,3624370,4025665
3624622,3624622,4025665
3624797,3624797,4025665
3625793,3625793,4025665
3626633,3626633,4025665
3626739,3626739,4025665
3627394,3627394,4025665
3628324,3628324,4025665
3629298,3629298,4025665
3629352,3629352,4025665
3629729,3629729,4025665
3630890,3630890,4025665
3631570,3631570,4025665
3631883,3631883,4025665
3632348,3632348,4025665
3632664,3632664,4025665
3632799,3632799,4025665
3633261,3633261,4025665
3633411,3633411,4025665
3633782,3633782,4025665
3633845,3633845,4025665
3633978,3633978,4025665
3634300,3634300,4025665
3634553,3634553,4025665
3635073,3635073,4025665
3635377,3635377,4025665
3635526,3635526,4025665
3635852,3635852,4025665
3636322,3636322,4025665
3636330,3636330,4025665
3637374,3637374,4025665
3637588,3637588,4025665
3637852,3637852,4025665
3637950,3637950,4025665
3638182,3638182,4025665
3639425,3639425,4025665
3639507,3639507,4025665
3639740,3639740,4025665
3640836,3640836,4025665
3641799,3641799,4025665
3641814,3641814,4025665
3641826,3641826,4025665
3642237,3642237,4025665
3642420,3642420,4025665
3643042,3643042,4025665
3643340,3643340,4025665
3643581,3643581,4025665
3644019,3644019,4025665
3644157,3644157,4025665
3645154,3645154,4025665
3645697,3645697,4025665
3646078,3646078,4025665
3646315,3646315,4025665
3646454,3646454,4025665
3646760,3646760,4025665
3647606,3647606,4025665
3648368,3648368,4025665
3649057,3649057,4025665
3649079,3649079,4025665
3649935,3649935,4025665
3650108,3650108,4025665
3650141,3650141,4025665
3650247,3650247,4025665
3651538,3651538,4025665
3651582,3651582,4025665
3651921,3651921,4025665
3652245,3652245,4025665
3652601,3652601,4025665
3652668,3652668,4025665
3652949,3652949,4025665
3653605,3653605,4025665
3653851,3653851,4025665
3653876,3653876,4025665
3654096,3654096,4025665
3654446,3654446,4025665
3655039,3655039,4025665
3657309,3657309,4025665
3657689,3657689,4025665
3658031,3658031,4025665
3658514,3658514,4025665
3658967,3658967,4025665
3659501,3659501,4025665
3659609,3659609,4025665
3660548,3660548,4025665
3660915,3660915,4025665
3661342,3661342,4025665
3662065,3662065,4025665
3662522,3662522,4025665
3662573,3662573,4025665
3662987,3662987,4025665
3663517,3663517,4025665
3664451,3664451,4025665
3665543,3665543,4025665
3666107,3666107,4025665
3666309,3666309,4025665
3666548,3666548,4025665
3666747,3666747,4025665
3666899,3666899,4025665
3667164,3667164,4025665
3668151,3668151,4025665
3668278,3668278,4025665
3670419,3670419,4025665
3670627,3670627,4025665
3671045,3671045,4025665
3671113,3671113,4025665
3671209,3671209,4025665
3672581,3672581,4025665
3673268,3673268,4025665
3673569,3673569,4025665
3673827,3673827,4025665
3674277,3674277,4025665
3674394,3674394,4025665
3675615,3675615,4025665
3676802,3676802,4025665
3677813,3677813,4025665
3678584,3678584,4025665
3679412,3679412,4025665
3679543,3679543,4025665
3679793,3679793,4025665
3680227,3680227,4025665
3681131,3681131,4025665
3681767,3681767,4025665
3682203,3682203,4025665
3682322,3682322,4025665
3682747,3682747,4025665
3682772,3682772,4025665
3684104,3684104,4025665
3684555,3684555,4025665
3685108,3685108,4025665
3685580,3685580,4025665
3686245,3686245,4025665
3686465,3686465,4025665
3686977,3686977,4025665
3687189,3687189,4025665
3687205,3687205,4025665
3688003,3688003,4025665
3688160,3688160,4025665
3688359,3688359,4025665
3689730,3689730,4025665
3689837,3689837,4025665
3690363,3690363,4025665
3691203,3691203,4025665
3692121,3692121,4025665
3692179,3692179,4025665
3692289,3692289,4025665
3693275,3693275,4025665
3693279,3693279,4025665
3693595,3693595,4025665
3694021,3694021,4025665
3694184,3694184,4025665
3694648,3694648,4025665
3694720,3694720,4025665
3694816,3694816,4025665
3695785,3695785,4025665
3696633,3696633,4025665
3696882,3696882,4025665
3696930,3696930,4025665
3696969,3696969,4025665
3697491,3697491,4025665
3699095,3699095,4025665
3699366,3699366,4025665
3700058,3700058,4025665
3700683,3700683,4025665
3701136,3701136,4025665
3701165,3701165,4025665
3701573,3701573,4025665
3702207,3702207,4025665
3702357,3702357,4025665
3702788,3702788,4025665
3704214,3704214,4025665
3704259,3704259,4025665
3704594,3704594,4025665
3704861,3704861,4025665
3705355,3705355,4025665
3706901,3706901,4025665
3707645,3707645,4025665
3708098,3708098,4025665
3708421,3708421,4025665
3709640,3709640,4025665
3709959,3709959,4025665
3710112,3710112,4025665
3710377,3710377,4025665
3710491,3710491,4025665
3711016,3711016,4025665
3711084,3711084,4025665
3711146,3711146,4025665
3711400,3711400,4025665
3711564,3711564,4025665
3712155,3712155,4025665
3712237,3712237,4025665
3712251,3712251,4025665
3712642,3712642,4025665
3713150,3713150,4025665
3713875,3713875,4025665
3715804,3715804,4025665
3715920,3715920,4025665
3716193,3716193,4025665
3717125,3717125,4025665
3717311,3717311,4025665
3717312,3717312,4025665
3717320,3717320,4025665
3718117,3718117,4025665
3718255,3718255,4025665
3719132,3719132,4025665
3719731,3719731,4025665
3720853,3720853,4025665
3722296,3722296,4025665
3722806,3722806,4025665
3723359,3723359,4025665
3723750,3723750,4025665
3725510,3725510,4025665
3726320,3726320,4025665
3726436,3726436,4025665
3726959,3726959,4025665
3727183,3727183,4025665
3727245,3727245,4025665
3727547,3727547,4025665
3728249,3728249,4025665
3728257,3728257,4025665
3729468,3729468,4025665
3730257,3730257,4025665
3730430,3730430,4025665
3731426,3731426,4025665
3731460,3731460,4025665
3731546,3731546,4025665
3732606,3732606,4025665
3732726,3732726,4025665
3732916,3732916,4025665
3733487,3733487,4025665
3733852,3733852,4025665
3733911,3733911,4025665
3734011,3734011,4025665
3734227,3734227,4025665
3734264,3734264,4025665
3734713,3734713,4025665
3735337,3735337,4025665
3735904,3735904,4025665
3737209,3737209,4025665
3737279,3737279,4025665
3737796,3737796,4025665
3738058,3738058,4025665
3738464,3738464,4025665
3739545,3739545,4025665
3739607,3739607,4025665
3739678,3739678,4025665
3739794,3739794,4025665
3740284,3740284,4025665
3741789,3741789,4025665
3742774,3742774,4025665
3743166,3743166,4025665
3743619,3743619,4025665
3743761,3743761,4025665
3743883,3743883,4025665
3744203,3744203,4025665
3744705,3744705,4025665
3744718,3744718,4025665
3744772,3744772,4025665
3744819,3744819,4025665
3746559,3746559,4025665
3746707,3746707,4025665
3747532,3747532,4025665
3750070,3750070,4025665
3751798,3751798,4025665
3751936,3751936,4025665
3752496,3752496,4025665
3752960,3752960,4025665
3753072,3753072,4025665
3753216,3753216,4025665
3753256,3753256,4025665
3753427,3753427,4025665
3753593,3753593,4025665
3753665,3753665,4025665
3754045,3754045,4025665
3754377,3754377,4025665
3754448,3754448,4025665
3754773,3754773,4025665
3756443,3756443,4025665
3757420,3757420,4025665
3758423,3758423,4025665
3758661,3758661,4025665
3758707,3758707,4025665
3759020,3759020,4025665
3759414,3759414,4025665
3760270,3760270,4025665
3761703,3761703,4025665
3761986,3761986,4025665
3762801,3762801,4025665
3763233,3763233,4025665
3763807,3763807,4025665
3764420,3764420,4025665
3764971,3764971,4025665
3765545,3765545,4025665
3765590,3765590,4025665
3765855,3765855,4025665
3766665,3766665,4025665
3766669,3766669,4025665
3767600,3767600,4025665
3767622,3767622,4025665
3767625,3767625,4025665
3767887,3767887,4025665
3768209,3768209,4025665
3768429,3768429,4025665
3768619,3768619,4025665
3769202,3769202,4025665
3769545,3769545,4025665
3770334,3770334,4025665
3771054,3771054,4025665
3771130,3771130,4025665
3771349,3771349,4025665
3771818,3771818,4025665
3772158,3772158,4025665
3772654,3772654,4025665
3772714,3772714,4025665
3773603,3773603,4025665
3774063,3774063,4025665
3775145,3775145,4025665
3775181,3775181,4025665
3776334,3776334,4025665
3776706,3776706,4025665
3777226,3777226,4025665
3777271,3777271,4025665
3777958,3777958,4025665
3777998,3777998,4025665
3778630,3778630,4025665
3778750,3778750,4025665
3778964,3778964,4025665
3779249,3779249,4025665
3779544,3779544,4025665
3779757,3779757,4025665
3779984,3779984,4025665
3780037,3780037,4025665
3780108,3780108,4025665
3780202,3780202,4025665
3780483,3780483,4025665
3780679,3780679,4025665
3781374,3781374,4025665
3781478,3781478,4025665
3781876,3781876,4025665
3782047,3782047,4025665
3782282,3782282,4025665
3783311,3783311,4025665
3783353,3783353,4025665
3783566,3783566,4025665
3783624,3783624,4025665
3784463,3784463,4025665
3784998,3784998,4025665
3785107,3785107,4025665
3785200,3785200,4025665
3785458,3785458,4025665
3786647,3786647,4025665
3786869,3786869,4025665
3788342,3788342,4025665
3788726,3788726,4025665
3788776,3788776,4025665
3789227,3789227,4025665
3789737,3789737,4025665
3789814,3789814,4025665
3790024,3790024,4025665
3790079,3790079,4025665
3790299,3790299,4025665
3790623,3790623,4025665
3790722,3790722,4025665
3790763,3790763,4025665
3790837,3790837,4025665
3791250,3791250,4025665
3791438,3791438,4025665
3791748,3791748,4025665
3792069,3792069,4025665
3792635,3792635,4025665
3793192,3793192,4025665
3793797,3793797,4025665
3793970,3793970,4025665
3794477,3794477,4025665
3794525,3794525,4025665
3794649,3794649,4025665
3795210,3795210,4025665
3796139,3796139,4025665
3796420,3796420,4025665
3796703,3796703,4025665
3797693,3797693,4025665
3798206,3798206,4025665
3798363,3798363,4025665
3798987,3798987,4025665
3799271,3799271,4025665
3800247,3800247,4025665
3801590,3801590,4025665
3801599,3801599,4025665
3801804,3801804,4025665
3802024,3802024,4025665
3802029,3802029,4025665
3802456,3802456,4025665
3803098,3803098,4025665
3803245,3803245,4025665
3803539,3803539,4025665
3804875,3804875,4025665
3805076,3805076,4025665
3805953,3805953,4025665
3806995,3806995,4025665
3807420,3807420,4025665
3808246,3808246,4025665
3808719,3808719,4025665
3809209,3809209,4025665
3810882,3810882,4025665
3810946,3810946,4025665
3811349,3811349,4025665
3811610,3811610,4025665
3813072,3813072,4025665
3813111,3813111,4025665
3813349,3813349,4025665
3814593,3814593,4025665
3814981,3814981,4025665
3814986,3814986,4025665
3815581,3815581,4025665
3815841,3815841,4025665
3816016,3816016,4025665
3818084,3818084,4025665
3819394,3819394,4025665
3821146,3821146,4025665
3821669,3821669,4025665
3821780,3821780,4025665
3822505,3822505,4025665
3822702,3822702,4025665
3823078,3823078,4025665
3823152,3823152,4025665
3823228,3823228,4025665
3823544,3823544,4025665
3823773,3823773,4025665
3825725,3825725,4025665
3826052,3826052,4025665
3826072,3826072,4025665
3826192,3826192,4025665
3826377,3826377,4025665
3827910,3827910,4025665
3828115,3828115,4025665
3828300,3828300,4025665
3828607,3828607,4025665
3828882,3828882,4025665
3829034,3829034,4025665
3829522,3829522,4025665
3829670,3829670,4025665
3829706,3829706,4025665
3829983,3829983,4025665
3830126,3830126,4025665
3830965,3830965,4025665
3831731,3831731,4025665
3832936,3832936,4025665
3833390,3833390,4025665
3833667,3833667,4025665
3834615,3834615,4025665
3834996,3834996,4025665
3835898,3835898,4025665
3836465,3836465,4025665
3836965,3836965,4025665
3837057,3837057,4025665
3837975,3837975,4025665
3838196,3838196,4025665
3839547,3839547,4025665
3839735,3839735,4025665
3840287,3840287,4025665
3841587,3841587,4025665
3841782,3841782,4025665
3842123,3842123,4025665
3842280,3842280,4025665
3844366,3844366,4025665
3844424,3844424,4025665
3846273,3846273,4025665
3846693,3846693,4025665
3847458,3847458,4025665
3847495,3847495,4025665
3850297,3850297,4025665
3850641,3850641,4025665
3850771,3850771,4025665
3851064,3851064,4025665
3851571,3851571,4025665
3851716,3851716,4025665
3851781,3851781,4025665
3851875,3851875,4025665
3852024,3852024,4025665
3853383,3853383,4025665
3853963,3853963,4025665
3854292,3854292,4025665
3854325,3854325,4025665
3854536,3854536,4025665
3855239,3855239,4025665
3855470,3855470,4025665
3855598,3855598,4025665
3855659,3855659,4025665
3855984,3855984,4025665
3856242,3856242,4025665
3856305,3856305,4025665
3856637,3856637,4025665
3857036,3857036,4025665
3857090,3857090,4025665
3858829,3858829,4025665
3859370,3859370,4025665
3860329,3860329,4025665
3861864,3861864,4025665
3862227,3862227,4025665
3862989,3862989,4025665
3863083,3863083,4025665
3863938,3863938,4025665
3863963,3863963,4025665
3864019,3864019,4025665
3864964,3864964,4025665
3867024,3867024,4025665
3867501,3867501,4025665
3868127,3868127,4025665
3868727,3868727,4025665
3869399,3869399,4025665
3869768,3869768,4025665
3869931,3869931,4025665
3871565,3871565,4025665
3872260,3872260,4025665
3872790,3872790,4025665
3872962,3872962,4025665
3873105,3873105,4025665
3873519,3873519,4025665
3873591,3873591,4025665
3873907,3873907,4025665
3874198,3874198,4025665
3874214,3874214,4025665
3874485,3874485,4025665
3875290,3875290,4025665
3875908,3875908,4025665
3875979,3875979,4025665
3876627,3876627,4025665
3876720,3876720,4025665
3877802,3877802,4025665
3878680,3878680,4025665
3879217,3879217,4025665
3880061,3880061,4025665
3880164,3880164,4025665
3880412,3880412,4025665
3880431,3880431,4025665
3880622,3880622,4025665
3881631,3881631,4025665
3881648,3881648,4025665
3882243,3882243,4025665
3882279,3882279,4025665
3882693,3882693,4025665
3882984,3882984,4025665
3883324,3883324,4025665
3884222,3884222,4025665
3884315,3884315,4025665
3885835,3885835,4025665
3886301,3886301,4025665
3886957,3886957,4025665
3887578,3887578,4025665
3888171,3888171,4025665
3888464,3888464,4025665
3888706,3888706,4025665
3888807,3888807,4025665
3888956,3888956,4025665
3888986,3888986,4025665
3889022,3889022,4025665
3889255,3889255,4025665
3889505,3889505,4025665
3890188,3890188,4025665
3890377,3890377,4025665
3891485,3891485,4025665
3891856,3891856,4025665
3892485,3892485,4025665
3893132,3893132,4025665
3893889,3893889,4025665
3894068,3894068,4025665
3894462,3894462,4025665
3894978,3894978,4025665
3895165,3895165,4025665
3895892,3895892,4025665
3896897,3896897,4025665
3896939,3896939,4025665
3896960,3896960,4025665
3897643,3897643,4025665
3897892,3897892,4025665
3898854,3898854,4025665
3899048,3899048,4025665
3900730,3900730,4025665
3901555,3901555,4025665
3902007,3902007,4025665
3902013,3902013,4025665
3902168,3902168,4025665
3902446,3902446,4025665
3904595,3904595,4025665
3904667,3904667,4025665
3905113,3905113,4025665
3905448,3905448,4025665
3905889,3905889,4025665
3906921,3906921,4025665
3907580,3907580,4025665
3908239,3908239,4025665
3908615,3908615,4025665
3909807,3909807,4025665
3909807,3909807,4025665
3910396,3910396,4025665
3910653,3910653,4025665
3910898,3910898,4025665
3911445,3911445,4025665
3911997,3911997,4025665
3912132,3912132,4025665
3912479,3912479,4025665
3912635,3912635,4025665
3912681,3912681,4025665
3912765,3912765,4025665
3913269,3913269,4025665
3913670,3913670,4025665
3913823,3913823,4025665
3913861,3913861,4025665
3914081,3914081,4025665
3914369,3914369,4025665
3914696,3914696,4025665
3915235,3915235,4025665
3915323,3915323,4025665
3915885,3915885,4025665
3915919,3915919,4025665
3916051,3916051,4025665
3916598,3916598,4025665
3916775,3916775,4025665
3917928,3917928,4025665
3918827,3918827,4025665
3919340,3919340,4025665
3919560,3919560,4025665
3920808,3920808,4025665
3920837,3920837,4025665
3920892,3920892,4025665
3921175,3921175,4025665
3921194,3921194,4025665
3921998,3921998,4025665
3922075,3922075,4025665
3922417,3922417,4025665
3922604,3922604,4025665
3922800,3922800,4025665
3925254,3925254,4025665
3925341,3925341,4025665
3925641,3925641,4025665
3927104,3927104,4025665
3927411,3927411,4025665
3927607,3927607,4025665
3927963,3927963,4025665
3928131,3928131,4025665
3929021,3929021,4025665
3929458,3929458,4025665
3929492,3929492,4025665
3930153,3930153,4025665
3930262,3930262,4025665
3931284,3931284,4025665
3932030,3932030,4025665
3932716,3932716,4025665
3934703,3934703,4025665
3936696,3936696,4025665
3936895,3936895,4025665
3937523,3937523,4025665
3937668,3937668,4025665
3937833,3937833,4025665
3939562,3939562,4025665
3939943,3939943,4025665
3940388,3940388,4025665
3940460,3940460,4025665
3940470,3940470,4025665
3941017,3941017,4025665
3942099,3942099,4025665
3942710,3942710,4025665
3942843,3942843,4025665
3943349,3943349,4025665
3943529,3943529,4025665
3943802,3943802,4025665
3944285,3944285,4025665
3944520,3944520,4025665
3944643,3944643,4025665
3944679,3944679,4025665
3944683,3944683,4025665
3945368,3945368,4025665
3946071,3946071,4025665
3946244,3946244,4025665
3946298,3946298,4025665
3946351,3946351,4025665
3946702,3946702,4025665
3947032,3947032,4025665
3947331,3947331,4025665
3947344,3947344,4025665
3948216,3948216,4025665
3948872,3948872,4025665
3949915,3949915,4025665
3950627,3950627,4025665
3950866,3950866,4025665
3951424,3951424,4025665
3951612,3951612,4025665
3952421,3952421,4025665
3953229,3953229,4025665
3953291,3953291,4025665
3953302,3953302,4025665
3953356,3953356,4025665
3953460,3953460,4025665
3953701,3953701,4025665
3953913,3953913,4025665
3954427,3954427,4025665
3954567,3954567,4025665
3954720,3954720,4025665
3954794,3954794,4025665
3954886,3954886,4025665
3954945,3954945,4025665
3954952,3954952,4025665
3955149,3955149,4025665
3955893,3955893,4025665
3955930,3955930,4025665
3956282,3956282,4025665
3957563,3957563,4025665
3957708,3957708,4025665
3957859,3957859,4025665
3957870,3957870,4025665
3957877,3957877,4025665
3958260,3958260,4025665
3958424,3958424,4025665
3958815,3958815,4025665
3958935,3958935,4025665
3959186,3959186,4025665
3960292,3960292,4025665
3960704,3960704,4025665
3960849,3960849,4025665
3960923,3960923,4025665
3960986,3960986,4025665
3961253,3961253,4025665
3961257,3961257,4025665
3961771,3961771,4025665
3961856,3961856,4025665
3961915,3961915,4025665
3961940,3961940,4025665
3963308,3963308,4025665
3963409,3963409,4025665
3963830,3963830,4025665
3964067,3964067,4025665
3964244,3964244,4025665
3964290,3964290,4025665
3964572,3964572,4025665
3964886,3964886,4025665
3965934,3965934,4025665
3965943,3965943,4025665
3966723,3966723,4025665
3966869,3966869,4025665
3967520,3967520,4025665
3967896,3967896,4025665
3967934,3967934,4025665
3968000,3968000,4025665
3968068,3968068,4025665
3968883,3968883,4025665
3969057,3969057,4025665
3969437,3969437,4025665
3970067,3970067,4025665
3970409,3970409,4025665
3970821,3970821,4025665
3971300,3971300,4025665
3971957,3971957,4025665
3972286,3972286,4025665
3973780,3973780,4025665
3973833,3973833,4025665
3974136,3974136,4025665
3974156,3974156,4025665
3974323,3974323,4025665
3974430,3974430,4025665
3974936,3974936,4025665
3975132,3975132,4025665
3975230,3975230,4025665
3975308,3975308,4025665
3975435,3975435,4025665
3975625,3975625,4025665
3975718,3975718,4025665
3975898,3975898,4025665
3976603,3976603,4025665
3976737,3976737,4025665
3976756,3976756,4025665
3978179,3978179,4025665
3978984,3978984,4025665
3979484,3979484,4025665
3979600,3979600,4025665
3979674,3979674,4025665
3979692,3979692,4025665
3979706,3979706,4025665
3980018,3980018,4025665
3980552,3980552,4025665
3980910,3980910,4025665
3981013,3981013,4025665
3981094,3981094,4025665
3981954,3981954,4025665
3982009,3982009,4025665
3982333,3982333,4025665
3982809,3982809,4025665
3983129,3983129,4025665
3984386,3984386,4025665
3984876,3984876,4025665
3985150,3985150,4025665
3985786,3985786,4025665
3986543,3986543,4025665
3987377,3987377,4025665
3987972,3987972,4025665
3988278,3988278,4025665
3989693,3989693,4025665
3991167,3991167,4025665
3992314,3992314,4025665
3993078,3993078,4025665
3993180,3993180,4025665
3993469,3993469,4025665
3993747,3993747,4025665
3994085,3994085,4025665
3994422,3994422,4025665
3995418,3995418,4025665
3995712,3995712,4025665
3995801,3995801,4025665
3996088,3996088,4025665
3996169,3996169,4025665
3996642,3996642,4025665
3998202,3998202,4025665
3998271,3998271,4025665
4000075,4000075,4025665
4000099,4000099,4025665
4001015,4001015,4025665
4001419,4001419,4025665
4002273,4002273,4025665
4003132,4003132,4025665
4004646,4004646,4025665
4004934,4004934,4025665
4005044,4005044,4025665
4005074,4005074,4025665
4005633,4005633,4025665
4006236,4006236,4025665
4006508,4006508,4025665
4007235,4007235,4025665
4007303,4007303,4025665
4007589,4007589,4025665
4008806,4008806,4025665
4009398,4009398,4025665
4009745,4009745,4025665
4009835,4009835,4025665
4010604,4010604,4025665
4011329,4011329,4025665
4011943,4011943,4025665
4014063,4014063,4025665
4014217,4014217,4025665
4014710,4014710,4025665
4014829,4014829,4025665
4014906,4014906,4025665
4015192,4015192,4025665
4015317,4015317,4025665
4015423,4015423,4025665
4015914,4015914,4025665
4016781,4016781,4025665
4016792,4016792,4025665
4016922,4016922,4025665
4017455,4017455,4025665
4017816,4017816,4025665
4018389,4018389,4025665
4018516,4018516,4025665
4020121,4020121,4025665
4020132,4020132,4025665
4021396,4021396,4025665
4021769,4021769,4025665
4022055,4022055,4025665
4023112,4023112,4025665
4024734,4024734,4025665
4025654,4025654,4025665
4025994,4025994,6022961
4026203,4026203,6022961
4026403,4026403,6022961
4026965,4026965,6022961
4027020,4027020,6022961
4028403,4028403,6022961
4028451,4028451,6022961
4029814,4029814,6022961
4029825,4029825,6022961
4030077,4030077,6022961
4030315,4030315,6022961
4031777,4031777,6022961
4031850,4031850,6022961
4032282,4032282,6022961
4032463,4032463,6022961
4032639,4032639,6022961
4033515,4033515,6022961
4033669,4033669,6022961
4034245,4034245,6022961
4035953,4035953,6022961
4036142,4036142,6022961
4036590,4036590,6022961
4036631,4036631,6022961
4037560,4037560,6022961
4037652,4037652,6022961
4037771,4037771,6022961
4037781,4037781,6022961
4037955,4037955,6022961
4039741,4039741,6022961
4039790,4039790,6022961
4040264,4040264,6022961
4040899,4040899,6022961
4041147,4041147,6022961
4041659,4041659,6022961
4041694,4041694,6022961
4041937,4041937,6022961
4043006,4043006,6022961
4043870,4043870,6022961
4044869,4044869,6022961
4046173,4046173,6022961
4047128,4047128,6022961
4047685,4047685,6022961
4048018,4048018,6022961
4048355,4048355,6022961
4048681,4048681,6022961
4048885,4048885,6022961
4049754,4049754,6022961
4050828,4050828,6022961
4051004,4051004,6022961
4051424,4051424,6022961
4051913,4051913,6022961
4052185,4052185,6022961
4053184,4053184,6022961
4053501,4053501,6022961
4054308,4054308,6022961
4054370,4054370,6022961
4055000,4055000,6022961
4055563,4055563,6022961
4055907,4055907,6022961
4055938,4055938,6022961
4056444,4056444,6022961
4057202,4057202,6022961
4057296,4057296,6022961
4057363,4057363,6022961
4058013,4058013,6022961
4058565,4058565,6022961
4058962,4058962,6022961
4059287,4059287,6022961
4059650,4059650,6022961
4059692,4059692,6022961
4060076,4060076,6022961
4060127,4060127,6022961
4060434,4060434,6022961
4060687,4060687,6022961
4063047,4063047,6022961
4063468,4063468,6022961
4064293,4064293,6022961
4064537,4064537,6022961
4065298,4065298,6022961
4065966,4065966,6022961
4066311,4066311,6022961
4066926,4066926,6022961
4067933,4067933,6022961
4068638,4068638,6022961
4069639,4069639,6022961
4070389,4070389,6022961
4070555,4070555,6022961
4071534,4071534,6022961
4071601,4071601,6022961
4072269,4072269,6022961
4072362,4072362,6022961
4072584,4072584,6022961
4072850,4072850,6022961
4073052,4073052,6022961
4073058,4073058,6022961
4073194,4073194,6022961
4074539,4074539,6022961
4074820,4074820,6022961
4075993,4075993,6022961
4076109,4076109,6022961
4076509,4076509,6022961
4077155,4077155,6022961
4077724,4077724,6022961
4077889,4077889,6022961
4078205,4078205,6022961
4078767,4078767,6022961
4079213,4079213,6022961
4081020,4081020,6022961
4081150,4081150,6022961
4081405,4081405,6022961
4081806,4081806,6022961
4082320,4082320,6022961
4083346,4083346,6022961
4083625,4083625,6022961
4083795,4083795,6022961
4084548,4084548,6022961
4084970,4084970,6022961
4085027,4085027,6022961
4086062,4086062,6022961
4086579,4086579,6022961
4087422,4087422,6022961
4087441,4087441,6022961
4087481,4087481,6022961
4088572,4088572,6022961
4088590,4088590,6022961
4088650,4088650,6022961
4088822,4088822,6022961
4089254,4089254,6022961
4090088,4090088,6022961
4090510,4090510,6022961
4090954,4090954,6022961
4091160,4091160,6022961
4091371,4091371,6022961
4091617,4091617,6022961
4092353,4092353,6022961
4092417,4092417,6022961
4092420,4092420,6022961
4094797,4094797,6022961
4094912,4094912,6022961
4095135,4095135,6022961
4095676,4095676,6022961
4096360,4096360,6022961
4096896,4096896,6022961
4097307,4097307,6022961
4097503,4097503,6022961
4097833,4097833,6022961
4098091,4098091,6022961
4098111,4098111,6022961
4098612,4098612,6022961
4099350,4099350,6022961
4099628,4099628,6022961
4099786,4099786,6022961
4099955,4099955,6022961
4099999,4099999,6022961
4100668,4100668,6022961
4100944,4100944,6022961
4100951,4100951,6022961
4101069,4101069,6022961
4101212,4101212,6022961
4101461,4101461,6022961
4101503,4101503,6022961
4101733,4101733,6022961
4101925,4101925,6022961
4102462,4102462,6022961
4103170,4103170,6022961
4103417,4103417,6022961
4103778,4103778,6022961
4103797,4103797,6022961
4103804,4103804,6022961
4104077,4104077,6022961
4104140,4104140,6022961
4104307,4104307,6022961
4104436,4104436,6022961
4104455,4104455,6022961
4104522,4104522,6022961
4105545,4105545,6022961
4105853,4105853,6022961
4105906,4105906,6022961
4106056,4106056,6022961
4106108,4106108,6022961
4106294,4106294,6022961
4106403,4106403,6022961
4107434,4107434,6022961
4107858,4107858,6022961
4108142,4108142,6022961
4108240,4108240,6022961
4110671,4110671,6022961
4110710,4110710,6022961
4111100,4111100,6022961
4111925,4111925,6022961
4112144,4112144,6022961
4112149,4112149,6022961
4112758,4112758,6022961
4112803,4112803,6022961
4112884,4112884,6022961
4112937,4112937,6022961
4114440,4114440,6022961
4114837,4114837,6022961
4115237,4115237,6022961
4115500,4115500,6022961
4116406,4116406,6022961
4116862,4116862,6022961
4116926,4116926,6022961
4117289,4117289,6022961
4117547,4117547,6022961
4117876,4117876,6022961
4118723,4118723,6022961
4118888,4118888,6022961
4118896,4118896,6022961
4118900,4118900,6022961
4118937,4118937,6022961
4119749,4119749,6022961
4121079,4121079,6022961
4121637,4121637,6022961
4122019,4122019,6022961
4122615,4122615,6022961
4122814,4122814,6022961
4122864,4122864,6022961
4123685,4123685,6022961
4126088,4126088,6022961
4126445,4126445,6022961
4127150,4127150,6022961
4127234,4127234,6022961
4127850,4127850,6022961
4128621,4128621,6022961
4129200,4129200,6022961
4130578,4130578,6022961
4130984,4130984,6022961
4131198,4131198,6022961
4131273,4131273,6022961
4132314,4132314,6022961
4133196,4133196,6022961
4133534,4133534,6022961
4133993,4133993,6022961
4134708,4134708,6022961
4135092,4135092,6022961
4135338,4135338,6022961
4135677,4135677,6022961
4136469,4136469,6022961
4137019,4137019,6022961
4137939,4137939,6022961
4138513,4138513,6022961
4138726,4138726,6022961
4140012,4140012,6022961
4140478,4140478,6022961
4141822,4141822,6022961
4141914,4141914,6022961
4142213,4142213,6022961
4143641,4143641,6022961
4144183,4144183,6022961
4144732,4144732,6022961
4144914,4144914,6022961
4144969,4144969,6022961
4146795,4146795,6022961
4146909,4146909,6022961
4147133,4147133,6022961
4148653,4148653,6022961
4149267,4149267,6022961
4150352,4150352,6022961
4150598,4150598,6022961
4150817,4150817,6022961
4150956,4150956,6022961
4151340,4151340,6022961
4151352,4151352,6022961
4151532,4151532,6022961
4152437,4152437,6022961
4152517,4152517,6022961
4152915,4152915,6022961
4153154,4153154,6022961
4153667,4153667,6022961
4155348,4155348,6022961
4155432,4155432,6022961
4156072,4156072,6022961
4157149,4157149,6022961
4157505,4157505,6022961
4157917,4157917,6022961
4157919,4157919,6022961
4157981,4157981,6022961
4158961,4158961,6022961
4159113,4159113,6022961
4159245,4159245,6022961
4159309,4159309,6022961
4159697,4159697,6022961
4160008,4160008,6022961
4160383,4160383,6022961
4160385,4160385,6022961
4160629,4160629,6022961
4161275,4161275,6022961
4161463,4161463,6022961
4161523,4161523,6022961
4163719,4163719,6022961
4164352,4164352,6022961
4164576,4164576,6022961
4165050,4165050,6022961
4165683,4165683,6022961
4166267,4166267,6022961
4166720,4166720,6022961
4167295,4167295,6022961
4168006,4168006,6022961
4168188,4168188,6022961
4168240,4168240,6022961
4169435,4169435,6022961
4169929,4169929,6022961
4170541,4170541,6022961
4171008,4171008,6022961
4171918,4171918,6022961
4172502,4172502,6022961
4173391,4173391,6022961
4173694,4173694,6022961
4174152,4174152,6022961
4175132,4175132,6022961
4175636,4175636,6022961
4175966,4175966,6022961
4176083,4176083,6022961
4176184,4176184,6022961
4177152,4177152,6022961
4178339,4178339,6022961
4179253,4179253,6022961
4180142,4180142,6022961
4181010,4181010,6022961
4181794,4181794,6022961
4182950,4182950,6022961
4184186,4184186,6022961
4184491,4184491,6022961
4186039,4186039,6022961
4187283,4187283,6022961
4187285,4187285,6022961
4187536,4187536,6022961
4187771,4187771,6022961
4188319,4188319,6022961
4188450,4188450,6022961
4188875,4188875,6022961
4189251,4189251,6022961
4189589,4189589,6022961
4189652,4189652,6022961
4189914,4189914,6022961
4190491,4190491,6022961
4191409,4191409,6022961
4191636,4191636,6022961
4191679,4191679,6022961
4191774,4191774,6022961
4192988,4192988,6022961
4193003,4193003,6022961
4194428,4194428,6022961
4194430,4194430,6022961
4194566,4194566,6022961
4194997,4194997,6022961
4196014,4196014,6022961
4196524,4196524,6022961
4196876,4196876,6022961
4197063,4197063,6022961
4197143,4197143,6022961
4197685,4197685,6022961
4197933,4197933,6022961
4199101,4199101,6022961
4199219,4199219,6022961
4199383,4199383,6022961
4199385,4199385,6022961
4199746,4199746,6022961
4200047,4200047,6022961
4201135,4201135,6022961
4201423,4201423,6022961
4202159,4202159,6022961
4202534,4202534,6022961
4202548,4202548,6022961
4204552,4204552,6022961
4204957,4204957,6022961
4205621,4205621,6022961
4205626,4205626,6022961
4207075,4207075,6022961
4208149,4208149,6022961
4208576,4208576,6022961
4210226,4210226,6022961
4211001,4211001,6022961
4211156,4211156,6022961
4211520,4211520,6022961
4212254,4212254,6022961
4212357,4212357,6022961
4212690,4212690,6022961
4213314,4213314,6022961
4214158,4214158,6022961
4214426,4214426,6022961
4214611,4214611,6022961
4215750,4215750,6022961
4216427,4216427,6022961
4217012,4217012,6022961
4217585,4217585,6022961
4217794,4217794,6022961
4218291,4218291,6022961
4218681,4218681,6022961
4219385,4219385,6022961
4219899,4219899,6022961
4220173,4220173,6022961
4221959,4221959,6022961
4222173,4222173,6022961
4222413,4222413,6022961
4222799,4222799,6022961
4222998,4222998,6022961
4223649,4223649,6022961
4224048,4224048,6022961
4224576,4224576,6022961
4224592,4224592,6022961
4225323,4225323,6022961
4225334,4225334,6022961
4225753,4225753,6022961
4226165,4226165,6022961
4226463,4226463,6022961
4226611,4226611,6022961
4226799,4226799,6022961
4226899,4226899,6022961
4226983,4226983,6022961
4226994,4226994,6022961
4227282,4227282,6022961
4227391,4227391,6022961
4227565,4227565,6022961
4227750,4227750,6022961
4228478,4228478,6022961
4229879,4229879,6022961
4230019,4230019,6022961
4230896,4230896,6022961
4231271,4231271,6022961
4232272,4232272,6022961
4232892,4232892,6022961
4233413,4233413,6022961
4233777,4233777,6022961
4233865,4233865,6022961
4234188,4234188,6022961
4234916,4234916,6022961
4235179,4235179,6022961
4235669,4235669,6022961
4235971,4235971,6022961
4236615,4236615,6022961
4238880,4238880,6022961
4239331,4239331,6022961
4240150,4240150,6022961
4240381,4240381,6022961
4241224,4241224,6022961
4242549,4242549,6022961
4242584,4242584,6022961
4243128,4243128,6022961
4243342,4243342,6022961
4243971,4243971,6022961
4244804,4244804,6022961
4245236,4245236,6022961
4245632,4245632,6022961
4246042,4246042,6022961
4246246,4246246,6022961
4247883,4247883,6022961
4247914,4247914,6022961
4248481,4248481,6022961
4249218,4249218,6022961
4249724,4249724,6022961
4249726,4249726,6022961
4250517,4250517,6022961
4250606,4250606,6022961
4253780,4253780,6022961
4255626,4255626,6022961
4255855,4255855,6022961
4255923,4255923,6022961
4256019,4256019,6022961
4256642,4256642,6022961
4257265,4257265,6022961
4257535,4257535,6022961
4258325,4258325,6022961
4258539,4258539,6022961
4258954,4258954,6022961
4259966,4259966,6022961
4260150,4260150,6022961
4260563,4260563,6022961
4262062,4262062,6022961
4262076,4262076,6022961
4262115,4262115,6022961
4263906,4263906,6022961
4266625,4266625,6022961
4266722,4266722,6022961
4267292,4267292,6022961
4267933,4267933,6022961
4268296,4268296,6022961
4268353,4268353,6022961
4268607,4268607,6022961
4268719,4268719,6022961
4268853,4268853,6022961
4268868,4268868,6022961
4268919,4268919,6022961
4269130,4269130,6022961
4270816,4270816,6022961
4271335,4271335,6022961
4272050,4272050,6022961
4272531,4272531,6022961
4273704,4273704,6022961
4275410,4275410,6022961
4276250,4276250,6022961
4276491,4276491,6022961
4277099,4277099,6022961
4277325,4277325,6022961
4277509,4277509,6022961
4278031,4278031,6022961
4278073,4278073,6022961
4278152,4278152,6022961
4278188,4278188,6022961
4278314,4278314,6022961
4278337,4278337,6022961
4278386,4278386,6022961
4278923,4278923,6022961
4279663,4279663,6022961
4279834,4279834,6022961
4279842,4279842,6022961
4280228,4280228,6022961
4281288,4281288,6022961
4282479,4282479,6022961
4282629,4282629,6022961
4282714,4282714,6022961
4283230,4283230,6022961
4283461,4283461,6022961
4283499,4283499,6022961
4283792,4283792,6022961
4284732,4284732,6022961
4284771,4284771,6022961
4284941,4284941,6022961
4285830,4285830,6022961
4286201,4286201,6022961
4286482,4286482,6022961
4287123,4287123,6022961
4287566,4287566,6022961
4287751,4287751,6022961
4287905,4287905,6022961
4288331,4288331,6022961
4288396,4288396,6022961
4288774,4288774,6022961
4289454,4289454,6022961
4289749,4289749,6022961
4290075,4290075,6022961
4290634,4290634,6022961
4291744,4291744,6022961
4292037,4292037,6022961
4292765,4292765,6022961
4293093,4293093,6022961
4293163,4293163,6022961
4293519,4293519,6022961
4293884,4293884,6022961
4294821,4294821,6022961
4295274,4295274,6022961
4295428,4295428,6022961
4296337,4296337,6022961
4296428,4296428,6022961
4296439,4296439,6022961
4297401,4297401,6022961
4297495,4297495,6022961
4297523,4297523,6022961
4297721,4297721,6022961
4297986,4297986,6022961
4298089,4298089,6022961
4300932,4300932,6022961
4300984,4300984,6022961
4301302,4301302,6022961
4301307,4301307,6022961
4301350,4301350,6022961
4302182,4302182,6022961
4302742,4302742,6022961
4303086,4303086,6022961
4303744,4303744,6022961
4305954,4305954,6022961
4306050,4306050,6022961
4306148,4306148,6022961
4306186,4306186,6022961
4306458,4306458,6022961
4307840,4307840,6022961
4308657,4308657,6022961
4309141,4309141,6022961
4310245,4310245,6022961
4310527,4310527,6022961
4310562,4310562,6022961
4311974,4311974,6022961
4312077,4312077,6022961
4312111,4312111,6022961
4312468,4312468,6022961
4312695,4312695,6022961
4312986,4312986,6022961
4313047,4313047,6022961
4313246,4313246,6022961
4313454,4313454,6022961
4313554,4313554,6022961
4313933,4313933,6022961
4314309,4314309,6022961
4314578,4314578,6022961
4314661,4314661,6022961
4314800,4314800,6022961
4316692,4316692,6022961
4316778,4316778,6022961
4318494,4318494,6022961
4318645,4318645,6022961
4319465,4319465,6022961
4319506,4319506,6022961
4320010,4320010,6022961
4320379,4320379,6022961
4320516,4320516,6022961
4320813,4320813,6022961
4320972,4320972,6022961
4321433,4321433,6022961
4322191,4322191,6022961
4323532,4323532,6022961
4323700,4323700,6022961
4324008,4324008,6022961
4324584,4324584,6022961
4325561,4325561,6022961
4325573,4325573,6022961
4326186,4326186,6022961
4326551,4326551,6022961
4326721,4326721,6022961
4326726,4326726,6022961
4326919,4326919,6022961
4327326,4327326,6022961
4327761,4327761,6022961
4327872,4327872,6022961
4328024,4328024,6022961
4328190,4328190,6022961
4328967,4328967,6022961
4329186,4329186,6022961
4329654,4329654,6022961
4329738,4329738,6022961
4330188,4330188,6022961
4330885,4330885,6022961
4331352,4331352,6022961
4331361,4331361,6022961
4331418,4331418,6022961
4331876,4331876,6022961
4332440,4332440,6022961
4333032,4333032,6022961
4333855,4333855,6022961
4333938,4333938,6022961
4334286,4334286,6022961
4335118,4335118,6022961
4335152,4335152,6022961
4335251,4335251,6022961
4335851,4335851,6022961
4336105,4336105,6022961
4336656,4336656,6022961
4336811,4336811,6022961
4339051,4339051,6022961
4339273,4339273,6022961
4339516,4339516,6022961
4339646,4339646,6022961
4339847,4339847,6022961
4340024,4340024,6022961
4340329,4340329,6022961
4341256,4341256,6022961
4341736,4341736,6022961
4341750,4341750,6022961
4341834,4341834,6022961
4342196,4342196,6022961
4343586,4343586,6022961
4343847,4343847,6022961
4344276,4344276,6022961
4344521,4344521,6022961
4345017,4345017,6022961
4345255,4345255,6022961
4346024,4346024,6022961
4346536,4346536,6022961
4346717,4346717,6022961
4346776,4346776,6022961
4347197,4347197,6022961
4347493,4347493,6022961
4348095,4348095,6022961
4348386,4348386,6022961
4348544,4348544,6022961
4350544,4350544,6022961
4351051,4351051,6022961
4351598,4351598,6022961
4352021,4352021,6022961
4352146,4352146,6022961
4353490,4353490,6022961
4354062,4354062,6022961
4354107,4354107,6022961
4354463,4354463,6022961
4355231,4355231,6022961
4355794,4355794,6022961
4355978,4355978,6022961
4356220,4356220,6022961
4356222,4356222,6022961
4357418,4357418,6022961
4357566,4357566,6022961
4358211,4358211,6022961
4358663,4358663,6022961
4358844,4358844,6022961
4359011,4359011,6022961
4359220,4359220,6022961
4359331,4359331,6022961
4359365,4359365,6022961
4360598,4360598,6022961
4361669,4361669,6022961
4362664,4362664,6022961
4363037,4363037,6022961
4363206,4363206,6022961
4363579,4363579,6022961
4363927,4363927,6022961
4364059,4364059,6022961
4364140,4364140,6022961
4364366,4364366,6022961
4364409,4364409,6022961
4364467,4364467,6022961
4364839,4364839,6022961
4364960,4364960,6022961
4365039,4365039,6022961
4366134,4366134,6022961
4366205,4366205,6022961
4366779,4366779,6022961
4367142,4367142,6022961
4368383,4368383,6022961
4369392,4369392,6022961
4369508,4369508,6022961
4369663,4369663,6022961
4370566,4370566,6022961
4370839,4370839,6022961
4372339,4372339,6022961
4373752,4373752,6022961
4374709,4374709,6022961
4374729,4374729,6022961
4375358,4375358,6022961
4375546,4375546,6022961
4375626,4375626,6022961
4376660,4376660,6022961
4377173,4377173,6022961
4377531,4377531,6022961
4377571,4377571,6022961
4378432,4378432,6022961
4379648,4379648,6022961
4380602,4380602,6022961
4383254,4383254,6022961
4383693,4383693,6022961
4383697,4383697,6022961
4383868,4383868,6022961
4383999,4383999,6022961
4384645,4384645,6022961
4384781,4384781,6022961
4384812,4384812,6022961
4384986,4384986,6022961
4385852,4385852,6022961
4386066,4386066,6022961
4387258,4387258,6022961
4387470,4387470,6022961
4387599,4387599,6022961
4387648,4387648,6022961
4388318,4388318,6022961
4388814,4388814,6022961
4390019,4390019,6022961
4390362,4390362,6022961
4390983,4390983,6022961
4392301,4392301,6022961
4392783,4392783,6022961
4392833,4392833,6022961
4393946,4393946,6022961
4394273,4394273,6022961
4394376,4394376,6022961
4394949,4394949,6022961
4395234,4395234,6022961
4395372,4395372,6022961
4396628,4396628,6022961
4396769,4396769,6022961
4398169,4398169,6022961
4398244,4398244,6022961
4398538,4398538,6022961
4400294,4400294,6022961
4400730,4400730,6022961
4400839,4400839,6022961
4401333,4401333,6022961
4401774,4401774,6022961
4402080,4402080,6022961
4402473,4402473,6022961
4402734,4402734,6022961
4402929,4402929,6022961
4403844,4403844,6022961
4404593,4404593,6022961
4404617,4404617,6022961
4405618,4405618,6022961
4405844,4405844,6022961
4405861,4405861,6022961
4407551,4407551,6022961
4407554,4407554,6022961
4407739,4407739,6022961
4408670,4408670,6022961
4408674,4408674,6022961
4409159,4409159,6022961
4409266,4409266,6022961
4409380,4409380,6022961
4409442,4409442,6022961
4409471,4409471,6022961
4409834,4409834,6022961
4411318,4411318,6022961
4411790,4411790,6022961
4413020,4413020,6022961
4413189,4413189,6022961
4413409,4413409,6022961
4414727,4414727,6022961
4415382,4415382,6022961
4415805,4415805,6022961
4415874,4415874,6022961
4416402,4416402,6022961
4417613,4417613,6022961
4417631,4417631,6022961
4417742,4417742,6022961
4418053,4418053,6022961
4418225,4418225,6022961
4418684,4418684,6022961
4420533,4420533,6022961
4420617,4420617,6022961
4420779,4420779,6022961
4422875,4422875,6022961
4422987,4422987,6022961
4423168,4423168,6022961
4423210,4423210,6022961
4423930,4423930,6022961
4423951,4423951,6022961
4423988,4423988,6022961
4424999,4424999,6022961
4426164,4426164,6022961
4426372,4426372,6022961
4426402,4426402,6022961
4427068,4427068,6022961
4427128,4427128,6022961
4427761,4427761,6022961
4428039,4428039,6022961
4428175,4428175,6022961
4428230,4428230,6022961
4428554,4428554,6022961
4428710,4428710,6022961
4429422,4429422,6022961
4430015,4430015,6022961
4430385,4430385,6022961
4430539,4430539,6022961
4430664,4430664,6022961
4430778,4430778,6022961
4430810,4430810,6022961
4430889,4430889,6022961
4431701,4431701,6022961
4432770,4432770,6022961
4433016,4433016,6022961
4435528,4435528,6022961
4435688,4435688,6022961
4436173,4436173,6022961
4437165,4437165,6022961
4438010,4438010,6022961
4438405,4438405,6022961
4440373,4440373,6022961
4440554,4440554,6022961
4440678,4440678,6022961
4441085,4441085,6022961
4441351,4441351,6022961
4441938,4441938,6022961
4442277,4442277,6022961
4442594,4442594,6022961
4442834,4442834,6022961
4443631,4443631,6022961
4443676,4443676,6022961
4444312,4444312,6022961
4445058,4445058,6022961
4445298,4445298,6022961
4445499,4445499,6022961
4446080,4446080,6022961
4446751,4446751,6022961
4447050,4447050,6022961
4447320,4447320,6022961
4448303,4448303,6022961
4448412,4448412,6022961
4448856,4448856,6022961
4449414,4449414,6022961
4449740,4449740,6022961
4450014,4450014,6022961
4450466,4450466,6022961
4451320,4451320,6022961
4451325,4451325,6022961
4451750,4451750,6022961
4451751,4451751,6022961
4452159,4452159,6022961
4452428,4452428,6022961
4452624,4452624,6022961
4453436,4453436,6022961
4453565,4453565,6022961
4453686,4453686,6022961
4453805,4453805,6022961
4454141,4454141,6022961
4454207,4454207,6022961
4455132,4455132,6022961
4455914,4455914,6022961
4455915,4455915,6022961
4456051,4456051,6022961
4457337,4457337,6022961
4458605,4458605,6022961
4458710,4458710,6022961
4458827,4458827,6022961
4459180,4459180,6022961
4459217,4459217,6022961
4459481,4459481,6022961
4459799,4459799,6022961
4460259,4460259,6022961
4460319,4460319,6022961
4460719,4460719,6022961
4461067,4461067,6022961
4461143,4461143,6022961
4461918,4461918,6022961
4462049,4462049,6022961
4462244,4462244,6022961
4462696,4462696,6022961
4462784,4462784,6022961
4463050,4463050,6022961
4464525,4464525,6022961
4464640,4464640,6022961
4464880,4464880,6022961
4465923,4465923,6022961
4466346,4466346,6022961
4466778,4466778,6022961
4466876,4466876,6022961
4467101,4467101,6022961
4467161,4467161,6022961
4467350,4467350,6022961
4467849,4467849,6022961
4468371,4468371,6022961
4468834,4468834,6022961
4469013,4469013,6022961
4469120,4469120,6022961
4469187,4469187,6022961
4469229,4469229,6022961
4469274,4469274,6022961
4469316,4469316,6022961
4470005,4470005,6022961
4470499,4470499,6022961
4472170,4472170,6022961
4473420,4473420,6022961
4473763,4473763,6022961
4474885,4474885,6022961
4475101,4475101,6022961
4475131,4475131,6022961
4476146,4476146,6022961
4476878,4476878,6022961
4477099,4477099,6022961
4478734,4478734,6022961
4479345,4479345,6022961
4479737,4479737,6022961
4480121,4480121,6022961
4480808,4480808,6022961
4481560,4481560,6022961
4482294,4482294,6022961
4482961,4482961,6022961
4483925,4483925,6022961
4486702,4486702,6022961
4486846,4486846,6022961
4487201,4487201,6022961
4488438,4488438,6022961
4488691,4488691,6022961
4488746,4488746,6022961
4488866,4488866,6022961
4489252,4489252,6022961
4489537,4489537,6022961
4491489,4491489,6022961
4491522,4491522,6022961
4492946,4492946,6022961
4492951,4492951,6022961
4492997,4492997,6022961
4493665,4493665,6022961
4493978,4493978,6022961
4494782,4494782,6022961
4495103,4495103,6022961
4495479,4495479,6022961
4495488,4495488,6022961
4495552,4495552,6022961
4495673,4495673,6022961
4496089,4496089,6022961
4496400,4496400,6022961
4496678,4496678,6022961
4498172,4498172,6022961
4499314,4499314,6022961
4500102,4500102,6022961
4500458,4500458,6022961
4500490,4500490,6022961
4500896,4500896,6022961
4501380,4501380,6022961
4501544,4501544,6022961
4503749,4503749,6022961
4503870,4503870,6022961
4503892,4503892,6022961
4504248,4504248,6022961
4504597,4504597,6022961
4505652,4505652,6022961
4505791,4505791,6022961
4506042,4506042,6022961
4506318,4506318,6022961
4507080,4507080,6022961
4507132,4507132,6022961
4507238,4507238,6022961
4507737,4507737,6022961
4508947,4508947,6022961
4509449,4509449,6022961
4509509,4509509,6022961
4510162,4510162,6022961
4511137,4511137,6022961
4511869,4511869,6022961
4511935,4511935,6022961
4512135,4512135,6022961
4512241,4512241,6022961
4512425,4512425,6022961
4512943,4512943,6022961
4514251,4514251,6022961
4514329,4514329,6022961
4515648,4515648,6022961
4515763,4515763,6022961
4515908,4515908,6022961
4516256,4516256,6022961
4516397,4516397,6022961
4516494,4516494,6022961
4516764,4516764,6022961
4516800,4516800,6022961
4516917,4516917,6022961
4517077,4517077,6022961
4517902,4517902,6022961
4518871,4518871,6022961
4519760,4519760,6022961
4520370,4520370,6022961
4520846,4520846,6022961
4522048,4522048,6022961
4522660,4522660,6022961
4523066,4523066,6022961
4523227,4523227,6022961
4523452,4523452,6022961
4523536,4523536,6022961
4523698,4523698,6022961
4524352,4524352,6022961
4525249,4525249,6022961
4525632,4525632,6022961
4526614,4526614,6022961
4526904,4526904,6022961
4526998,4526998,6022961
4527544,4527544,6022961
4527871,4527871,6022961
4528153,4528153,6022961
4528491,4528491,6022961
4529184,4529184,6022961
4529529,4529529,6022961
4530201,4530201,6022961
4530490,4530490,6022961
4530679,4530679,6022961
4531931,4531931,6022961
4532228,4532228,6022961
4532653,4532653,6022961
4532956,4532956,6022961
4533187,4533187,6022961
4533671,4533671,6022961
4533706,4533706,6022961
4534256,4534256,6022961
4535497,4535497,6022961
4535539,4535539,6022961
4536506,4536506,6022961
4536534,4536534,6022961
4536903,4536903,6022961
4537915,4537915,6022961
4538325,4538325,6022961
4538746,4538746,6022961
4539381,4539381,6022961
4539655,4539655,6022961
4540585,4540585,6022961
4541538,4541538,6022961
4541584,4541584,6022961
4541988,4541988,6022961
4542951,4542951,6022961
4543363,4543363,6022961
4544187,4544187,6022961
4545223,4545223,6022961
4545322,4545322,6022961
4545750,4545750,6022961
4545984,4545984,6022961
4547912,4547912,6022961
4547964,4547964,6022961
4548606,4548606,6022961
4548978,4548978,6022961
4549040,4549040,6022961
4549478,4549478,6022961
4549576,4549576,6022961
4549582,4549582,6022961
4549614,4549614,6022961
4550493,4550493,6022961
4550648,4550648,6022961
4550778,4550778,6022961
4550871,4550871,6022961
4551608,4551608,6022961
4551828,4551828,6022961
4552245,4552245,6022961
4552409,4552409,6022961
4552812,4552812,6022961
4553508,4553508,6022961
4553618,4553618,6022961
4554156,4554156,6022961
4554925,4554925,6022961
4555308,4555308,6022961
4555834,4555834,6022961
4556225,4556225,6022961
4557011,4557011,6022961
4558347,4558347,6022961
4558439,4558439,6022961
4558540,4558540,6022961
4559140,4559140,6022961
4559448,4559448,6022961
4560095,4560095,6022961
4560612,4560612,6022961
4560740,4560740,6022961
4560742,4560742,6022961
4562520,4562520,6022961
4562521,4562521,6022961
4562648,4562648,6022961
4562892,4562892,6022961
4563411,4563411,6022961
4563648,4563648,6022961
4563988,4563988,6022961
4564434,4564434,6022961
4564549,4564549,6022961
4566850,4566850,6022961
4567145,4567145,6022961
4567591,4567591,6022961
4568559,4568559,6022961
4568966,4568966,6022961
4571247,4571247,6022961
4571706,4571706,6022961
4571739,4571739,6022961
4571762,4571762,6022961
4572581,4572581,6022961
4572943,4572943,6022961
4574133,4574133,6022961
4575312,4575312,6022961
4575589,4575589,6022961
4576020,4576020,6022961
4576094,4576094,6022961
4576294,4576294,6022961
4577241,4577241,6022961
4577361,4577361,6022961
4577548,4577548,6022961
4578103,4578103,6022961
4578134,4578134,6022961
4578265,4578265,6022961
4578292,4578292,6022961
4578909,4578909,6022961
4579240,4579240,6022961
4579332,4579332,6022961
4579335,4579335,6022961
4579968,4579968,6022961
4580710,4580710,6022961
4582367,4582367,6022961
4582924,4582924,6022961
4584047,4584047,6022961
4585362,4585362,6022961
4585730,4585730,6022961
4586224,4586224,6022961
4586429,4586429,6022961
4586660,4586660,6022961
4587025,4587025,6022961
4587433,4587433,6022961
4587534,4587534,6022961
4587610,4587610,6022961
4588550,4588550,6022961
4588798,4588798,6022961
4589018,4589018,6022961
4589194,4589194,6022961
4589609,4589609,6022961
4589640,4589640,6022961
4590267,4590267,6022961
4590344,4590344,6022961
4590587,4590587,6022961
4590992,4590992,6022961
4591330,4591330,6022961
4591333,4591333,6022961
4591714,4591714,6022961
4592589,4592589,6022961
4592886,4592886,6022961
4593165,4593165,6022961
4593345,4593345,6022961
4594311,4594311,6022961
4594555,4594555,6022961
4594798,4594798,6022961
4596100,4596100,6022961
4597152,4597152,6022961
4597835,4597835,6022961
4598153,4598153,6022961
4598155,4598155,6022961
4598189,4598189,6022961
4598707,4598707,6022961
4599353,4599353,6022961
4600674,4600674,6022961
4601155,4601155,6022961
4601837,4601837,6022961
4602321,4602321,6022961
4602638,4602638,6022961
4602860,4602860,6022961
4602934,4602934,6022961
4603665,4603665,6022961
4603769,4603769,6022961
4603798,4603798,6022961
4604133,4604133,6022961
4604247,4604247,6022961
4604527,4604527,6022961
4605108,4605108,6022961
4605131,4605131,6022961
4605177,4605177,6022961
4606660,4606660,6022961
4607142,4607142,6022961
4607161,4607161,6022961
4608607,4608607,6022961
4609455,4609455,6022961
4610052,4610052,6022961
4610501,4610501,6022961
4611588,4611588,6022961
4611747,4611747,6022961
4611750,4611750,6022961
4612216,4612216,6022961
4612608,4612608,6022961
4613058,4613058,6022961
4614026,4614026,6022961
4614996,4614996,6022961
4615091,4615091,6022961
4615870,4615870,6022961
4616248,4616248,6022961
4616674,4616674,6022961
4617240,4617240,6022961
4617734,4617734,6022961
4618845,4618845,6022961
4619065,4619065,6022961
4619377,4619377,6022961
4620052,4620052,6022961
4620064,4620064,6022961
4620121,4620121,6022961
4621446,4621446,6022961
4621804,4621804,6022961
4622267,4622267,6022961
4622518,4622518,6022961
4625014,4625014,6022961
4625184,4625184,6022961
4625554,4625554,6022961
4625712,4625712,6022961
4625811,4625811,6022961
4626068,4626068,6022961
4628271,4628271,6022961
4628614,4628614,6022961
4628726,4628726,6022961
4628821,4628821,6022961
4628868,4628868,6022961
4630027,4630027,6022961
4632183,4632183,6022961
4632600,4632600,6022961
4633201,4633201,6022961
4633512,4633512,6022961
4633643,4633643,6022961
4633813,4633813,6022961
4634226,4634226,6022961
4635025,4635025,6022961
4635428,4635428,6022961
4635492,4635492,6022961
4636345,4636345,6022961
4637227,4637227,6022961
4637311,4637311,6022961
4637593,4637593,6022961
4638290,4638290,6022961
4639305,4639305,6022961
4640269,4640269,6022961
4640276,4640276,6022961
4641292,4641292,6022961
4642402,4642402,6022961
4643142,4643142,6022961
4643645,4643645,6022961
4643884,4643884,6022961
4644411,4644411,6022961
4644671,4644671,6022961
4644697,4644697,6022961
4645013,4645013,6022961
4645242,4645242,6022961
4645330,4645330,6022961
4645546,4645546,6022961
4646259,4646259,6022961
4646331,4646331,6022961
4647480,4647480,6022961
4649289,4649289,6022961
4650053,4650053,6022961
4651260,4651260,6022961
4651352,4651352,6022961
4652788,4652788,6022961
4653737,4653737,6022961
4653883,4653883,6022961
4657131,4657131,6022961
4657766,4657766,6022961
4657924,4657924,6022961
4658676,4658676,6022961
4658947,4658947,6022961
4659278,4659278,6022961
4660743,4660743,6022961
4661004,4661004,6022961
4661702,4661702,6022961
4661955,4661955,6022961
4662173,4662173,6022961
4662539,4662539,6022961
4663005,4663005,6022961
4664414,4664414,6022961
4664846,4664846,6022961
4665260,4665260,6022961
4665734,4665734,6022961
4665956,4665956,6022961
4666948,4666948,6022961
4668730,4668730,6022961
4669818,4669818,6022961
4670314,4670314,6022961
4670371,4670371,6022961
4671591,4671591,6022961
4672490,4672490,6022961
4673018,4673018,6022961
4673020,4673020,6022961
4673344,4673344,6022961
4673448,4673448,6022961
4674346,4674346,6022961
4675616,4675616,6022961
4676299,4676299,6022961
4676390,4676390,6022961
4676768,4676768,6022961
4676930,4676930,6022961
4677285,4677285,6022961
4677479,4677479,6022961
4677617,4677617,6022961
4680966,4680966,6022961
4681106,4681106,6022961
4681172,4681172,6022961
4681296,4681296,6022961
4681859,4681859,6022961
4682005,4682005,6022961
4682838,4682838,6022961
4683289,4683289,6022961
4683361,4683361,6022961
4683407,4683407,6022961
4684488,4684488,6022961
4684640,4684640,6022961
4685137,4685137,6022961
4685259,4685259,6022961
4685545,4685545,6022961
4686070,4686070,6022961
4686375,4686375,6022961
4686677,4686677,6022961
4687967,4687967,6022961
4687981,4687981,6022961
4689429,4689429,6022961
4690324,4690324,6022961
4690790,4690790,6022961
4691198,4691198,6022961
4691363,4691363,6022961
4691506,4691506,6022961
4691580,4691580,6022961
4691741,4691741,6022961
4692456,4692456,6022961
4692604,4692604,6022961
4693071,4693071,6022961
4693177,4693177,6022961
4693227,4693227,6022961
4693496,4693496,6022961
4694510,4694510,6022961
4694804,4694804,6022961
4694976,4694976,6022961
4695128,4695128,6022961
4695903,4695903,6022961
4696629,4696629,6022961
4696979,4696979,6022961
4697265,4697265,6022961
4697585,4697585,6022961
4698368,4698368,6022961
4698547,4698547,6022961
4698609,4698609,6022961
4699841,4699841,6022961
4700050,4700050,6022961
4700138,4700138,6022961
4700510,4700510,6022961
4700687,4700687,6022961
4700876,4700876,6022961
4700894,4700894,6022961
4701605,4701605,6022961
4701687,4701687,6022961
4701697,4701697,6022961
4702170,4702170,6022961
4704139,4704139,6022961
4704540,4704540,6022961
4704728,4704728,6022961
4705770,4705770,6022961
4705801,4705801,6022961
4706327,4706327,6022961
4706371,4706371,6022961
4706453,4706453,6022961
4706969,4706969,6022961
4707026,4707026,6022961
4707565,4707565,6022961
4707817,4707817,6022961
4708095,4708095,6022961
4708134,4708134,6022961
4708660,4708660,6022961
4709427,4709427,6022961
4709683,4709683,6022961
4710738,4710738,6022961
4710935,4710935,6022961
4711557,4711557,6022961
4712073,4712073,6022961
4712109,4712109,6022961
4712122,4712122,6022961
4712411,4712411,6022961
4713031,4713031,6022961
4713303,4713303,6022961
4713960,4713960,6022961
4713962,4713962,6022961
4714119,4714119,6022961
4715744,4715744,6022961
4717091,4717091,6022961
4718770,4718770,6022961
4718831,4718831,6022961
4720725,4720725,6022961
4720754,4720754,6022961
4721995,4721995,6022961
4722334,4722334,6022961
4722376,4722376,6022961
4722518,4722518,6022961
4722769,4722769,6022961
4723142,4723142,6022961
4723856,4723856,6022961
4723962,4723962,6022961
4725290,4725290,6022961
4725356,4725356,6022961
4726269,4726269,6022961
4726944,4726944,6022961
4727228,4727228,6022961
4727234,4727234,6022961
4728126,4728126,6022961
4728470,4728470,6022961
4728509,4728509,6022961
4728510,4728510,6022961
4729224,4729224,6022961
4732088,4732088,6022961
4732467,4732467,6022961
4733810,4733810,6022961
4734512,4734512,6022961
4734568,4734568,6022961
4734674,4734674,6022961
4734916,4734916,6022961
4734952,4734952,6022961
4735486,4735486,6022961
4735888,4735888,6022961
4736549,4736549,6022961
4736627,4736627,6022961
4736805,4736805,6022961
4736899,4736899,6022961
4737466,4737466,6022961
4737503,4737503,6022961
4737592,4737592,6022961
4737596,4737596,6022961
4737812,4737812,6022961
4738041,4738041,6022961
4738853,4738853,6022961
4739290,4739290,6022961
4739945,4739945,6022961
4740076,4740076,6022961
4740646,4740646,6022961
4741053,4741053,6022961
4741686,4741686,6022961
4741883,4741883,6022961
4742668,4742668,6022961
4743081,4743081,6022961
4744267,4744267,6022961
4744356,4744356,6022961
4744681,4744681,6022961
4744864,4744864,6022961
4744924,4744924,6022961
4744927,4744927,6022961
4744956,4744956,6022961
4744996,4744996,6022961
4745164,4745164,6022961
4745793,4745793,6022961
4747066,4747066,6022961
4747075,4747075,6022961
4747723,4747723,6022961
4747756,4747756,6022961
4748794,4748794,6022961
4748946,4748946,6022961
4749215,4749215,6022961
4749303,4749303,6022961
4749648,4749648,6022961
4749838,4749838,6022961
4749858,4749858,6022961
4750008,4750008,6022961
4750273,4750273,6022961
4750775,4750775,6022961
4751232,4751232,6022961
4751543,4751543,6022961
4751950,4751950,6022961
4752028,4752028,6022961
4752036,4752036,6022961
4752098,4752098,6022961
4752759,4752759,6022961
4752781,4752781,6022961
4753565,4753565,6022961
4753805,4753805,6022961
4754001,4754001,6022961
4754191,4754191,6022961
4756703,4756703,6022961
4757462,4757462,6022961
4757671,4757671,6022961
4758232,4758232,6022961
4758301,4758301,6022961
4758818,4758818,6022961
4758846,4758846,6022961
4759309,4759309,6022961
4759821,4759821,6022961
4760272,4760272,6022961
4760397,4760397,6022961
4760701,4760701,6022961
4760923,4760923,6022961
4761289,4761289,6022961
4761544,4761544,6022961
4761574,4761574,6022961
4761590,4761590,6022961
4761824,4761824,6022961
4761919,4761919,6022961
4762504,4762504,6022961
4762849,4762849,6022961
4763341,4763341,6022961
4763383,4763383,6022961
4764242,4764242,6022961
4764804,4764804,6022961
4766060,4766060,6022961
4766700,4766700,6022961
4766772,4766772,6022961
4766807,4766807,6022961
4767372,4767372,6022961
4768397,4768397,6022961
4768606,4768606,6022961
4770172,4770172,6022961
4770525,4770525,6022961
4770811,4770811,6022961
4771160,4771160,6022961
4772325,4772325,6022961
4773261,4773261,6022961
4773714,4773714,6022961
4774111,4774111,6022961
4774434,4774434,6022961
4775101,4775101,6022961
4775337,4775337,6022961
4775389,4775389,6022961
4775522,4775522,6022961
4777261,4777261,6022961
4778759,4778759,6022961
4779465,4779465,6022961
4779540,4779540,6022961
4779824,4779824,6022961
4780152,4780152,6022961
4780762,4780762,6022961
4780766,4780766,6022961
4780837,4780837,6022961
4780883,4780883,6022961
4781350,4781350,6022961
4782025,4782025,6022961
4783633,4783633,6022961
4784221,4784221,6022961
4784383,4784383,6022961
4784871,4784871,6022961
4785013,4785013,6022961
4785464,4785464,6022961
4787152,4787152,6022961
4787197,4787197,6022961
4788558,4788558,6022961
4788670,4788670,6022961
4788736,4788736,6022961
4789495,4789495,6022961
4790641,4790641,6022961
4793114,4793114,6022961
4793305,4793305,6022961
4794561,4794561,6022961
4794570,4794570,6022961
4795016,4795016,6022961
4795087,4795087,6022961
4795390,4795390,6022961
4795723,4795723,6022961
4795975,4795975,6022961
4796412,4796412,6022961
4796951,4796951,6022961
4797079,4797079,6022961
4798171,4798171,6022961
4798214,4798214,6022961
4798612,4798612,6022961
4799180,4799180,6022961
4801019,4801019,6022961
4801434,4801434,6022961
4801893,4801893,6022961
4803790,4803790,6022961
4803892,4803892,6022961
4804165,4804165,6022961
4806142,4806142,6022961
4806834,4806834,6022961
4807430,4807430,6022961
4808095,4808095,6022961
4808196,4808196,6022961
4808639,4808639,6022961
4809308,4809308,6022961
4809346,4809346,6022961
4810116,4810116,6022961
4810322,4810322,6022961
4813138,4813138,6022961
4813404,4813404,6022961
4813692,4813692,6022961
4813977,4813977,6022961
4814620,4814620,6022961
4814917,4814917,6022961
4816228,4816228,6022961
4816490,4816490,6022961
4816678,4816678,6022961
4816746,4816746,6022961
4817154,4817154,6022961
4817359,4817359,6022961
4817503,4817503,6022961
4817678,4817678,6022961
4818636,4818636,6022961
4819931,4819931,6022961
4819969,4819969,6022961
4820397,4820397,6022961
4822625,4822625,6022961
4823040,4823040,6022961
4823070,4823070,6022961
4823091,4823091,6022961
4823987,4823987,6022961
4825331,4825331,6022961
4825344,4825344,6022961
4825375,4825375,6022961
4825389,4825389,6022961
4825451,4825451,6022961
4826242,4826242,6022961
4828642,4828642,6022961
4828952,4828952,6022961
4829562,4829562,6022961
4829668,4829668,6022961
4830200,4830200,6022961
4830211,4830211,6022961
4830530,4830530,6022961
4830679,4830679,6022961
4830829,4830829,6022961
4830989,4830989,6022961
4831728,4831728,6022961
4831936,4831936,6022961
4832529,4832529,6022961
4832674,4832674,6022961
4832966,4832966,6022961
4833955,4833955,6022961
4833995,4833995,6022961
4834026,4834026,6022961
4834626,4834626,6022961
4835067,4835067,6022961
4835184,4835184,6022961
4835311,4835311,6022961
4835967,4835967,6022961
4836809,4836809,6022961
4837706,4837706,6022961
4837967,4837967,6022961
4838204,4838204,6022961
4838601,4838601,6022961
4838605,4838605,6022961
4838732,4838732,6022961
4839790,4839790,6022961
4839864,4839864,6022961
4839888,4839888,6022961
4840084,4840084,6022961
4841775,4841775,6022961
4843070,4843070,6022961
4843635,4843635,6022961
4844582,4844582,6022961
4844697,4844697,6022961
4845251,4845251,6022961
4845321,4845321,6022961
4845359,4845359,6022961
4845992,4845992,6022961
4846582,4846582,6022961
4846919,4846919,6022961
4847288,4847288,6022961
4848446,4848446,6022961
4850318,4850318,6022961
4850540,4850540,6022961
4850767,4850767,6022961
4850857,4850857,6022961
4851009,4851009,6022961
4851068,4851068,6022961
4851180,4851180,6022961
4851735,4851735,6022961
4851870,4851870,6022961
4852635,4852635,6022961
4852962,4852962,6022961
4852974,4852974,6022961
4853022,4853022,6022961
4853449,4853449,6022961
4854950,4854950,6022961
4855501,4855501,6022961
4856472,4856472,6022961
4857418,4857418,6022961
4857570,4857570,6022961
4858729,4858729,6022961
4860390,4860390,6022961
4860689,4860689,6022961
4861198,4861198,6022961
4863521,4863521,6022961
4865209,4865209,6022961
4865996,4865996,6022961
4866392,4866392,6022961
4866578,4866578,6022961
4866760,4866760,6022961
4866890,4866890,6022961
4867092,4867092,6022961
4867496,4867496,6022961
4868038,4868038,6022961
4868564,4868564,6022961
4869223,4869223,6022961
4869936,4869936,6022961
4870543,4870543,6022961
4870563,4870563,6022961
4870661,4870661,6022961
4870795,4870795,6022961
4871241,4871241,6022961
4871367,4871367,6022961
4871868,4871868,6022961
4872002,4872002,6022961
4872052,4872052,6022961
4872366,4872366,6022961
4872404,4872404,6022961
4872776,4872776,6022961
4872791,4872791,6022961
4874727,4874727,6022961
4875063,4875063,6022961
4876086,4876086,6022961
4877306,4877306,6022961
4877329,4877329,6022961
4877353,4877353,6022961
4878133,4878133,6022961
4878430,4878430,6022961
4878933,4878933,6022961
4879152,4879152,6022961
4879229,4879229,6022961
4880149,4880149,6022961
4880514,4880514,6022961
4880996,4880996,6022961
4881408,4881408,6022961
4881446,4881446,6022961
4882048,4882048,6022961
4882567,4882567,6022961
4882731,4882731,6022961
4882786,4882786,6022961
4883159,4883159,6022961
4883574,4883574,6022961
4883691,4883691,6022961
4884168,4884168,6022961
4884650,4884650,6022961
4885252,4885252,6022961
4885481,4885481,6022961
4885491,4885491,6022961
4886097,4886097,6022961
4886661,4886661,6022961
4886675,4886675,6022961
4886994,4886994,6022961
4887744,4887744,6022961
4889338,4889338,6022961
4890332,4890332,6022961
4890943,4890943,6022961
4891168,4891168,6022961
4894046,4894046,6022961
4894691,4894691,6022961
4895114,4895114,6022961
4895309,4895309,6022961
4895332,4895332,6022961
4895675,4895675,6022961
4896720,4896720,6022961
4896788,4896788,6022961
4898368,4898368,6022961
4899129,4899129,6022961
4900614,4900614,6022961
4900814,4900814,6022961
4900987,4900987,6022961
4901172,4901172,6022961
4901484,4901484,6022961
4901737,4901737,6022961
4901848,4901848,6022961
4901993,4901993,6022961
4901999,4901999,6022961
4902160,4902160,6022961
4902266,4902266,6022961
4902619,4902619,6022961
4902623,4902623,6022961
4902698,4902698,6022961
4902877,4902877,6022961
4903699,4903699,6022961
4903780,4903780,6022961
4904163,4904163,6022961
4905348,4905348,6022961
4907032,4907032,6022961
4907928,4907928,6022961
4907965,4907965,6022961
4908330,4908330,6022961
4909296,4909296,6022961
4909338,4909338,6022961
4909380,4909380,6022961
4910464,4910464,6022961
4910915,4910915,6022961
4912400,4912400,6022961
4913844,4913844,6022961
4914461,4914461,6022961
4916543,4916543,6022961
4916886,4916886,6022961
4917315,4917315,6022961
4917601,4917601,6022961
4918418,4918418,6022961
4918951,4918951,6022961
4919002,4919002,6022961
4920351,4920351,6022961
4920401,4920401,6022961
4921039,4921039,6022961
4921052,4921052,6022961
4921483,4921483,6022961
4921626,4921626,6022961
4921997,4921997,6022961
4922739,4922739,6022961
4922898,4922898,6022961
4923060,4923060,6022961
4923522,4923522,6022961
4923936,4923936,6022961
4924199,4924199,6022961
4925033,4925033,6022961
4925974,4925974,6022961
4926626,4926626,6022961
4927175,4927175,6022961
4927316,4927316,6022961
4927346,4927346,6022961
4928828,4928828,6022961
4928960,4928960,6022961
4929510,4929510,6022961
4929947,4929947,6022961
4929961,4929961,6022961
4930005,4930005,6022961
4930324,4930324,6022961
4930346,4930346,6022961
4931094,4931094,6022961
4931157,4931157,6022961
4931659,4931659,6022961
4931855,4931855,6022961
4931960,4931960,6022961
4932211,4932211,6022961
4932444,4932444,6022961
4932690,4932690,6022961
4932792,4932792,6022961
4933022,4933022,6022961
4933644,4933644,6022961
4933677,4933677,6022961
4933938,4933938,6022961
4934944,4934944,6022961
4935316,4935316,6022961
4935791,4935791,6022961
4935981,4935981,6022961
4937322,4937322,6022961
4937482,4937482,6022961
4937496,4937496,6022961
4937902,4937902,6022961
4939510,4939510,6022961
4940358,4940358,6022961
4940496,4940496,6022961
4940510,4940510,6022961
4940610,4940610,6022961
4940813,4940813,6022961
4941104,4941104,6022961
4941235,4941235,6022961
4941953,4941953,6022961
4942892,4942892,6022961
4943469,4943469,6022961
4943960,4943960,6022961
4945759,4945759,6022961
4946121,4946121,6022961
4946784,4946784,6022961
4947840,4947840,6022961
4948755,4948755,6022961
4949121,4949121,6022961
4949263,4949263,6022961
4949887,4949887,6022961
4950440,4950440,6022961
4950460,4950460,6022961
4950514,4950514,6022961
4950548,4950548,6022961
4951228,4951228,6022961
4951774,4951774,6022961
4951879,4951879,6022961
4952381,4952381,6022961
4952543,4952543,6022961
4953078,4953078,6022961
4954359,4954359,6022961
4955892,4955892,6022961
4956608,4956608,6022961
4957485,4957485,6022961
4957843,4957843,6022961
4958806,4958806,6022961
4959637,4959637,6022961
4959887,4959887,6022961
4960000,4960000,6022961
4960393,4960393,6022961
4960807,4960807,6022961
4960874,4960874,6022961
4961219,4961219,6022961
4961351,4961351,6022961
4961414,4961414,6022961
4961856,4961856,6022961
4962500,4962500,6022961
4962647,4962647,6022961
4964117,4964117,6022961
4964502,4964502,6022961
4964751,4964751,6022961
4966613,4966613,6022961
4967807,4967807,6022961
4968696,4968696,6022961
4970009,4970009,6022961
4970411,4970411,6022961
4972058,4972058,6022961
4972642,4972642,6022961
4973553,4973553,6022961
4974053,4974053,6022961
4974998,4974998,6022961
4975385,4975385,6022961
4975733,4975733,6022961
4975784,4975784,6022961
4977658,4977658,6022961
4977708,4977708,6022961
4978411,4978411,6022961
4978742,4978742,6022961
4978916,4978916,6022961
4979915,4979915,6022961
4980612,4980612,6022961
4980959,4980959,6022961
4981577,4981577,6022961
4983045,4983045,6022961
4983415,4983415,6022961
4983705,4983705,6022961
4984575,4984575,6022961
4984789,4984789,6022961
4984887,4984887,6022961
4985025,4985025,6022961
4985026,4985026,6022961
4985607,4985607,6022961
4985746,4985746,6022961
4985953,4985953,6022961
4987458,4987458,6022961
4987487,4987487,6022961
4987845,4987845,6022961
4988506,4988506,6022961
4988715,4988715,6022961
4988757,4988757,6022961
4989551,4989551,6022961
4991695,4991695,6022961
4992337,4992337,6022961
4993398,4993398,6022961
4993412,4993412,6022961
4993431,4993431,6022961
4993757,4993757,6022961
4994174,4994174,6022961
4994368,4994368,6022961
4994643,4994643,6022961
4994955,4994955,6022961
4995410,4995410,6022961
4995780,4995780,6022961
4997323,4997323,6022961
4999595,4999595,6022961
5001046,5001046,6022961
5001761,5001761,6022961
5002217,5002217,6022961
5002349,5002349,6022961
5002820,5002820,6022961
5002933,5002933,6022961
5003329,5003329,6022961
5003583,5003583,6022961
5003796,5003796,6022961
5004837,5004837,6022961
5005206,5005206,6022961
5005350,5005350,6022961
5005430,5005430,6022961
5005586,5005586,6022961
5007496,5007496,6022961
5007787,5007787,6022961
5008294,5008294,6022961
5008332,5008332,6022961
5009531,5009531,6022961
5009729,5009729,6022961
5010053,5010053,6022961
5010144,5010144,6022961
5011068,5011068,6022961
5011105,5011105,6022961
5011233,5011233,6022961
5011245,5011245,6022961
5011490,5011490,6022961
5012959,5012959,6022961
5013492,5013492,6022961
5013751,5013751,6022961
5013916,5013916,6022961
5013974,5013974,6022961
5014458,5014458,6022961
5016426,5016426,6022961
5016664,5016664,6022961
5017157,5017157,6022961
5018357,5018357,6022961
5018650,5018650,6022961
5019283,5019283,6022961
5020079,5020079,6022961
5020087,5020087,6022961
5020184,5020184,6022961
5020683,5020683,6022961
5020951,5020951,6022961
5021712,5021712,6022961
5022638,5022638,6022961
5022682,5022682,6022961
5023086,5023086,6022961
5023217,5023217,6022961
5023322,5023322,6022961
5023879,5023879,6022961
5023907,5023907,6022961
5024157,5024157,6022961
5025367,5025367,6022961
5025423,5025423,6022961
5026477,5026477,6022961
5026604,5026604,6022961
5027638,5027638,6022961
5028424,5028424,6022961
5029679,5029679,6022961
5029777,5029777,6022961
5030810,5030810,6022961
5031537,5031537,6022961
5032569,5032569,6022961
5033017,5033017,6022961
5033343,5033343,6022961
5034219,5034219,6022961
5035081,5035081,6022961
5036223,5036223,6022961
5036729,5036729,6022961
5036841,5036841,6022961
5038343,5038343,6022961
5038465,5038465,6022961
5038909,5038909,6022961
5039237,5039237,6022961
5040711,5040711,6022961
5041731,5041731,6022961
5042745,5042745,6022961
5044046,5044046,6022961
5045950,5045950,6022961
5045951,5045951,6022961
5046714,5046714,6022961
5046781,5046781,6022961
5047651,5047651,6022961
5047855,5047855,6022961
5048233,5048233,6022961
5048675,5048675,6022961
5049208,5049208,6022961
5049725,5049725,6022961
5049860,5049860,6022961
5050201,5050201,6022961
5051057,5051057,6022961
5051254,5051254,6022961
5051380,5051380,6022961
5051988,5051988,6022961
5051998,5051998,6022961
5053128,5053128,6022961
5053563,5053563,6022961
5054198,5054198,6022961
5055217,5055217,6022961
5055285,5055285,6022961
5055794,5055794,6022961
5055802,5055802,6022961
5055847,5055847,6022961
5055900,5055900,6022961
5056598,5056598,6022961
5056875,5056875,6022961
5057383,5057383,6022961
5057495,5057495,6022961
5057935,5057935,6022961
5058065,5058065,6022961
5058364,5058364,6022961
5058518,5058518,6022961
5059415,5059415,6022961
5059609,5059609,6022961
5059651,5059651,6022961
5060565,5060565,6022961
5060979,5060979,6022961
5061972,5061972,6022961
5062049,5062049,6022961
5062083,5062083,6022961
5062292,5062292,6022961
5062416,5062416,6022961
5062682,5062682,6022961
5064248,5064248,6022961
5065362,5065362,6022961
5065435,5065435,6022961
5065648,5065648,6022961
5065888,5065888,6022961
5068170,5068170,6022961
5068331,5068331,6022961
5068644,5068644,6022961
5069141,5069141,6022961
5069945,5069945,6022961
5070924,5070924,6022961
5071110,5071110,6022961
5072237,5072237,6022961
5072409,5072409,6022961
5072877,5072877,6022961
5073112,5073112,6022961
5073492,5073492,6022961
5073750,5073750,6022961
5074261,5074261,6022961
5074295,5074295,6022961
5074503,5074503,6022961
5075934,5075934,6022961
5075955,5075955,6022961
5077547,5077547,6022961
5077850,5077850,6022961
5079083,5079083,6022961
5079696,5079696,6022961
5079790,5079790,6022961
5080837,5080837,6022961
5080972,5080972,6022961
5081101,5081101,6022961
5081457,5081457,6022961
5081718,5081718,6022961
5082402,5082402,6022961
5083985,5083985,6022961
5085902,5085902,6022961
5086104,5086104,6022961
5087017,5087017,6022961
5088701,5088701,6022961
5089484,5089484,6022961
5090128,5090128,6022961
5090975,5090975,6022961
5091051,5091051,6022961
5091389,5091389,6022961
5091612,5091612,6022961
5092363,5092363,6022961
5093545,5093545,6022961
5093936,5093936,6022961
5093942,5093942,6022961
5095464,5095464,6022961
5095481,5095481,6022961
5095487,5095487,6022961
5095770,5095770,6022961
5095778,5095778,6022961
5096616,5096616,6022961
5096625,5096625,6022961
5096681,5096681,6022961
5096888,5096888,6022961
5098430,5098430,6022961
5098656,5098656,6022961
5099202,5099202,6022961
5100807,5100807,6022961
5101664,5101664,6022961
5101921,5101921,6022961
5102112,5102112,6022961
5102189,5102189,6022961
5102265,5102265,6022961
5102267,5102267,6022961
5103025,5103025,6022961
5104727,5104727,6022961
5104751,5104751,6022961
5104918,5104918,6022961
5105626,5105626,6022961
5105760,5105760,6022961
5105867,5105867,6022961
5106266,5106266,6022961
5106734,5106734,6022961
5106864,5106864,6022961
5107352,5107352,6022961
5107511,5107511,6022961
5108670,5108670,6022961
5109030,5109030,6022961
5109066,5109066,6022961
5109168,5109168,6022961
5109215,5109215,6022961
5110074,5110074,6022961
5110297,5110297,6022961
5110355,5110355,6022961
5110516,5110516,6022961
5112081,5112081,6022961
5112528,5112528,6022961
5112867,5112867,6022961
5112904,5112904,6022961
5113066,5113066,6022961
5113172,5113172,6022961
5113389,5113389,6022961
5113535,5113535,6022961
5114158,5114158,6022961
5115025,5115025,6022961
5117065,5117065,6022961
5117269,5117269,6022961
5117718,5117718,6022961
5118310,5118310,6022961
5118395,5118395,6022961
5118537,5118537,6022961
5118785,5118785,6022961
5119664,5119664,6022961
5120408,5120408,6022961
5120441,5120441,6022961
5120695,5120695,6022961
5120961,5120961,6022961
5121114,5121114,6022961
5121261,5121261,6022961
5122128,5122128,6022961
5122239,5122239,6022961
5122803,5122803,6022961
5123235,5123235,6022961
5123284,5123284,6022961
5123632,5123632,6022961
5124029,5124029,6022961
5124110,5124110,6022961
5124458,5124458,6022961
5125093,5125093,6022961
5125692,5125692,6022961
5127106,5127106,6022961
5127658,5127658,6022961
5127965,5127965,6022961
5128010,5128010,6022961
5128336,5128336,6022961
5128362,5128362,6022961
5128879,5128879,6022961
5130218,5130218,6022961
5131145,5131145,6022961
5132326,5132326,6022961
5132575,5132575,6022961
5132601,5132601,6022961
5133277,5133277,6022961
5133321,5133321,6022961
5134561,5134561,6022961
5134662,5134662,6022961
5134907,5134907,6022961
5136733,5136733,6022961
5136860,5136860,6022961
5136954,5136954,6022961
5137622,5137622,6022961
5138417,5138417,6022961
5138825,5138825,6022961
5138834,5138834,6022961
5139015,5139015,6022961
5140691,5140691,6022961
5141788,5141788,6022961
5142023,5142023,6022961
5142838,5142838,6022961
5142920,5142920,6022961
5143345,5143345,6022961
5143663,5143663,6022961
5143920,5143920,6022961
5144028,5144028,6022961
5144523,5144523,6022961
5147228,5147228,6022961
5149414,5149414,6022961
5150283,5150283,6022961
5150696,5150696,6022961
5150701,5150701,6022961
5151136,5151136,6022961
5151852,5151852,6022961
5152944,5152944,6022961
5153057,5153057,6022961
5153258,5153258,6022961
5153486,5153486,6022961
5153866,5153866,6022961
5153959,5153959,6022961
5153998,5153998,6022961
5154060,5154060,6022961
5154982,5154982,6022961
5155117,5155117,6022961
5155466,5155466,6022961
5157218,5157218,6022961
5157282,5157282,6022961
5158726,5158726,6022961
5158751,5158751,6022961
5159845,5159845,6022961
5160882,5160882,6022961
5161136,5161136,6022961
5161146,5161146,6022961
5161831,5161831,6022961
5162096,5162096,6022961
5162122,5162122,6022961
5162182,5162182,6022961
5162461,5162461,6022961
5163332,5163332,6022961
5163349,5163349,6022961
5163861,5163861,6022961
5163872,5163872,6022961
5163913,5163913,6022961
5164207,5164207,6022961
5164715,5164715,6022961
5166096,5166096,6022961
5166541,5166541,6022961
5167749,5167749,6022961
5167880,5167880,6022961
5167903,5167903,6022961
5168963,5168963,6022961
5170128,5170128,6022961
5170907,5170907,6022961
5171348,5171348,6022961
5171366,5171366,6022961
5172854,5172854,6022961
5173095,5173095,6022961
5173290,5173290,6022961
5174310,5174310,6022961
5174584,5174584,6022961
5174729,5174729,6022961
5175395,5175395,6022961
5175801,5175801,6022961
5176165,5176165,6022961
5177228,5177228,6022961
5177767,5177767,6022961
5178500,5178500,6022961
5178885,5178885,6022961
5179762,5179762,6022961
5180487,5180487,6022961
5181888,5181888,6022961
5182821,5182821,6022961
5182929,5182929,6022961
5182979,5182979,6022961
5184008,5184008,6022961
5184099,5184099,6022961
5184856,5184856,6022961
5184987,5184987,6022961
5185523,5185523,6022961
5185576,5185576,6022961
5185580,5185580,6022961
5185656,5185656,6022961
5186303,5186303,6022961
5186833,5186833,6022961
5186911,5186911,6022961
5187355,5187355,6022961
5187421,5187421,6022961
5187639,5187639,6022961
5187812,5187812,6022961
5188234,5188234,6022961
5189240,5189240,6022961
5191009,5191009,6022961
5191070,5191070,6022961
5191707,5191707,6022961
5192057,5192057,6022961
5192114,5192114,6022961
5192247,5192247,6022961
5192539,5192539,6022961
5193512,5193512,6022961
5193548,5193548,6022961
5193721,5193721,6022961
5194075,5194075,6022961
5194473,5194473,6022961
5195368,5195368,6022961
5195534,5195534,6022961
5195538,5195538,6022961
5196092,5196092,6022961
5196765,5196765,6022961
5198080,5198080,6022961
5198756,5198756,6022961
5199378,5199378,6022961
5199521,5199521,6022961
5199868,5199868,6022961
5200889,5200889,6022961
5200931,5200931,6022961
5202556,5202556,6022961
5203248,5203248,6022961
5203515,5203515,6022961
5203869,5203869,6022961
5203930,5203930,6022961
5203936,5203936,6022961
5204030,5204030,6022961
5205166,5205166,6022961
5205681,5205681,6022961
5206458,5206458,6022961
5207601,5207601,6022961
5208109,5208109,6022961
5208534,5208534,6022961
5209315,5209315,6022961
5209628,5209628,6022961
5210918,5210918,6022961
5211204,5211204,6022961
5211512,5211512,6022961
5212412,5212412,6022961
5212467,5212467,6022961
5212765,5212765,6022961
5213312,5213312,6022961
5213399,5213399,6022961
5214132,5214132,6022961
5214145,5214145,6022961
5214612,5214612,6022961
5214730,5214730,6022961
5214806,5214806,6022961
5215090,5215090,6022961
5216143,5216143,6022961
5216560,5216560,6022961
5217049,5217049,6022961
5217339,5217339,6022961
5218948,5218948,6022961
5219006,5219006,6022961
5220172,5220172,6022961
5220964,5220964,6022961
5221820,5221820,6022961
5222329,5222329,6022961
5222681,5222681,6022961
5222903,5222903,6022961
5225423,5225423,6022961
5225442,5225442,6022961
5226937,5226937,6022961
5227416,5227416,6022961
5227432,5227432,6022961
5228232,5228232,6022961
5228334,5228334,6022961
5228342,5228342,6022961
5228640,5228640,6022961
5228738,5228738,6022961
5229148,5229148,6022961
5229836,5229836,6022961
5230085,5230085,6022961
5230267,5230267,6022961
5231571,5231571,6022961
5231936,5231936,6022961
5232106,5232106,6022961
5232269,5232269,6022961
5232442,5232442,6022961
5232927,5232927,6022961
5234918,5234918,6022961
5235287,5235287,6022961
5235746,5235746,6022961
5237264,5237264,6022961
5238859,5238859,6022961
5239034,5239034,6022961
5239612,5239612,6022961
5239622,5239622,6022961
5240184,5240184,6022961
5240659,5240659,6022961
5240779,5240779,6022961
5241094,5241094,6022961
5241850,5241850,6022961
5242063,5242063,6022961
5242397,5242397,6022961
5242991,5242991,6022961
5243378,5243378,6022961
5243777,5243777,6022961
5243814,5243814,6022961
5243984,5243984,6022961
5244999,5244999,6022961
5245509,5245509,6022961
5245681,5245681,6022961
5247222,5247222,6022961
5248582,5248582,6022961
5248858,5248858,6022961
5250146,5250146,6022961
5250427,5250427,6022961
5250519,5250519,6022961
5250822,5250822,6022961
5250966,5250966,6022961
5251054,5251054,6022961
5252043,5252043,6022961
5252225,5252225,6022961
5252704,5252704,6022961
5253009,5253009,6022961
5253992,5253992,6022961
5254411,5254411,6022961
5254703,5254703,6022961
5255724,5255724,6022961
5255802,5255802,6022961
5255869,5255869,6022961
5255873,5255873,6022961
5256331,5256331,6022961
5256563,5256563,6022961
5257228,5257228,6022961
5259696,5259696,6022961
5260003,5260003,6022961
5260198,5260198,6022961
5260238,5260238,6022961
5260925,5260925,6022961
5260958,5260958,6022961
5262099,5262099,6022961
5262400,5262400,6022961
5263252,5263252,6022961
5264070,5264070,6022961
5264250,5264250,6022961
5264486,5264486,6022961
5265448,5265448,6022961
5265533,5265533,6022961
5267916,5267916,6022961
5269115,5269115,6022961
5270142,5270142,6022961
5270216,5270216,6022961
5270339,5270339,6022961
5271922,5271922,6022961
5272186,5272186,6022961
5272207,5272207,6022961
5272245,5272245,6022961
5272872,5272872,6022961
5272953,5272953,6022961
5273745,5273745,6022961
5273861,5273861,6022961
5274266,5274266,6022961
5275909,5275909,6022961
5276322,5276322,6022961
5276651,5276651,6022961
5276698,5276698,6022961
5277681,5277681,6022961
5278414,5278414,6022961
5278900,5278900,6022961
5278906,5278906,6022961
5279507,5279507,6022961
5279739,5279739,6022961
5279892,5279892,6022961
5280195,5280195,6022961
5280560,5280560,6022961
5281076,5281076,6022961
5281470,5281470,6022961
5281759,5281759,6022961
5282142,5282142,6022961
5282671,5282671,6022961
5283060,5283060,6022961
5283254,5283254,6022961
5284818,5284818,6022961
5285281,5285281,6022961
5285354,5285354,6022961
5285890,5285890,6022961
5286213,5286213,6022961
5286361,5286361,6022961
5286369,5286369,6022961
5286675,5286675,6022961
5287286,5287286,6022961
5287469,5287469,6022961
5287871,5287871,6022961
5288258,5288258,6022961
5289039,5289039,6022961
5290216,5290216,6022961
5291488,5291488,6022961
5291955,5291955,6022961
5293358,5293358,6022961
5294508,5294508,6022961
5294766,5294766,6022961
5294842,5294842,6022961
5296581,5296581,6022961
5296992,5296992,6022961
5297600,5297600,6022961
5298128,5298128,6022961
5298172,5298172,6022961
5298566,5298566,6022961
5300239,5300239,6022961
5300871,5300871,6022961
5301637,5301637,6022961
5301706,5301706,6022961
5302201,5302201,6022961
5302263,5302263,6022961
5304061,5304061,6022961
5304927,5304927,6022961
5306690,5306690,6022961
5306891,5306891,6022961
5306912,5306912,6022961
5306990,5306990,6022961
5307010,5307010,6022961
5307542,5307542,6022961
5307671,5307671,6022961
5309192,5309192,6022961
5309839,5309839,6022961
5309839,5309839,6022961
5311005,5311005,6022961
5311363,5311363,6022961
5312090,5312090,6022961
5312093,5312093,6022961
5312774,5312774,6022961
5312961,5312961,6022961
5312981,5312981,6022961
5313720,5313720,6022961
5314398,5314398,6022961
5314517,5314517,6022961
5314619,5314619,6022961
5315810,5315810,6022961
5316445,5316445,6022961
5319962,5319962,6022961
5320792,5320792,6022961
5321014,5321014,6022961
5321044,5321044,6022961
5321109,5321109,6022961
5321115,5321115,6022961
5321728,5321728,6022961
5321800,5321800,6022961
5322545,5322545,6022961
5322579,5322579,6022961
5322843,5322843,6022961
5323057,5323057,6022961
5323453,5323453,6022961
5323702,5323702,6022961
5324083,5324083,6022961
5324264,5324264,6022961
5325355,5325355,6022961
5325653,5325653,6022961
5325959,5325959,6022961
5326206,5326206,6022961
5326346,5326346,6022961
5326650,5326650,6022961
5326874,5326874,6022961
5326913,5326913,6022961
5327575,5327575,6022961
5328808,5328808,6022961
5329125,5329125,6022961
5329544,5329544,6022961
5331178,5331178,6022961
5331463,5331463,6022961
5331983,5331983,6022961
5332015,5332015,6022961
5333042,5333042,6022961
5334403,5334403,6022961
5334750,5334750,6022961
5335537,5335537,6022961
5335646,5335646,6022961
5335973,5335973,6022961
5336118,5336118,6022961
5336146,5336146,6022961
5336600,5336600,6022961
5336831,5336831,6022961
5337552,5337552,6022961
5337995,5337995,6022961
5338598,5338598,6022961
5338795,5338795,6022961
5340358,5340358,6022961
5340857,5340857,6022961
5340905,5340905,6022961
5342087,5342087,6022961
5342194,5342194,6022961
5343251,5343251,6022961
5343696,5343696,6022961
5346391,5346391,6022961
5346712,5346712,6022961
5346863,5346863,6022961
5347449,5347449,6022961
5347693,5347693,6022961
5348173,5348173,6022961
5348203,5348203,6022961
5348951,5348951,6022961
5349375,5349375,6022961
5349646,5349646,6022961
5349743,5349743,6022961
5351467,5351467,6022961
5352158,5352158,6022961
5352267,5352267,6022961
5352307,5352307,6022961
5352394,5352394,6022961
5352402,5352402,6022961
5352415,5352415,6022961
5352463,5352463,6022961
5352767,5352767,6022961
5352823,5352823,6022961
5353118,5353118,6022961
5353493,5353493,6022961
5353680,5353680,6022961
5353819,5353819,6022961
5355635,5355635,6022961
5356340,5356340,6022961
5357074,5357074,6022961
5358311,5358311,6022961
5358902,5358902,6022961
5359371,5359371,6022961
5359838,5359838,6022961
5360003,5360003,6022961
5360465,5360465,6022961
5360578,5360578,6022961
5361094,5361094,6022961
5361164,5361164,6022961
5361334,5361334,6022961
5361491,5361491,6022961
5361842,5361842,6022961
5363259,5363259,6022961
5363416,5363416,6022961
5363606,5363606,6022961
5363802,5363802,6022961
5364739,5364739,6022961
5367024,5367024,6022961
5367027,5367027,6022961
5367310,5367310,6022961
5367542,5367542,6022961
5368635,5368635,6022961
5369209,5369209,6022961
5369631,5369631,6022961
5369752,5369752,6022961
5369982,5369982,6022961
5371203,5371203,6022961
5371578,5371578,6022961
5371630,5371630,6022961
5371885,5371885,6022961
5372074,5372074,6022961
5372297,5372297,6022961
5372415,5372415,6022961
5372479,5372479,6022961
5373616,5373616,6022961
5373816,5373816,6022961
5376036,5376036,6022961
5376058,5376058,6022961
5376161,5376161,6022961
5376269,5376269,6022961
5376574,5376574,6022961
5376730,5376730,6022961
5378122,5378122,6022961
5378569,5378569,6022961
5379192,5379192,6022961
5379614,5379614,6022961
5379730,5379730,6022961
5380084,5380084,6022961
5380288,5380288,6022961
5380369,5380369,6022961
5380711,5380711,6022961
5382062,5382062,6022961
5382197,5382197,6022961
5382464,5382464,6022961
5382662,5382662,6022961
5383296,5383296,6022961
5383760,5383760,6022961
5384114,5384114,6022961
5384165,5384165,6022961
5384500,5384500,6022961
5384760,5384760,6022961
5386140,5386140,6022961
5386612,5386612,6022961
5386679,5386679,6022961
5386847,5386847,6022961
5386927,5386927,6022961
5387382,5387382,6022961
5387869,5387869,6022961
5387990,5387990,6022961
5389251,5389251,6022961
5389621,5389621,6022961
5390411,5390411,6022961
5390478,5390478,6022961
5392348,5392348,6022961
5392473,5392473,6022961
5392658,5392658,6022961
5393752,5393752,6022961
5393753,5393753,6022961
5394101,5394101,6022961
5395214,5395214,6022961
5395689,5395689,6022961
5395892,5395892,6022961
5396096,5396096,6022961
5396743,5396743,6022961
5398417,5398417,6022961
5398803,5398803,6022961
5398853,5398853,6022961
5398914,5398914,6022961
5399051,5399051,6022961
5399451,5399451,6022961
5399547,5399547,6022961
5400249,5400249,6022961
5400556,5400556,6022961
5400791,5400791,6022961
5401333,5401333,6022961
5402014,5402014,6022961
5402666,5402666,6022961
5402680,5402680,6022961
5402719,5402719,6022961
5403289,5403289,6022961
5403919,5403919,6022961
5404683,5404683,6022961
5406394,5406394,6022961
5406459,5406459,6022961
5406687,5406687,6022961
5407178,5407178,6022961
5407331,5407331,6022961
5407462,5407462,6022961
5408596,5408596,6022961
5408909,5408909,6022961
5409188,5409188,6022961
5410012,5410012,6022961
5410397,5410397,6022961
5411079,5411079,6022961
5411355,5411355,6022961
5411434,5411434,6022961
5411605,5411605,6022961
5412346,5412346,6022961
5412423,5412423,6022961
5413831,5413831,6022961
5414507,5414507,6022961
5414688,5414688,6022961
5415053,5415053,6022961
5415669,5415669,6022961
5415847,5415847,6022961
5416054,5416054,6022961
5416204,5416204,6022961
5416746,5416746,6022961
5416909,5416909,6022961
5417908,5417908,6022961
5417965,5417965,6022961
5417994,5417994,6022961
5418091,5418091,6022961
5418470,5418470,6022961
5418637,5418637,6022961
5418794,5418794,6022961
5419388,5419388,6022961
5419458,5419458,6022961
5419521,5419521,6022961
5420222,5420222,6022961
5420444,5420444,6022961
5421107,5421107,6022961
5421356,5421356,6022961
5421637,5421637,6022961
5421681,5421681,6022961
5421987,5421987,6022961
5422708,5422708,6022961
5423834,5423834,6022961
5423910,5423910,6022961
5424558,5424558,6022961
5424611,5424611,6022961
5424995,5424995,6022961
5425184,5425184,6022961
5425641,5425641,6022961
5426437,5426437,6022961
5426550,5426550,6022961
5427186,5427186,6022961
5427425,5427425,6022961
5427813,5427813,6022961
5428117,5428117,6022961
5428595,5428595,6022961
5428649,5428649,6022961
5428932,5428932,6022961
5428990,5428990,6022961
5429407,5429407,6022961
5430083,5430083,6022961
5431361,5431361,6022961
5432662,5432662,6022961
5433521,5433521,6022961
5433869,5433869,6022961
5433887,5433887,6022961
5435062,5435062,6022961
5436442,5436442,6022961
5437644,5437644,6022961
5438020,5438020,6022961
5438586,5438586,6022961
5438657,5438657,6022961
5439150,5439150,6022961
5439240,5439240,6022961
5440445,5440445,6022961
5440463,5440463,6022961
5440810,5440810,6022961
5442342,5442342,6022961
5442439,5442439,6022961
5442778,5442778,6022961
5442837,5442837,6022961
5442899,5442899,6022961
5442953,5442953,6022961
5443887,5443887,6022961
5446070,5446070,6022961
5446128,5446128,6022961
5446473,5446473,6022961
5447550,5447550,6022961
5447760,5447760,6022961
5448466,5448466,6022961
5448729,5448729,6022961
5449059,5449059,6022961
5449504,5449504,6022961
5449884,5449884,6022961
5450292,5450292,6022961
5450375,5450375,6022961
5452504,5452504,6022961
5453200,5453200,6022961
5453203,5453203,6022961
5454043,5454043,6022961
5455533,5455533,6022961
5455996,5455996,6022961
5456213,5456213,6022961
5456619,5456619,6022961
5457447,5457447,6022961
5457506,5457506,6022961
5457569,5457569,6022961
5459241,5459241,6022961
5460307,5460307,6022961
5462294,5462294,6022961
5462444,5462444,6022961
5462650,5462650,6022961
5463497,5463497,6022961
5463677,5463677,6022961
5464101,5464101,6022961
5464193,5464193,6022961
5465458,5465458,6022961
5467684,5467684,6022961
5468355,5468355,6022961
5468374,5468374,6022961
5468391,5468391,6022961
5468684,5468684,6022961
5469403,5469403,6022961
5469907,5469907,6022961
5469947,5469947,6022961
5470173,5470173,6022961
5470210,5470210,6022961
5470252,5470252,6022961
5470640,5470640,6022961
5470791,5470791,6022961
5471366,5471366,6022961
5471476,5471476,6022961
5471476,5471476,6022961
5471631,5471631,6022961
5471996,5471996,6022961
5472700,5472700,6022961
5472788,5472788,6022961
5472938,5472938,6022961
5473011,5473011,6022961
5473117,5473117,6022961
5473756,5473756,6022961
5473872,5473872,6022961
5474637,5474637,6022961
5474731,5474731,6022961
5475777,5475777,6022961
5475945,5475945,6022961
5477153,5477153,6022961
5477761,5477761,6022961
5478291,5478291,6022961
5478310,5478310,6022961
5478529,5478529,6022961
5478675,5478675,6022961
5478677,5478677,6022961
5478873,5478873,6022961
5479338,5479338,6022961
5480810,5480810,6022961
5481285,5481285,6022961
5481285,5481285,6022961
5481635,5481635,6022961
5481728,5481728,6022961
5484833,5484833,6022961
5485321,5485321,6022961
5485942,5485942,6022961
5486712,5486712,6022961
5486742,5486742,6022961
5487355,5487355,6022961
5488766,5488766,6022961
5488818,5488818,6022961
5489164,5489164,6022961
5489850,5489850,6022961
5489926,5489926,6022961
5490353,5490353,6022961
5490466,5490466,6022961
5490824,5490824,6022961
5491038,5491038,6022961
5491476,5491476,6022961
5492049,5492049,6022961
5493099,5493099,6022961
5493378,5493378,6022961
5494117,5494117,6022961
5494705,5494705,6022961
5494867,5494867,6022961
5495487,5495487,6022961
5495743,5495743,6022961
5496383,5496383,6022961
5497226,5497226,6022961
5498109,5498109,6022961
5498286,5498286,6022961
5498563,5498563,6022961
5498600,5498600,6022961
5499074,5499074,6022961
5500276,5500276,6022961
5500294,5500294,6022961
5500448,5500448,6022961
5500738,5500738,6022961
5501405,5501405,6022961
5501461,5501461,6022961
5501984,5501984,6022961
5502212,5502212,6022961
5502764,5502764,6022961
5502926,5502926,6022961
5503266,5503266,6022961
5503486,5503486,6022961
5505585,5505585,6022961
5505977,5505977,6022961
5506083,5506083,6022961
5506221,5506221,6022961
5506293,5506293,6022961
5507716,5507716,6022961
5507900,5507900,6022961
5508320,5508320,6022961
5508609,5508609,6022961
5508822,5508822,6022961
5509873,5509873,6022961
5510630,5510630,6022961
5510868,5510868,6022961
5510891,5510891,6022961
5510914,5510914,6022961
5511595,5511595,6022961
5511904,5511904,6022961
5512369,5512369,6022961
5512917,5512917,6022961
5513495,5513495,6022961
5513934,5513934,6022961
5515022,5515022,6022961
5515303,5515303,6022961
5515709,5515709,6022961
5515714,5515714,6022961
5516198,5516198,6022961
5516634,5516634,6022961
5516639,5516639,6022961
5517890,5517890,6022961
5518193,5518193,6022961
5518526,5518526,6022961
5518875,5518875,6022961
5519360,5519360,6022961
5519885,5519885,6022961
5520149,5520149,6022961
5520470,5520470,6022961
5520696,5520696,6022961
5520966,5520966,6022961
5521181,5521181,6022961
5522010,5522010,6022961
5524861,5524861,6022961
5525261,5525261,6022961
5525959,5525959,6022961
5526476,5526476,6022961
5526598,5526598,6022961
5526755,5526755,6022961
5526850,5526850,6022961
5527237,5527237,6022961
5527390,5527390,6022961
5527774,5527774,6022961
5528070,5528070,6022961
5528993,5528993,6022961
5529654,5529654,6022961
5529960,5529960,6022961
5530814,5530814,6022961
5530837,5530837,6022961
5531250,5531250,6022961
5531509,5531509,6022961
5531687,5531687,6022961
5531828,5531828,6022961
5531951,5531951,6022961
5532416,5532416,6022961
5532574,5532574,6022961
5534439,5534439,6022961
5534782,5534782,6022961
5535611,5535611,6022961
5535661,5535661,6022961
5535805,5535805,6022961
5535843,5535843,6022961
5536193,5536193,6022961
5537092,5537092,6022961
5537323,5537323,6022961
5537761,5537761,6022961
5537974,5537974,6022961
5537989,5537989,6022961
5538327,5538327,6022961
5538393,5538393,6022961
5538811,5538811,6022961
5539362,5539362,6022961
5539931,5539931,6022961
5540961,5540961,6022961
5542801,5542801,6022961
5542944,5542944,6022961
5543706,5543706,6022961
5543746,5543746,6022961
5543875,5543875,6022961
5543963,5543963,6022961
5544163,5544163,6022961
5544443,5544443,6022961
5544871,5544871,6022961
5545259,5545259,6022961
5545364,5545364,6022961
5545853,5545853,6022961
5546413,5546413,6022961
5546990,5546990,6022961
5547607,5547607,6022961
5548015,5548015,6022961
5548394,5548394,6022961
5548503,5548503,6022961
5548784,5548784,6022961
5549677,5549677,6022961
5549744,5549744,6022961
5550018,5550018,6022961
5550273,5550273,6022961
5550491,5550491,6022961
5550571,5550571,6022961
5551721,5551721,6022961
5551960,5551960,6022961
5552652,5552652,6022961
5552930,5552930,6022961
5553046,5553046,6022961
5553047,5553047,6022961
5553645,5553645,6022961
5553763,5553763,6022961
5555225,5555225,6022961
5556047,5556047,6022961
5556389,5556389,6022961
5556455,5556455,6022961
5556802,5556802,6022961
5557107,5557107,6022961
5557284,5557284,6022961
5557366,5557366,6022961
5559014,5559014,6022961
5559097,5559097,6022961
5559669,5559669,6022961
5560108,5560108,6022961
5560299,5560299,6022961
5560989,5560989,6022961
5561358,5561358,6022961
5561718,5561718,6022961
5561756,5561756,6022961
5561920,5561920,6022961
5565104,5565104,6022961
5565161,5565161,6022961
5565207,5565207,6022961
5567927,5567927,6022961
5568371,5568371,6022961
5569161,5569161,6022961
5569524,5569524,6022961
5569592,5569592,6022961
5570192,5570192,6022961
5570793,5570793,6022961
5572016,5572016,6022961
5572469,5572469,6022961
5574220,5574220,6022961
5574308,5574308,6022961
5575445,5575445,6022961
5576053,5576053,6022961
5577996,5577996,6022961
5578730,5578730,6022961
5579694,5579694,6022961
5580671,5580671,6022961
5580937,5580937,6022961
5581075,5581075,6022961
5581805,5581805,6022961
5581808,5581808,6022961
5583885,5583885,6022961
5584155,5584155,6022961
5584268,5584268,6022961
5584651,5584651,6022961
5584668,5584668,6022961
5586772,5586772,6022961
5587009,5587009,6022961
5588074,5588074,6022961
5588418,5588418,6022961
5588671,5588671,6022961
5588882,5588882,6022961
5589566,5589566,6022961
5589686,5589686,6022961
5589872,5589872,6022961
5591220,5591220,6022961
5592040,5592040,6022961
5592343,5592343,6022961
5593178,5593178,6022961
5593319,5593319,6022961
5593898,5593898,6022961
5594074,5594074,6022961
5594214,5594214,6022961
5594366,5594366,6022961
5595232,5595232,6022961
5596070,5596070,6022961
5596339,5596339,6022961
5596578,5596578,6022961
5597566,5597566,6022961
5597818,5597818,6022961
5598045,5598045,6022961
5598471,5598471,6022961
5598563,5598563,6022961
5598739,5598739,6022961
5599110,5599110,6022961
5599722,5599722,6022961
5600296,5600296,6022961
5600869,5600869,6022961
5601228,5601228,6022961
5602080,5602080,6022961
5602361,5602361,6022961
5603248,5603248,6022961
5603377,5603377,6022961
5603805,5603805,6022961
5604350,5604350,6022961
5606039,5606039,6022961
5606082,5606082,6022961
5606222,5606222,6022961
5606522,5606522,6022961
5606578,5606578,6022961
5607155,5607155,6022961
5607402,5607402,6022961
5607903,5607903,6022961
5608914,5608914,6022961
5609027,5609027,6022961
5609153,5609153,6022961
5609247,5609247,6022961
5609451,5609451,6022961
5609906,5609906,6022961
5609957,5609957,6022961
5611766,5611766,6022961
5612336,5612336,6022961
5612575,5612575,6022961
5612734,5612734,6022961
5613633,5613633,6022961
5613725,5613725,6022961
5613953,5613953,6022961
5614297,5614297,6022961
5615092,5615092,6022961
5615214,5615214,6022961
5615408,5615408,6022961
5615650,5615650,6022961
5616204,5616204,6022961
5616314,5616314,6022961
5616357,5616357,6022961
5616442,5616442,6022961
5616497,5616497,6022961
5617524,5617524,6022961
5619397,5619397,6022961
5619845,5619845,6022961
5620039,5620039,6022961
5621233,5621233,6022961
5621394,5621394,6022961
5621536,5621536,6022961
5623771,5623771,6022961
5623773,5623773,6022961
5624349,5624349,6022961
5624784,5624784,6022961
5625512,5625512,6022961
5626030,5626030,6022961
5626861,5626861,6022961
5627280,5627280,6022961
5627527,5627527,6022961
5628592,5628592,6022961
5628967,5628967,6022961
5629359,5629359,6022961
5629785,5629785,6022961
5629847,5629847,6022961
5630317,5630317,6022961
5630859,5630859,6022961
5631187,5631187,6022961
5631523,5631523,6022961
5631524,5631524,6022961
5631751,5631751,6022961
5632063,5632063,6022961
5632555,5632555,6022961
5632800,5632800,6022961
5632975,5632975,6022961
5633125,5633125,6022961
5634354,5634354,6022961
5634757,5634757,6022961
5636016,5636016,6022961
5636225,5636225,6022961
5637983,5637983,6022961
5639087,5639087,6022961
5639331,5639331,6022961
5639973,5639973,6022961
5640598,5640598,6022961
5640674,5640674,6022961
5641068,5641068,6022961
5641120,5641120,6022961
5641154,5641154,6022961
5641490,5641490,6022961
5641744,5641744,6022961
5641959,5641959,6022961
5642468,5642468,6022961
5643058,5643058,6022961
5643326,5643326,6022961
5643958,5643958,6022961
5644825,5644825,6022961
5645483,5645483,6022961
5646176,5646176,6022961
5646865,5646865,6022961
5647405,5647405,6022961
5648465,5648465,6022961
5649183,5649183,6022961
5650049,5650049,6022961
5650250,5650250,6022961
5650724,5650724,6022961
5651000,5651000,6022961
5651602,5651602,6022961
5651607,5651607,6022961
5652906,5652906,6022961
5653036,5653036,6022961
5653541,5653541,6022961
5654312,5654312,6022961
5654843,5654843,6022961
5655554,5655554,6022961
5656180,5656180,6022961
5656375,5656375,6022961
5656604,5656604,6022961
5657708,5657708,6022961
5657728,5657728,6022961
5658297,5658297,6022961
5658485,5658485,6022961
5658794,5658794,6022961
5659075,5659075,6022961
5659486,5659486,6022961
5660160,5660160,6022961
5660776,5660776,6022961
5660820,5660820,6022961
5661426,5661426,6022961
5661733,5661733,6022961
5662569,5662569,6022961
5663015,5663015,6022961
5663783,5663783,6022961
5665121,5665121,6022961
5665996,5665996,6022961
5666378,5666378,6022961
5667149,5667149,6022961
5668583,5668583,6022961
5668708,5668708,6022961
5669726,5669726,6022961
5670053,5670053,6022961
5671596,5671596,6022961
5672623,5672623,6022961
5673392,5673392,6022961
5674666,5674666,6022961
5675071,5675071,6022961
5675101,5675101,6022961
5675163,5675163,6022961
5675475,5675475,6022961
5675907,5675907,6022961
5676153,5676153,6022961
5676670,5676670,6022961
5677712,5677712,6022961
5678571,5678571,6022961
5678864,5678864,6022961
5679135,5679135,6022961
5679148,5679148,6022961
5679444,5679444,6022961
5679453,5679453,6022961
5680148,5680148,6022961
5680494,5680494,6022961
5680676,5680676,6022961
5680800,5680800,6022961
5681473,5681473,6022961
5681826,5681826,6022961
5682074,5682074,6022961
5682293,5682293,6022961
5682626,5682626,6022961
5682915,5682915,6022961
5683003,5683003,6022961
5683663,5683663,6022961
5683832,5683832,6022961
5684316,5684316,6022961
5684438,5684438,6022961
5684613,5684613,6022961
5684767,5684767,6022961
5685372,5685372,6022961
5685485,5685485,6022961
5685679,5685679,6022961
5686150,5686150,6022961
5686321,5686321,6022961
5686551,5686551,6022961
5686948,5686948,6022961
5687767,5687767,6022961
5689287,5689287,6022961
5691674,5691674,6022961
5691955,5691955,6022961
5692154,5692154,6022961
5692614,5692614,6022961
5692695,5692695,6022961
5693963,5693963,6022961
5694079,5694079,6022961
5694322,5694322,6022961
5694344,5694344,6022961
5696369,5696369,6022961
5696999,5696999,6022961
5697195,5697195,6022961
5697428,5697428,6022961
5697471,5697471,6022961
5698240,5698240,6022961
5698246,5698246,6022961
5698477,5698477,6022961
5698655,5698655,6022961
5699807,5699807,6022961
5700091,5700091,6022961
5700361,5700361,6022961
5700753,5700753,6022961
5700776,5700776,6022961
5700829,5700829,6022961
5700994,5700994,6022961
5701151,5701151,6022961
5701164,5701164,6022961
5701383,5701383,6022961
5701871,5701871,6022961
5702082,5702082,6022961
5702391,5702391,6022961
5702579,5702579,6022961
5702595,5702595,6022961
5703223,5703223,6022961
5704412,5704412,6022961
5705361,5705361,6022961
5705815,5705815,6022961
5705837,5705837,6022961
5705922,5705922,6022961
5705997,5705997,6022961
5706376,5706376,6022961
5706467,5706467,6022961
5708279,5708279,6022961
5709525,5709525,6022961
5709932,5709932,6022961
5710379,5710379,6022961
5710649,5710649,6022961
5710746,5710746,6022961
5710860,5710860,6022961
5711457,5711457,6022961
5711619,5711619,6022961
5711680,5711680,6022961
5712073,5712073,6022961
5712091,5712091,6022961
5712270,5712270,6022961
5712355,5712355,6022961
5712792,5712792,6022961
5712975,5712975,6022961
5713324,5713324,6022961
5713610,5713610,6022961
5714278,5714278,6022961
5714337,5714337,6022961
5714848,5714848,6022961
5715540,5715540,6022961
5717822,5717822,6022961
5717965,5717965,6022961
5718698,5718698,6022961
5719734,5719734,6022961
5720795,5720795,6022961
5721322,5721322,6022961
5721693,5721693,6022961
5722136,5722136,6022961
5724012,5724012,6022961
5724417,5724417,6022961
5724882,5724882,6022961
5726518,5726518,6022961
5727089,5727089,6022961
5727579,5727579,6022961
5728415,5728415,6022961
5728473,5728473,6022961
5729007,5729007,6022961
5731333,5731333,6022961
5731356,5731356,6022961
5731530,5731530,6022961
5731645,5731645,6022961
5732148,5732148,6022961
5732472,5732472,6022961
5732584,5732584,6022961
5732950,5732950,6022961
5733084,5733084,6022961
5733662,5733662,6022961
5734098,5734098,6022961
5734315,5734315,6022961
5734657,5734657,6022961
5735090,5735090,6022961
5735395,5735395,6022961
5735509,5735509,6022961
5735853,5735853,6022961
5735912,5735912,6022961
5736500,5736500,6022961
5736779,5736779,6022961
5738217,5738217,6022961
5738649,5738649,6022961
5739401,5739401,6022961
5739410,5739410,6022961
5740092,5740092,6022961
5740095,5740095,6022961
5740373,5740373,6022961
5740802,5740802,6022961
5742034,5742034,6022961
5743137,5743137,6022961
5743307,5743307,6022961
5743746,5743746,6022961
5743976,5743976,6022961
5744131,5744131,6022961
5744132,5744132,6022961
5746472,5746472,6022961
5746556,5746556,6022961
5746585,5746585,6022961
5746933,5746933,6022961
5747296,5747296,6022961
5747452,5747452,6022961
5748179,5748179,6022961
5748212,5748212,6022961
5748252,5748252,6022961
5748289,5748289,6022961
5748438,5748438,6022961
5749260,5749260,6022961
5750016,5750016,6022961
5750522,5750522,6022961
5750554,5750554,6022961
5750665,5750665,6022961
5751021,5751021,6022961
5751264,5751264,6022961
5754008,5754008,6022961
5754046,5754046,6022961
5754252,5754252,6022961
5755401,5755401,6022961
5756675,5756675,6022961
5756974,5756974,6022961
5757469,5757469,6022961
5758020,5758020,6022961
5758564,5758564,6022961
5758908,5758908,6022961
5758968,5758968,6022961
5759394,5759394,6022961
5760058,5760058,6022961
5760377,5760377,6022961
5760405,5760405,6022961
5760690,5760690,6022961
5761771,5761771,6022961
5761829,5761829,6022961
5762143,5762143,6022961
5762563,5762563,6022961
5762673,5762673,6022961
5762699,5762699,6022961
5763767,5763767,6022961
5765402,5765402,6022961
5765787,5765787,6022961
5766202,5766202,6022961
5766500,5766500,6022961
5766588,5766588,6022961
5767886,5767886,6022961
5768003,5768003,6022961
5768227,5768227,6022961
5769192,5769192,6022961
5769656,5769656,6022961
5770164,5770164,6022961
5770250,5770250,6022961
5770553,5770553,6022961
5770683,5770683,6022961
5772832,5772832,6022961
5773413,5773413,6022961
5773458,5773458,6022961
5773549,5773549,6022961
5773884,5773884,6022961
5774993,5774993,6022961
5775875,5775875,6022961
5776083,5776083,6022961
5776095,5776095,6022961
5777091,5777091,6022961
5778141,5778141,6022961
5778796,5778796,6022961
5779650,5779650,6022961
5779797,5779797,6022961
5780566,5780566,6022961
5780691,5780691,6022961
5780824,5780824,6022961
5780885,5780885,6022961
5782009,5782009,6022961
5782445,5782445,6022961
5782888,5782888,6022961
5783034,5783034,6022961
5783202,5783202,6022961
5783424,5783424,6022961
5783677,5783677,6022961
5784393,5784393,6022961
5784422,5784422,6022961
5784855,5784855,6022961
5785076,5785076,6022961
5785135,5785135,6022961
5785340,5785340,6022961
5785683,5785683,6022961
5785787,5785787,6022961
5785823,5785823,6022961
5785983,5785983,6022961
5786091,5786091,6022961
5786226,5786226,6022961
5788093,5788093,6022961
5789321,5789321,6022961
5789503,5789503,6022961
5790128,5790128,6022961
5790744,5790744,6022961
5791359,5791359,6022961
5791965,5791965,6022961
5792041,5792041,6022961
5792601,5792601,6022961
5793426,5793426,6022961
5793690,5793690,6022961
5793700,5793700,6022961
5794721,5794721,6022961
5795233,5795233,6022961
5796750,5796750,6022961
5796821,5796821,6022961
5797988,5797988,6022961
5798964,5798964,6022961
5798983,5798983,6022961
5799034,5799034,6022961
5799796,5799796,6022961
5800525,5800525,6022961
5801114,5801114,6022961
5801135,5801135,6022961
5801627,5801627,6022961
5801905,5801905,6022961
5802347,5802347,6022961
5802893,5802893,6022961
5803030,5803030,6022961
5803221,5803221,6022961
5803366,5803366,6022961
5803590,5803590,6022961
5803800,5803800,6022961
5805163,5805163,6022961
5805819,5805819,6022961
5806310,5806310,6022961
5806639,5806639,6022961
5806690,5806690,6022961
5807369,5807369,6022961
5808342,5808342,6022961
5808388,5808388,6022961
5808497,5808497,6022961
5809970,5809970,6022961
5810498,5810498,6022961
5811017,5811017,6022961
5811635,5811635,6022961
5812102,5812102,6022961
5812881,5812881,6022961
5814411,5814411,6022961
5814486,5814486,6022961
5815330,5815330,6022961
5815894,5815894,6022961
5816516,5816516,6022961
5816611,5816611,6022961
5816935,5816935,6022961
5817735,5817735,6022961
5818297,5818297,6022961
5819177,5819177,6022961
5819731,5819731,6022961
5820270,5820270,6022961
5820656,5820656,6022961
5821294,5821294,6022961
5821473,5821473,6022961
5822069,5822069,6022961
5822727,5822727,6022961
5823680,5823680,6022961
5824156,5824156,6022961
5824573,5824573,6022961
5825675,5825675,6022961
5825956,5825956,6022961
5826069,5826069,6022961
5827339,5827339,6022961
5827789,5827789,6022961
5828348,5828348,6022961
5828467,5828467,6022961
5828565,5828565,6022961
5829148,5829148,6022961
5830073,5830073,6022961
5830078,5830078,6022961
5830372,5830372,6022961
5831079,5831079,6022961
5831418,5831418,6022961
5832240,5832240,6022961
5833041,5833041,6022961
5833664,5833664,6022961
5833769,5833769,6022961
5833946,5833946,6022961
5834285,5834285,6022961
5834573,5834573,6022961
5835190,5835190,6022961
5835776,5835776,6022961
5837566,5837566,6022961
5838189,5838189,6022961
5838255,5838255,6022961
5838485,5838485,6022961
5838788,5838788,6022961
5838817,5838817,6022961
5839800,5839800,6022961
5840547,5840547,6022961
5841066,5841066,6022961
5841882,5841882,6022961
5843185,5843185,6022961
5843381,5843381,6022961
5843737,5843737,6022961
5844837,5844837,6022961
5846518,5846518,6022961
5848576,5848576,6022961
5848639,5848639,6022961
5849453,5849453,6022961
5849943,5849943,6022961
5850515,5850515,6022961
5850861,5850861,6022961
5851217,5851217,6022961
5851353,5851353,6022961
5853009,5853009,6022961
5853026,5853026,6022961
5853862,5853862,6022961
5854692,5854692,6022961
5855192,5855192,6022961
5855825,5855825,6022961
5855853,5855853,6022961
5856183,5856183,6022961
5856597,5856597,6022961
5856792,5856792,6022961
5857019,5857019,6022961
5857214,5857214,6022961
5857523,5857523,6022961
5857561,5857561,6022961
5857895,5857895,6022961
5858157,5858157,6022961
5859008,5859008,6022961
5859014,5859014,6022961
5859542,5859542,6022961
5859581,5859581,6022961
5860191,5860191,6022961
5860571,5860571,6022961
5861225,5861225,6022961
5861400,5861400,6022961
5861455,5861455,6022961
5861897,5861897,6022961
5861989,5861989,6022961
5864200,5864200,6022961
5865313,5865313,6022961
5865588,5865588,6022961
5865646,5865646,6022961
5865871,5865871,6022961
5865909,5865909,6022961
5866532,5866532,6022961
5867022,5867022,6022961
5867233,5867233,6022961
5867758,5867758,6022961
5868056,5868056,6022961
5869152,5869152,6022961
5869618,5869618,6022961
5869734,5869734,6022961
5871145,5871145,6022961
5871167,5871167,6022961
5871986,5871986,6022961
5872324,5872324,6022961
5872479,5872479,6022961
5872633,5872633,6022961
5872793,5872793,6022961
5873160,5873160,6022961
5873213,5873213,6022961
5873222,5873222,6022961
5873441,5873441,6022961
5873458,5873458,6022961
5873462,5873462,6022961
5873542,5873542,6022961
5874502,5874502,6022961
5875429,5875429,6022961
5875540,5875540,6022961
5876895,5876895,6022961
5877201,5877201,6022961
5877370,5877370,6022961
5878381,5878381,6022961
5878755,5878755,6022961
5879109,5879109,6022961
5879555,5879555,6022961
5880065,5880065,6022961
5882966,5882966,6022961
5883329,5883329,6022961
5883848,5883848,6022961
5884160,5884160,6022961
5884480,5884480,6022961
5884946,5884946,6022961
5885030,5885030,6022961
5885158,5885158,6022961
5885803,5885803,6022961
5886141,5886141,6022961
5886554,5886554,6022961
5886850,5886850,6022961
5887441,5887441,6022961
5887497,5887497,6022961
5887907,5887907,6022961
5888099,5888099,6022961
5888239,5888239,6022961
5888411,5888411,6022961
5888492,5888492,6022961
5889027,5889027,6022961
5889070,5889070,6022961
5889227,5889227,6022961
5889666,5889666,6022961
5890037,5890037,6022961
5890346,5890346,6022961
5890562,5890562,6022961
5891185,5891185,6022961
5891229,5891229,6022961
5891389,5891389,6022961
5892257,5892257,6022961
5892334,5892334,6022961
5893660,5893660,6022961
5894467,5894467,6022961
5894472,5894472,6022961
5896122,5896122,6022961
5896667,5896667,6022961
5897055,5897055,6022961
5897392,5897392,6022961
5897563,5897563,6022961
5898226,5898226,6022961
5898988,5898988,6022961
5899860,5899860,6022961
5901801,5901801,6022961
5902343,5902343,6022961
5902414,5902414,6022961
5903397,5903397,6022961
5904338,5904338,6022961
5905156,5905156,6022961
5905241,5905241,6022961
5905364,5905364,6022961
5905615,5905615,6022961
5905842,5905842,6022961
5905947,5905947,6022961
5906317,5906317,6022961
5906678,5906678,6022961
5907240,5907240,6022961
5908206,5908206,6022961
5908710,5908710,6022961
5910462,5910462,6022961
5910680,5910680,6022961
5911634,5911634,6022961
5912084,5912084,6022961
5914105,5914105,6022961
5914599,5914599,6022961
5914777,5914777,6022961
5916046,5916046,6022961
5916206,5916206,6022961
5916311,5916311,6022961
5916551,5916551,6022961
5916639,5916639,6022961
5917981,5917981,6022961
5918025,5918025,6022961
5918268,5918268,6022961
5918507,5918507,6022961
5918609,5918609,6022961
5919706,5919706,6022961
5920402,5920402,6022961
5921619,5921619,6022961
5921970,5921970,6022961
5923652,5923652,6022961
5923702,5923702,6022961
5923874,5923874,6022961
5924986,5924986,6022961
5925546,5925546,6022961
5926283,5926283,6022961
5926595,5926595,6022961
5927005,5927005,6022961
5928763,5928763,6022961
5929027,5929027,6022961
5929214,5929214,6022961
5929241,5929241,6022961
5929684,5929684,6022961
5930683,5930683,6022961
5931204,5931204,6022961
5931962,5931962,6022961
5932120,5932120,6022961
5932575,5932575,6022961
5934475,5934475,6022961
5934577,5934577,6022961
5935046,5935046,6022961
5935100,5935100,6022961
5935390,5935390,6022961
5935480,5935480,6022961
5935508,5935508,6022961
5935582,5935582,6022961
5936331,5936331,6022961
5937290,5937290,6022961
5937786,5937786,6022961
5937868,5937868,6022961
5937949,5937949,6022961
5938546,5938546,6022961
5939531,5939531,6022961
5940485,5940485,6022961
5940917,5940917,6022961
5941803,5941803,6022961
5941847,5941847,6022961
5943492,5943492,6022961
5943849,5943849,6022961
5943898,5943898,6022961
5944003,5944003,6022961
5944996,5944996,6022961
5945387,5945387,6022961
5945814,5945814,6022961
5946318,5946318,6022961
5946699,5946699,6022961
5946734,5946734,6022961
5946858,5946858,6022961
5946909,5946909,6022961
5947025,5947025,6022961
5947223,5947223,6022961
5948544,5948544,6022961
5948807,5948807,6022961
5948868,5948868,6022961
5949012,5949012,6022961
5949720,5949720,6022961
5950513,5950513,6022961
5950771,5950771,6022961
5952317,5952317,6022961
5952441,5952441,6022961
5953202,5953202,6022961
5955278,5955278,6022961
5955382,5955382,6022961
5956507,5956507,6022961
5956820,5956820,6022961
5956952,5956952,6022961
5956999,5956999,6022961
5957868,5957868,6022961
5957958,5957958,6022961
5959164,5959164,6022961
5959428,5959428,6022961
5959581,5959581,6022961
5959712,5959712,6022961
5959786,5959786,6022961
5960143,5960143,6022961
5960160,5960160,6022961
5960224,5960224,6022961
5960690,5960690,6022961
5961263,5961263,6022961
5962042,5962042,6022961
5962228,5962228,6022961
5962576,5962576,6022961
5962815,5962815,6022961
5963183,5963183,6022961
5963517,5963517,6022961
5963651,5963651,6022961
5964194,5964194,6022961
5964611,5964611,6022961
5965148,5965148,6022961
5965805,5965805,6022961
5966419,5966419,6022961
5966844,5966844,6022961
5966931,5966931,6022961
5966934,5966934,6022961
5966942,5966942,6022961
5967115,5967115,6022961
5967371,5967371,6022961
5967618,5967618,6022961
5968552,5968552,6022961
5969595,5969595,6022961
5969607,5969607,6022961
5970079,5970079,6022961
5970521,5970521,6022961
5970748,5970748,6022961
5971548,5971548,6022961
5971762,5971762,6022961
5974059,5974059,6022961
5974190,5974190,6022961
5974820,5974820,6022961
5974871,5974871,6022961
5974903,5974903,6022961
5975794,5975794,6022961
5976550,5976550,6022961
5976764,5976764,6022961
5976765,5976765,6022961
5977842,5977842,6022961
5978646,5978646,6022961
5979133,5979133,6022961
5979492,5979492,6022961
5979957,5979957,6022961
5980304,5980304,6022961
5980355,5980355,6022961
5980965,5980965,6022961
5981017,5981017,6022961
5981447,5981447,6022961
5981518,5981518,6022961
5981628,5981628,6022961
5981900,5981900,6022961
5984994,5984994,6022961
5985228,5985228,6022961
5985381,5985381,6022961
5985900,5985900,6022961
5986263,5986263,6022961
5986466,5986466,6022961
5986652,5986652,6022961
5986832,5986832,6022961
5987615,5987615,6022961
5988024,5988024,6022961
5988433,5988433,6022961
5989209,5989209,6022961
5989244,5989244,6022961
5990038,5990038,6022961
5990067,5990067,6022961
5990984,5990984,6022961
5990992,5990992,6022961
5991278,5991278,6022961
5992270,5992270,6022961
5992468,5992468,6022961
5992664,5992664,6022961
5993321,5993321,6022961
5994437,5994437,6022961
5995066,5995066,6022961
5995190,5995190,6022961
5999108,5999108,6022961
5999765,5999765,6022961
6000405,6000405,6022961
6001231,6001231,6022961
6001507,6001507,6022961
6001660,6001660,6022961
6002212,6002212,6022961
6002274,6002274,6022961
6003319,6003319,6022961
6003396,6003396,6022961
6003551,6003551,6022961
6003745,6003745,6022961
6003918,6003918,6022961
6005478,6005478,6022961
6005772,6005772,6022961
6006781,6006781,6022961
6007044,6007044,6022961
6007142,6007142,6022961
6007834,6007834,6022961
6007925,6007925,6022961
6008578,6008578,6022961
6009126,6009126,6022961
6009418,6009418,6022961
6009638,6009638,6022961
6009853,6009853,6022961
6009880,6009880,6022961
6010403,6010403,6022961
6011432,6011432,6022961
6011986,6011986,6022961
6014062,6014062,6022961
6014314,6014314,6022961
6014394,6014394,6022961
6014514,6014514,6022961
6014673,6014673,6022961
6015239,6015239,6022961
6016137,6016137,6022961
6016416,6016416,6022961
6016693,6016693,6022961
6016776,6016776,6022961
6017437,6017437,6022961
6017496,6017496,6022961
6018255,6018255,6022961
6018872,6018872,6022961
6019235,6019235,6022961
6020102,6020102,6022961
6020409,6020409,6022961
6020580,6020580,6022961
6020604,6020604,6022961
6021061,6021061,6022961
6021186,6021186,6022961
6022099,6022099,6022961
6022391,6022391,6022961
6022935,6022935,6022961
6022935,6022935,6022961
6023402,6023402,8029767
6023591,6023591,8029767
6023664,6023664,8029767
6023752,6023752,8029767
6024011,6024011,8029767
6024696,6024696,8029767
6025760,6025760,8029767
6026917,6026917,8029767
6027139,6027139,8029767
6027252,6027252,8029767
6027345,6027345,8029767
6028244,6028244,8029767
6028490,6028490,8029767
6029299,6029299,8029767
6029736,6029736,8029767
6030082,6030082,8029767
6032504,6032504,8029767
6032844,6032844,8029767
6033408,6033408,8029767
6033954,6033954,8029767
6033956,6033956,8029767
6034925,6034925,8029767
6035592,6035592,8029767
6035683,6035683,8029767
6036306,6036306,8029767
6036476,6036476,8029767
6036817,6036817,8029767
6037433,6037433,8029767
6037545,6037545,8029767
6037654,6037654,8029767
6037741,6037741,8029767
6037800,6037800,8029767
6038255,6038255,8029767
6039882,6039882,8029767
6040621,6040621,8029767
6040859,6040859,8029767
6041750,6041750,8029767
6042368,6042368,8029767
6042382,6042382,8029767
6042415,6042415,8029767
6042846,6042846,8029767
6043272,6043272,8029767
6043534,6043534,8029767
6043589,6043589,8029767
6043608,6043608,8029767
6043788,6043788,8029767
6043976,6043976,8029767
6044046,6044046,8029767
6045544,6045544,8029767
6046078,6046078,8029767
6046112,6046112,8029767
6046198,6046198,8029767
6046278,6046278,8029767
6047031,6047031,8029767
6048545,6048545,8029767
6048549,6048549,8029767
6049054,6049054,8029767
6050137,6050137,8029767
6050812,6050812,8029767
6051212,6051212,8029767
6051580,6051580,8029767
6051730,6051730,8029767
6052776,6052776,8029767
6052914,6052914,8029767
6053049,6053049,8029767
6053390,6053390,8029767
6054124,6054124,8029767
6054291,6054291,8029767
6054742,6054742,8029767
6054921,6054921,8029767
6057049,6057049,8029767
6057212,6057212,8029767
6057586,6057586,8029767
6057706,6057706,8029767
6057780,6057780,8029767
6059220,6059220,8029767
6059455,6059455,8029767
6059742,6059742,8029767
6059794,6059794,8029767
6060338,6060338,8029767
6060468,6060468,8029767
6060976,6060976,8029767
6061346,6061346,8029767
6061407,6061407,8029767
6061665,6061665,8029767
6061731,6061731,8029767
6063111,6063111,8029767
6064231,6064231,8029767
6064740,6064740,8029767
6064813,6064813,8029767
6065232,6065232,8029767
6065721,6065721,8029767
6066077,6066077,8029767
6066384,6066384,8029767
6067553,6067553,8029767
6067862,6067862,8029767
6067870,6067870,8029767
6068242,6068242,8029767
6068245,6068245,8029767
6068371,6068371,8029767
6068583,6068583,8029767
6068819,6068819,8029767
6068847,6068847,8029767
6069369,6069369,8029767
6069472,6069472,8029767
6070310,6070310,8029767
6070761,6070761,8029767
6070859,6070859,8029767
6070918,6070918,8029767
6071030,6071030,8029767
6071119,6071119,8029767
6071185,6071185,8029767
6071222,6071222,8029767
6071424,6071424,8029767
6072526,6072526,8029767
6072578,6072578,8029767
6072851,6072851,8029767
6073398,6073398,8029767
6073827,6073827,8029767
6074732,6074732,8029767
6075478,6075478,8029767
6076138,6076138,8029767
6076603,6076603,8029767
6076715,6076715,8029767
6077228,6077228,8029767
6077301,6077301,8029767
6078634,6078634,8029767
6081222,6081222,8029767
6081754,6081754,8029767
6081824,6081824,8029767
6081892,6081892,8029767
6082147,6082147,8029767
6083561,6083561,8029767
6083755,6083755,8029767
6084167,6084167,8029767
6084331,6084331,8029767
6085901,6085901,8029767
6086074,6086074,8029767
6086399,6086399,8029767
6087534,6087534,8029767
6087593,6087593,8029767
6087594,6087594,8029767
6087626,6087626,8029767
6087825,6087825,8029767
6087880,6087880,8029767
6087988,6087988,8029767
6088441,6088441,8029767
6088898,6088898,8029767
6089623,6089623,8029767
6089983,6089983,8029767
6090454,6090454,8029767
6091067,6091067,8029767
6091136,6091136,8029767
6091703,6091703,8029767
6092784,6092784,8029767
6095003,6095003,8029767
6096311,6096311,8029767
6096767,6096767,8029767
6097157,6097157,8029767
6097671,6097671,8029767
6097927,6097927,8029767
6098249,6098249,8029767
6098265,6098265,8029767
6098815,6098815,8029767
6099589,6099589,8029767
6100032,6100032,8029767
6100240,6100240,8029767
6100416,6100416,8029767
6100630,6100630,8029767
6101187,6101187,8029767
6101429,6101429,8029767
6102156,6102156,8029767
6103077,6103077,8029767
6103157,6103157,8029767
6103729,6103729,8029767
6103785,6103785,8029767
6104262,6104262,8029767
6104322,6104322,8029767
6104390,6104390,8029767
6105762,6105762,8029767
6106648,6106648,8029767
6106668,6106668,8029767
6106991,6106991,8029767
6109756,6109756,8029767
6110395,6110395,8029767
6110526,6110526,8029767
6111507,6111507,8029767
6111885,6111885,8029767
6112157,6112157,8029767
6112398,6112398,8029767
6112505,6112505,8029767
6112587,6112587,8029767
6113700,6113700,8029767
6113760,6113760,8029767
6114441,6114441,8029767
6115057,6115057,8029767
6115065,6115065,8029767
6115648,6115648,8029767
6115781,6115781,8029767
6115835,6115835,8029767
6115839,6115839,8029767
6115881,6115881,8029767
6117248,6117248,8029767
6117884,6117884,8029767
6118026,6118026,8029767
6118408,6118408,8029767
6119257,6119257,8029767
6119797,6119797,8029767
6119967,6119967,8029767
6120461,6120461,8029767
6120847,6120847,8029767
6121408,6121408,8029767
6121448,6121448,8029767
6122005,6122005,8029767
6122231,6122231,8029767
6122307,6122307,8029767
6123145,6123145,8029767
6123275,6123275,8029767
6123376,6123376,8029767
6124219,6124219,8029767
6124875,6124875,8029767
6125333,6125333,8029767
6125845,6125845,8029767
6126556,6126556,8029767
6126628,6126628,8029767
6127231,6127231,8029767
6127444,6127444,8029767
6127887,6127887,8029767
6128130,6128130,8029767
6128204,6128204,8029767
6128252,6128252,8029767
6129126,6129126,8029767
6129351,6129351,8029767
6129660,6129660,8029767
6129844,6129844,8029767
6130056,6130056,8029767
6130464,6130464,8029767
6130515,6130515,8029767
6130670,6130670,8029767
6131574,6131574,8029767
6131805,6131805,8029767
6132789,6132789,8029767
6132995,6132995,8029767
6133290,6133290,8029767
6133337,6133337,8029767
6134408,6134408,8029767
6134866,6134866,8029767
6134989,6134989,8029767
6135017,6135017,8029767
6135140,6135140,8029767
6135982,6135982,8029767
6136309,6136309,8029767
6136458,6136458,8029767
6137158,6137158,8029767
6137255,6137255,8029767
6137471,6137471,8029767
6137516,6137516,8029767
6137771,6137771,8029767
6137873,6137873,8029767
6138021,6138021,8029767
6138134,6138134,8029767
6138902,6138902,8029767
6139323,6139323,8029767
6139482,6139482,8029767
6139763,6139763,8029767
6141896,6141896,8029767
6142494,6142494,8029767
6143865,6143865,8029767
6144022,6144022,8029767
6144335,6144335,8029767
6145025,6145025,8029767
6145393,6145393,8029767
6146544,6146544,8029767
6146573,6146573,8029767
6146610,6146610,8029767
6146901,6146901,8029767
6147290,6147290,8029767
6148618,6148618,8029767
6149183,6149183,8029767
6149499,6149499,8029767
6150263,6150263,8029767
6150533,6150533,8029767
6150832,6150832,8029767
6150967,6150967,8029767
6152369,6152369,8029767
6152592,6152592,8029767
6152801,6152801,8029767
6153607,6153607,8029767
6154800,6154800,8029767
6155437,6155437,8029767
6155479,6155479,8029767
6155707,6155707,8029767
6155767,6155767,8029767
6155945,6155945,8029767
6156301,6156301,8029767
6156577,6156577,8029767
6158245,6158245,8029767
6158354,6158354,8029767
6158567,6158567,8029767
6158710,6158710,8029767
6158827,6158827,8029767
6158830,6158830,8029767
6159049,6159049,8029767
6159598,6159598,8029767
6159705,6159705,8029767
6160294,6160294,8029767
6160686,6160686,8029767
6160689,6160689,8029767
6161595,6161595,8029767
6161801,6161801,8029767
6161944,6161944,8029767
6162046,6162046,8029767
6162196,6162196,8029767
6162421,6162421,8029767
6164062,6164062,8029767
6167910,6167910,8029767
6168046,6168046,8029767
6168126,6168126,8029767
6168591,6168591,8029767
6170173,6170173,8029767
6170421,6170421,8029767
6170443,6170443,8029767
6171830,6171830,8029767
6172433,6172433,8029767
6172606,6172606,8029767
6172615,6172615,8029767
6174428,6174428,8029767
6174822,6174822,8029767
6176714,6176714,8029767
6176827,6176827,8029767
6177018,6177018,8029767
6177075,6177075,8029767
6177082,6177082,8029767
6177569,6177569,8029767
6178510,6178510,8029767
6178619,6178619,8029767
6178681,6178681,8029767
6179491,6179491,8029767
6181136,6181136,8029767
6181806,6181806,8029767
6182013,6182013,8029767
6182536,6182536,8029767
6182879,6182879,8029767
6182960,6182960,8029767
6182965,6182965,8029767
6182972,6182972,8029767
6182999,6182999,8029767
6183289,6183289,8029767
6183461,6183461,8029767
6183870,6183870,8029767
6184383,6184383,8029767
6184446,6184446,8029767
6186220,6186220,8029767
6186537,6186537,8029767
6186626,6186626,8029767
6186883,6186883,8029767
6187091,6187091,8029767
6188054,6188054,8029767
6188279,6188279,8029767
6189642,6189642,8029767
6190230,6190230,8029767
6190429,6190429,8029767
6190527,6190527,8029767
6191630,6191630,8029767
6192204,6192204,8029767
6192311,6192311,8029767
6192367,6192367,8029767
6192695,6192695,8029767
6193065,6193065,8029767
6193102,6193102,8029767
6194389,6194389,8029767
6195160,6195160,8029767
6197320,6197320,8029767
6199243,6199243,8029767
6199376,6199376,8029767
6200049,6200049,8029767
6200903,6200903,8029767
6201405,6201405,8029767
6201578,6201578,8029767
6202581,6202581,8029767
6203190,6203190,8029767
6203683,6203683,8029767
6204281,6204281,8029767
6205131,6205131,8029767
6205356,6205356,8029767
6205878,6205878,8029767
6206792,6206792,8029767
6206920,6206920,8029767
6207396,6207396,8029767
6207647,6207647,8029767
6207892,6207892,8029767
6208647,6208647,8029767
6208995,6208995,8029767
6209485,6209485,8029767
6209826,6209826,8029767
6211988,6211988,8029767
6212291,6212291,8029767
6212335,6212335,8029767
6213033,6213033,8029767
6213908,6213908,8029767
6214118,6214118,8029767
6214409,6214409,8029767
6214564,6214564,8029767
6214578,6214578,8029767
6215016,6215016,8029767
6215129,6215129,8029767
6215447,6215447,8029767
6216356,6216356,8029767
6216850,6216850,8029767
6217083,6217083,8029767
6217116,6217116,8029767
6219591,6219591,8029767
6219683,6219683,8029767
6219777,6219777,8029767
6220888,6220888,8029767
6221140,6221140,8029767
6221780,6221780,8029767
6221785,6221785,8029767
6221862,6221862,8029767
6222291,6222291,8029767
6222366,6222366,8029767
6223374,6223374,8029767
6223975,6223975,8029767
6224862,6224862,8029767
6224937,6224937,8029767
6225367,6225367,8029767
6225392,6225392,8029767
6225466,6225466,8029767
6225509,6225509,8029767
6225551,6225551,8029767
6225640,6225640,8029767
6226210,6226210,8029767
6227601,6227601,8029767
6228134,6228134,8029767
6228878,6228878,8029767
6229138,6229138,8029767
6229429,6229429,8029767
6229918,6229918,8029767
6230207,6230207,8029767
6231250,6231250,8029767
6231335,6231335,8029767
6231670,6231670,8029767
6231788,6231788,8029767
6231883,6231883,8029767
6232067,6232067,8029767
6232236,6232236,8029767
6232432,6232432,8029767
6232625,6232625,8029767
6233116,6233116,8029767
6233672,6233672,8029767
6234012,6234012,8029767
6234176,6234176,8029767
6234776,6234776,8029767
6234846,6234846,8029767
6234891,6234891,8029767
6235064,6235064,8029767
6236428,6236428,8029767
6236576,6236576,8029767
6237525,6237525,8029767
6238648,6238648,8029767
6238832,6238832,8029767
6238918,6238918,8029767
6239342,6239342,8029767
6239833,6239833,8029767
6240783,6240783,8029767
6241643,6241643,8029767
6241769,6241769,8029767
6241816,6241816,8029767
6241841,6241841,8029767
6243617,6243617,8029767
6244188,6244188,8029767
6247722,6247722,8029767
6248240,6248240,8029767
6248628,6248628,8029767
6248897,6248897,8029767
6249463,6249463,8029767
6250582,6250582,8029767
6250631,6250631,8029767
6250679,6250679,8029767
6250866,6250866,8029767
6251362,6251362,8029767
6252281,6252281,8029767
6252748,6252748,8029767
6253167,6253167,8029767
6253691,6253691,8029767
6253903,6253903,8029767
6254849,6254849,8029767
6255571,6255571,8029767
6255765,6255765,8029767
6256072,6256072,8029767
6256177,6256177,8029767
6257409,6257409,8029767
6257938,6257938,8029767
6258072,6258072,8029767
6259121,6259121,8029767
6259441,6259441,8029767
6259550,6259550,8029767
6259596,6259596,8029767
6260449,6260449,8029767
6260513,6260513,8029767
6260541,6260541,8029767
6261299,6261299,8029767
6261481,6261481,8029767
6262800,6262800,8029767
6263105,6263105,8029767
6263168,6263168,8029767
6263699,6263699,8029767
6263907,6263907,8029767
6263985,6263985,8029767
6265121,6265121,8029767
6266161,6266161,8029767
6266415,6266415,8029767
6267181,6267181,8029767
6268295,6268295,8029767
6268309,6268309,8029767
6268563,6268563,8029767
6269182,6269182,8029767
6269199,6269199,8029767
6269546,6269546,8029767
6269812,6269812,8029767
6270392,6270392,8029767
6270670,6270670,8029767
6270929,6270929,8029767
6271092,6271092,8029767
6271207,6271207,8029767
6271479,6271479,8029767
6271502,6271502,8029767
6271552,6271552,8029767
6272150,6272150,8029767
6272400,6272400,8029767
6272406,6272406,8029767
6272468,6272468,8029767
6272525,6272525,8029767
6274044,6274044,8029767
6274078,6274078,8029767
6274230,6274230,8029767
6275997,6275997,8029767
6276283,6276283,8029767
6276908,6276908,8029767
6277064,6277064,8029767
6278002,6278002,8029767
6278268,6278268,8029767
6278392,6278392,8029767
6278761,6278761,8029767
6279151,6279151,8029767
6279383,6279383,8029767
6280537,6280537,8029767
6281300,6281300,8029767
6281400,6281400,8029767
6281700,6281700,8029767
6281720,6281720,8029767
6281799,6281799,8029767
6282805,6282805,8029767
6283341,6283341,8029767
6283941,6283941,8029767
6283954,6283954,8029767
6284108,6284108,8029767
6285674,6285674,8029767
6286353,6286353,8029767
6287161,6287161,8029767
6287289,6287289,8029767
6287298,6287298,8029767
6288100,6288100,8029767
6288764,6288764,8029767
6289581,6289581,8029767
6289879,6289879,8029767
6290015,6290015,8029767
6290872,6290872,8029767
6290876,6290876,8029767
6291103,6291103,8029767
6291621,6291621,8029767
6291733,6291733,8029767
6291934,6291934,8029767
6292190,6292190,8029767
6292909,6292909,8029767
6292944,6292944,8029767
6293884,6293884,8029767
6294279,6294279,8029767
6294468,6294468,8029767
6295899,6295899,8029767
6297713,6297713,8029767
6299094,6299094,8029767
6299305,6299305,8029767
6299357,6299357,8029767
6299531,6299531,8029767
6300898,6300898,8029767
6302654,6302654,8029767
6302783,6302783,8029767
6303735,6303735,8029767
6303871,6303871,8029767
6304486,6304486,8029767
6306118,6306118,8029767
6307061,6307061,8029767
6307205,6307205,8029767
6307267,6307267,8029767
6307292,6307292,8029767
6308607,6308607,8029767
6308768,6308768,8029767
6309587,6309587,8029767
6309592,6309592,8029767
6309623,6309623,8029767
6309815,6309815,8029767
6310361,6310361,8029767
6310982,6310982,8029767
6311464,6311464,8029767
6312962,6312962,8029767
6313214,6313214,8029767
6313328,6313328,8029767
6313548,6313548,8029767
6314603,6314603,8029767
6315230,6315230,8029767
6315320,6315320,8029767
6315507,6315507,8029767
6315619,6315619,8029767
6317271,6317271,8029767
6318073,6318073,8029767
6319489,6319489,8029767
6319911,6319911,8029767
6320785,6320785,8029767
6321272,6321272,8029767
6321577,6321577,8029767
6321896,6321896,8029767
6321948,6321948,8029767
6322069,6322069,8029767
6322441,6322441,8029767
6322728,6322728,8029767
6323755,6323755,8029767
6324818,6324818,8029767
6324843,6324843,8029767
6324942,6324942,8029767
6326454,6326454,8029767
6326604,6326604,8029767
6326713,6326713,8029767
6327201,6327201,8029767
6327473,6327473,8029767
6327883,6327883,8029767
6328358,6328358,8029767
6330273,6330273,8029767
6330465,6330465,8029767
6330467,6330467,8029767
6330711,6330711,8029767
6332836,6332836,8029767
6332915,6332915,8029767
6333127,6333127,8029767
6334122,6334122,8029767
6334142,6334142,8029767
6334354,6334354,8029767
6334362,6334362,8029767
6335499,6335499,8029767
6336444,6336444,8029767
6337023,6337023,8029767
6338146,6338146,8029767
6338204,6338204,8029767
6338268,6338268,8029767
6339677,6339677,8029767
6339881,6339881,8029767
6339920,6339920,8029767
6340634,6340634,8029767
6341410,6341410,8029767
6341502,6341502,8029767
6342014,6342014,8029767
6342556,6342556,8029767
6342833,6342833,8029767
6343467,6343467,8029767
6343885,6343885,8029767
6344046,6344046,8029767
6345204,6345204,8029767
6347128,6347128,8029767
6347716,6347716,8029767
6349696,6349696,8029767
6349708,6349708,8029767
6350257,6350257,8029767
6352025,6352025,8029767
6353259,6353259,8029767
6354201,6354201,8029767
6354381,6354381,8029767
6354529,6354529,8029767
6356007,6356007,8029767
6356153,6356153,8029767
6357213,6357213,8029767
6357671,6357671,8029767
6359357,6359357,8029767
6359976,6359976,8029767
6359987,6359987,8029767
6360919,6360919,8029767
6361797,6361797,8029767
6362306,6362306,8029767
6362427,6362427,8029767
6363141,6363141,8029767
6363660,6363660,8029767
6364800,6364800,8029767
6364903,6364903,8029767
6364994,6364994,8029767
6365628,6365628,8029767
6366790,6366790,8029767
6367157,6367157,8029767
6367313,6367313,8029767
6368182,6368182,8029767
6368436,6368436,8029767
6368485,6368485,8029767
6369235,6369235,8029767
6369562,6369562,8029767
6370282,6370282,8029767
6370720,6370720,8029767
6371446,6371446,8029767
6373342,6373342,8029767
6373948,6373948,8029767
6374415,6374415,8029767
6374785,6374785,8029767
6374816,6374816,8029767
6374974,6374974,8029767
6375455,6375455,8029767
6375934,6375934,8029767
6376139,6376139,8029767
6376575,6376575,8029767
6377550,6377550,8029767
6378082,6378082,8029767
6378331,6378331,8029767
6379367,6379367,8029767
6380236,6380236,8029767
6380314,6380314,8029767
6380817,6380817,8029767
6381278,6381278,8029767
6382010,6382010,8029767
6383328,6383328,8029767
6383395,6383395,8029767
6384114,6384114,8029767
6384285,6384285,8029767
6386284,6386284,8029767
6386451,6386451,8029767
6386475,6386475,8029767
6388060,6388060,8029767
6388191,6388191,8029767
6388376,6388376,8029767
6388561,6388561,8029767
6388893,6388893,8029767
6389450,6389450,8029767
6390123,6390123,8029767
6390823,6390823,8029767
6391236,6391236,8029767
6391599,6391599,8029767
6391841,6391841,8029767
6392921,6392921,8029767
6394146,6394146,8029767
6396126,6396126,8029767
6396376,6396376,8029767
6396805,6396805,8029767
6397840,6397840,8029767
6398861,6398861,8029767
6399153,6399153,8029767
6399567,6399567,8029767
6400094,6400094,8029767
6400661,6400661,8029767
6401865,6401865,8029767
6401976,6401976,8029767
6402264,6402264,8029767
6402583,6402583,8029767
6402942,6402942,8029767
6403262,6403262,8029767
6403890,6403890,8029767
6404427,6404427,8029767
6405473,6405473,8029767
6405849,6405849,8029767
6408264,6408264,8029767
6408739,6408739,8029767
6408752,6408752,8029767
6410150,6410150,8029767
6410210,6410210,8029767
6410229,6410229,8029767
6410774,6410774,8029767
6411126,6411126,8029767
6411799,6411799,8029767
6414114,6414114,8029767
6417017,6417017,8029767
6417138,6417138,8029767
6417345,6417345,8029767
6417701,6417701,8029767
6417751,6417751,8029767
6418305,6418305,8029767
6418306,6418306,8029767
6418342,6418342,8029767
6418491,6418491,8029767
6419811,6419811,8029767
6420207,6420207,8029767
6420973,6420973,8029767
6421053,6421053,8029767
6421129,6421129,8029767
6422441,6422441,8029767
6422486,6422486,8029767
6423751,6423751,8029767
6423825,6423825,8029767
6424143,6424143,8029767
6424375,6424375,8029767
6425497,6425497,8029767
6425579,6425579,8029767
6426432,6426432,8029767
6427114,6427114,8029767
6427115,6427115,8029767
6428101,6428101,8029767
6428284,6428284,8029767
6428440,6428440,8029767
6428687,6428687,8029767
6428961,6428961,8029767
6429043,6429043,8029767
6429070,6429070,8029767
6429451,6429451,8029767
6430567,6430567,8029767
6430813,6430813,8029767
6431859,6431859,8029767
6432410,6432410,8029767
6433623,6433623,8029767
6433670,6433670,8029767
6435037,6435037,8029767
6435651,6435651,8029767
6435658,6435658,8029767
6436149,6436149,8029767
6437819,6437819,8029767
6437969,6437969,8029767
6438176,6438176,8029767
6438848,6438848,8029767
6438963,6438963,8029767
6439047,6439047,8029767
6439095,6439095,8029767
6439106,6439106,8029767
6439521,6439521,8029767
6440095,6440095,8029767
6440806,6440806,8029767
6441223,6441223,8029767
6441387,6441387,8029767
6442164,6442164,8029767
6442209,6442209,8029767
6443724,6443724,8029767
6444170,6444170,8029767
6444285,6444285,8029767
6444663,6444663,8029767
6445009,6445009,8029767
6445521,6445521,8029767
6445646,6445646,8029767
6446477,6446477,8029767
6447339,6447339,8029767
6447506,6447506,8029767
6448203,6448203,8029767
6448253,6448253,8029767
6448435,6448435,8029767
6448452,6448452,8029767
6448945,6448945,8029767
6449685,6449685,8029767
6449793,6449793,8029767
6450692,6450692,8029767
6450961,6450961,8029767
6451180,6451180,8029767
6451284,6451284,8029767
6451434,6451434,8029767
6452440,6452440,8029767
6452605,6452605,8029767
6453291,6453291,8029767
6453408,6453408,8029767
6453778,6453778,8029767
6454234,6454234,8029767
6454435,6454435,8029767
6454793,6454793,8029767
6455369,6455369,8029767
6456918,6456918,8029767
6457061,6457061,8029767
6457445,6457445,8029767
6457557,6457557,8029767
6457786,6457786,8029767
6458115,6458115,8029767
6458750,6458750,8029767
6459027,6459027,8029767
6459762,6459762,8029767
6460177,6460177,8029767
6461291,6461291,8029767
6462643,6462643,8029767
6462764,6462764,8029767
6463211,6463211,8029767
6463920,6463920,8029767
6464766,6464766,8029767
6465008,6465008,8029767
6465207,6465207,8029767
6465429,6465429,8029767
6466027,6466027,8029767
6467071,6467071,8029767
6467595,6467595,8029767
6468016,6468016,8029767
6468569,6468569,8029767
6469110,6469110,8029767
6469290,6469290,8029767
6469326,6469326,8029767
6469374,6469374,8029767
6469889,6469889,8029767
6470611,6470611,8029767
6470765,6470765,8029767
6470921,6470921,8029767
6470933,6470933,8029767
6471725,6471725,8029767
6472649,6472649,8029767
6472747,6472747,8029767
6472870,6472870,8029767
6473035,6473035,8029767
6473081,6473081,8029767
6474699,6474699,8029767
6474894,6474894,8029767
6475177,6475177,8029767
6475838,6475838,8029767
6476003,6476003,8029767
6476224,6476224,8029767
6476750,6476750,8029767
6476833,6476833,8029767
6477660,6477660,8029767
6478033,6478033,8029767
6478341,6478341,8029767
6478713,6478713,8029767
6479069,6479069,8029767
6479242,6479242,8029767
6479319,6479319,8029767
6479747,6479747,8029767
6479829,6479829,8029767
6482049,6482049,8029767
6483397,6483397,8029767
6484493,6484493,8029767
6484746,6484746,8029767
6484851,6484851,8029767
6485378,6485378,8029767
6485450,6485450,8029767
6485736,6485736,8029767
6485885,6485885,8029767
6486123,6486123,8029767
6486206,6486206,8029767
6486564,6486564,8029767
6487996,6487996,8029767
6488353,6488353,8029767
6488370,6488370,8029767
6490029,6490029,8029767
6490393,6490393,8029767
6490982,6490982,8029767
6491874,6491874,8029767
6491890,6491890,8029767
6493489,6493489,8029767
6494171,6494171,8029767
6494738,6494738,8029767
6494851,6494851,8029767
6495072,6495072,8029767
6495468,6495468,8029767
6495857,6495857,8029767
6495864,6495864,8029767
6495929,6495929,8029767
6496040,6496040,8029767
6496049,6496049,8029767
6496909,6496909,8029767
6497178,6497178,8029767
6498090,6498090,8029767
6498462,6498462,8029767
6498797,6498797,8029767
6499792,6499792,8029767
6500806,6500806,8029767
6500810,6500810,8029767
6501566,6501566,8029767
6502878,6502878,8029767
6503559,6503559,8029767
6503743,6503743,8029767
6505501,6505501,8029767
6506476,6506476,8029767
6506927,6506927,8029767
6507503,6507503,8029767
6508173,6508173,8029767
6508484,6508484,8029767
6509013,6509013,8029767
6509193,6509193,8029767
6509613,6509613,8029767
6510375,6510375,8029767
6510695,6510695,8029767
6510798,6510798,8029767
6510837,6510837,8029767
6511214,6511214,8029767
6511260,6511260,8029767
6511847,6511847,8029767
6513017,6513017,8029767
6514137,6514137,8029767
6515029,6515029,8029767
6515148,6515148,8029767
6515366,6515366,8029767
6516981,6516981,8029767
6517251,6517251,8029767
6517631,6517631,8029767
6518167,6518167,8029767
6518488,6518488,8029767
6518554,6518554,8029767
6522342,6522342,8029767
6523115,6523115,8029767
6523146,6523146,8029767
6523460,6523460,8029767
6523744,6523744,8029767
6523806,6523806,8029767
6524070,6524070,8029767
6524574,6524574,8029767
6524609,6524609,8029767
6524624,6524624,8029767
6525227,6525227,8029767
6525237,6525237,8029767
6526349,6526349,8029767
6526558,6526558,8029767
6526755,6526755,8029767
6526839,6526839,8029767
6527580,6527580,8029767
6527608,6527608,8029767
6527911,6527911,8029767
6528371,6528371,8029767
6528471,6528471,8029767
6528574,6528574,8029767
6529215,6529215,8029767
6529903,6529903,8029767
6530077,6530077,8029767
6530175,6530175,8029767
6530201,6530201,8029767
6530736,6530736,8029767
6530918,6530918,8029767
6531079,6531079,8029767
6532850,6532850,8029767
6534321,6534321,8029767
6534594,6534594,8029767
6534707,6534707,8029767
6534946,6534946,8029767
6535066,6535066,8029767
6535228,6535228,8029767
6535722,6535722,8029767
6535879,6535879,8029767
6535923,6535923,8029767
6536518,6536518,8029767
6536947,6536947,8029767
6537120,6537120,8029767
6538290,6538290,8029767
6538291,6538291,8029767
6538353,6538353,8029767
6538587,6538587,8029767
6539256,6539256,8029767
6539641,6539641,8029767
6540093,6540093,8029767
6540187,6540187,8029767
6540363,6540363,8029767
6540517,6540517,8029767
6540695,6540695,8029767
6541422,6541422,8029767
6541549,6541549,8029767
6541695,6541695,8029767
6542074,6542074,8029767
6542920,6542920,8029767
6543043,6543043,8029767
6545240,6545240,8029767
6545771,6545771,8029767
6546134,6546134,8029767
6547331,6547331,8029767
6547725,6547725,8029767
6547793,6547793,8029767
6548207,6548207,8029767
6548225,6548225,8029767
6548880,6548880,8029767
6549147,6549147,8029767
6550565,6550565,8029767
6551055,6551055,8029767
6551726,6551726,8029767
6551776,6551776,8029767
6552013,6552013,8029767
6553273,6553273,8029767
6553408,6553408,8029767
6554671,6554671,8029767
6555136,6555136,8029767
6555147,6555147,8029767
6555231,6555231,8029767
6555528,6555528,8029767
6555865,6555865,8029767
6557057,6557057,8029767
6557234,6557234,8029767
6558760,6558760,8029767
6558942,6558942,8029767
6559411,6559411,8029767
6559552,6559552,8029767
6559780,6559780,8029767
6559959,6559959,8029767
6560209,6560209,8029767
6562944,6562944,8029767
6563865,6563865,8029767
6563899,6563899,8029767
6563965,6563965,8029767
6564414,6564414,8029767
6565140,6565140,8029767
6565209,6565209,8029767
6565257,6565257,8029767
6565812,6565812,8029767
6566721,6566721,8029767
6567210,6567210,8029767
6567326,6567326,8029767
6567628,6567628,8029767
6567680,6567680,8029767
6567883,6567883,8029767
6568046,6568046,8029767
6568221,6568221,8029767
6568943,6568943,8029767
6569619,6569619,8029767
6572227,6572227,8029767
6573032,6573032,8029767
6573959,6573959,8029767
6575961,6575961,8029767
6576918,6576918,8029767
6577314,6577314,8029767
6577447,6577447,8029767
6578431,6578431,8029767
6579282,6579282,8029767
6579936,6579936,8029767
6580012,6580012,8029767
6580150,6580150,8029767
6580299,6580299,8029767
6580837,6580837,8029767
6580985,6580985,8029767
6581861,6581861,8029767
6582067,6582067,8029767
6582396,6582396,8029767
6582418,6582418,8029767
6582744,6582744,8029767
6582878,6582878,8029767
6583448,6583448,8029767
6583955,6583955,8029767
6584648,6584648,8029767
6586408,6586408,8029767
6586512,6586512,8029767
6586943,6586943,8029767
6587430,6587430,8029767
6587847,6587847,8029767
6588610,6588610,8029767
6589281,6589281,8029767
6590683,6590683,8029767
6590866,6590866,8029767
6591374,6591374,8029767
6592083,6592083,8029767
6592484,6592484,8029767
6593805,6593805,8029767
6594049,6594049,8029767
6595096,6595096,8029767
6595511,6595511,8029767
6596619,6596619,8029767
6596726,6596726,8029767
6597504,6597504,8029767
6597997,6597997,8029767
6598074,6598074,8029767
6599443,6599443,8029767
6599694,6599694,8029767
6600337,6600337,8029767
6600634,6600634,8029767
6601751,6601751,8029767
6602713,6602713,8029767
6603161,6603161,8029767
6603244,6603244,8029767
6603614,6603614,8029767
6603754,6603754,8029767
6603884,6603884,8029767
6603943,6603943,8029767
6604230,6604230,8029767
6604409,6604409,8029767
6604594,6604594,8029767
6604640,6604640,8029767
6605127,6605127,8029767
6605552,6605552,8029767
6605697,6605697,8029767
6605907,6605907,8029767
6606388,6606388,8029767
6606576,6606576,8029767
6607261,6607261,8029767
6608239,6608239,8029767
6608435,6608435,8029767
6608475,6608475,8029767
6608830,6608830,8029767
6609662,6609662,8029767
6609748,6609748,8029767
6609821,6609821,8029767
6610417,6610417,8029767
6610520,6610520,8029767
6611546,6611546,8029767
6611631,6611631,8029767
6611798,6611798,8029767
6611810,6611810,8029767
6612681,6612681,8029767
6613383,6613383,8029767
6613386,6613386,8029767
6613455,6613455,8029767
6613988,6613988,8029767
6614203,6614203,8029767
6614452,6614452,8029767
6615712,6615712,8029767
6615834,6615834,8029767
6615950,6615950,8029767
6616929,6616929,8029767
6617099,6617099,8029767
6617343,6617343,8029767
6617470,6617470,8029767
6617655,6617655,8029767
6617983,6617983,8029767
6619221,6619221,8029767
6619656,6619656,8029767
6621556,6621556,8029767
6621571,6621571,8029767
6623296,6623296,8029767
6624413,6624413,8029767
6624734,6624734,8029767
6625199,6625199,8029767
6625295,6625295,8029767
6626062,6626062,8029767
6626464,6626464,8029767
6626509,6626509,8029767
6626845,6626845,8029767
6627465,6627465,8029767
6628549,6628549,8029767
6629048,6629048,8029767
6630639,6630639,8029767
6631254,6631254,8029767
6632288,6632288,8029767
6632634,6632634,8029767
6632722,6632722,8029767
6633149,6633149,8029767
6633779,6633779,8029767
6635387,6635387,8029767
6635681,6635681,8029767
6635974,6635974,8029767
6636580,6636580,8029767
6636747,6636747,8029767
6636790,6636790,8029767
6637399,6637399,8029767
6637555,6637555,8029767
6640864,6640864,8029767
6640892,6640892,8029767
6642269,6642269,8029767
6642509,6642509,8029767
6643944,6643944,8029767
6644035,6644035,8029767
6644892,6644892,8029767
6646282,6646282,8029767
6648023,6648023,8029767
6648606,6648606,8029767
6649350,6649350,8029767
6649388,6649388,8029767
6649608,6649608,8029767
6649797,6649797,8029767
6651379,6651379,8029767
6652827,6652827,8029767
6653171,6653171,8029767
6653195,6653195,8029767
6653308,6653308,8029767
6654531,6654531,8029767
6654945,6654945,8029767
6655131,6655131,8029767
6655511,6655511,8029767
6656440,6656440,8029767
6657081,6657081,8029767
6657188,6657188,8029767
6658316,6658316,8029767
6658418,6658418,8029767
6660561,6660561,8029767
6660634,6660634,8029767
6661602,6661602,8029767
6662024,6662024,8029767
6662085,6662085,8029767
6662366,6662366,8029767
6662979,6662979,8029767
6663575,6663575,8029767
6664141,6664141,8029767
6664249,6664249,8029767
6664465,6664465,8029767
6664824,6664824,8029767
6665030,6665030,8029767
6665207,6665207,8029767
6666301,6666301,8029767
6666814,6666814,8029767
6667210,6667210,8029767
6669214,6669214,8029767
6669396,6669396,8029767
6669935,6669935,8029767
6670674,6670674,8029767
6670947,6670947,8029767
6671255,6671255,8029767
6672135,6672135,8029767
6672670,6672670,8029767
6672895,6672895,8029767
6673209,6673209,8029767
6673408,6673408,8029767
6673634,6673634,8029767
6674372,6674372,8029767
6675588,6675588,8029767
6676498,6676498,8029767
6677151,6677151,8029767
6677182,6677182,8029767
6677506,6677506,8029767
6678380,6678380,8029767
6678418,6678418,8029767
6678593,6678593,8029767
6678747,6678747,8029767
6679040,6679040,8029767
6679329,6679329,8029767
6679422,6679422,8029767
6679559,6679559,8029767
6681639,6681639,8029767
6683425,6683425,8029767
6683452,6683452,8029767
6684192,6684192,8029767
6684907,6684907,8029767
6684935,6684935,8029767
6685525,6685525,8029767
6685904,6685904,8029767
6686167,6686167,8029767
6687282,6687282,8029767
6687401,6687401,8029767
6689001,6689001,8029767
6689085,6689085,8029767
6689536,6689536,8029767
6690778,6690778,8029767
6690788,6690788,8029767
6691164,6691164,8029767
6692100,6692100,8029767
6692248,6692248,8029767
6693127,6693127,8029767
6694395,6694395,8029767
6694541,6694541,8029767
6695123,6695123,8029767
6695338,6695338,8029767
6695459,6695459,8029767
6695848,6695848,8029767
6696381,6696381,8029767
6696406,6696406,8029767
6698402,6698402,8029767
6698603,6698603,8029767
6699202,6699202,8029767
6699515,6699515,8029767
6699859,6699859,8029767
6699893,6699893,8029767
6699999,6699999,8029767
6700125,6700125,8029767
6700255,6700255,8029767
6701031,6701031,8029767
6702753,6702753,8029767
6702878,6702878,8029767
6703060,6703060,8029767
6703200,6703200,8029767
6703232,6703232,8029767
6704242,6704242,8029767
6704742,6704742,8029767
6705928,6705928,8029767
6706094,6706094,8029767
6706464,6706464,8029767
6706517,6706517,8029767
6707122,6707122,8029767
6708679,6708679,8029767
6709685,6709685,8029767
6710530,6710530,8029767
6712806,6712806,8029767
6712864,6712864,8029767
6714201,6714201,8029767
6714341,6714341,8029767
6714360,6714360,8029767
6714447,6714447,8029767
6715607,6715607,8029767
6717667,6717667,8029767
6718182,6718182,8029767
6718428,6718428,8029767
6719903,6719903,8029767
6719974,6719974,8029767
6720005,6720005,8029767
6720007,6720007,8029767
6720409,6720409,8029767
6720689,6720689,8029767
6721004,6721004,8029767
6721532,6721532,8029767
6723910,6723910,8029767
6725016,6725016,8029767
6725026,6725026,8029767
6725226,6725226,8029767
6725368,6725368,8029767
6725587,6725587,8029767
6725707,6725707,8029767
6725976,6725976,8029767
6726610,6726610,8029767
6726673,6726673,8029767
6727059,6727059,8029767
6727543,6727543,8029767
6727833,6727833,8029767
6728008,6728008,8029767
6728760,6728760,8029767
6729338,6729338,8029767
6729369,6729369,8029767
6730514,6730514,8029767
6730738,6730738,8029767
6731274,6731274,8029767
6731295,6731295,8029767
6731457,6731457,8029767
6732781,6732781,8029767
6732895,6732895,8029767
6733483,6733483,8029767
6733766,6733766,8029767
6733920,6733920,8029767
6734022,6734022,8029767
6735093,6735093,8029767
6736792,6736792,8029767
6736996,6736996,8029767
6737517,6737517,8029767
6738057,6738057,8029767
6738104,6738104,8029767
6738540,6738540,8029767
6739701,6739701,8029767
6741193,6741193,8029767
6741556,6741556,8029767
6741872,6741872,8029767
6742619,6742619,8029767
6742775,6742775,8029767
6742956,6742956,8029767
6743280,6743280,8029767
6743401,6743401,8029767
6743627,6743627,8029767
6743789,6743789,8029767
6744343,6744343,8029767
6745554,6745554,8029767
6745997,6745997,8029767
6746388,6746388,8029767
6746817,6746817,8029767
6747531,6747531,8029767
6748292,6748292,8029767
6748557,6748557,8029767
6749477,6749477,8029767
6749687,6749687,8029767
6750371,6750371,8029767
6750438,6750438,8029767
6751147,6751147,8029767
6751578,6751578,8029767
6751945,6751945,8029767
6752043,6752043,8029767
6752425,6752425,8029767
6752938,6752938,8029767
6754319,6754319,8029767
6754385,6754385,8029767
6754769,6754769,8029767
6754849,6754849,8029767
6755655,6755655,8029767
6757430,6757430,8029767
6757797,6757797,8029767
6758145,6758145,8029767
6759019,6759019,8029767
6759508,6759508,8029767
6761672,6761672,8029767
6762874,6762874,8029767
6763401,6763401,8029767
6764537,6764537,8029767
6764687,6764687,8029767
6765213,6765213,8029767
6766046,6766046,8029767
6766106,6766106,8029767
6766186,6766186,8029767
6766202,6766202,8029767
6767639,6767639,8029767
6768832,6768832,8029767
6769193,6769193,8029767
6771165,6771165,8029767
6771247,6771247,8029767
6771680,6771680,8029767
6771787,6771787,8029767
6773553,6773553,8029767
6774596,6774596,8029767
6774737,6774737,8029767
6775630,6775630,8029767
6777265,6777265,8029767
6778506,6778506,8029767
6778532,6778532,8029767
6778560,6778560,8029767
6778943,6778943,8029767
6779848,6779848,8029767
6780200,6780200,8029767
6780507,6780507,8029767
6783050,6783050,8029767
6783081,6783081,8029767
6785111,6785111,8029767
6785363,6785363,8029767
6785609,6785609,8029767
6785855,6785855,8029767
6786505,6786505,8029767
6786651,6786651,8029767
6786734,6786734,8029767
6788090,6788090,8029767
6788338,6788338,8029767
6788556,6788556,8029767
6788832,6788832,8029767
6789324,6789324,8029767
6789780,6789780,8029767
6790104,6790104,8029767
6790340,6790340,8029767
6790959,6790959,8029767
6791348,6791348,8029767
6791475,6791475,8029767
6791846,6791846,8029767
6792127,6792127,8029767
6792813,6792813,8029767
6793605,6793605,8029767
6793605,6793605,8029767
6793801,6793801,8029767
6793940,6793940,8029767
6794045,6794045,8029767
6794282,6794282,8029767
6794845,6794845,8029767
6795648,6795648,8029767
6796107,6796107,8029767
6797330,6797330,8029767
6798067,6798067,8029767
6798696,6798696,8029767
6799619,6799619,8029767
6800225,6800225,8029767
6800538,6800538,8029767
6802653,6802653,8029767
6803485,6803485,8029767
6804769,6804769,8029767
6806877,6806877,8029767
6807192,6807192,8029767
6807570,6807570,8029767
6808462,6808462,8029767
6808657,6808657,8029767
6809092,6809092,8029767
6809535,6809535,8029767
6809837,6809837,8029767
6810393,6810393,8029767
6811034,6811034,8029767
6811180,6811180,8029767
6811910,6811910,8029767
6812286,6812286,8029767
6812810,6812810,8029767
6813663,6813663,8029767
6813866,6813866,8029767
6814316,6814316,8029767
6814973,6814973,8029767
6814986,6814986,8029767
6815333,6815333,8029767
6815939,6815939,8029767
6816889,6816889,8029767
6816971,6816971,8029767
6817178,6817178,8029767
6820141,6820141,8029767
6820375,6820375,8029767
6820706,6820706,8029767
6820741,6820741,8029767
6820854,6820854,8029767
6821510,6821510,8029767
6822345,6822345,8029767
6822927,6822927,8029767
6823945,6823945,8029767
6824026,6824026,8029767
6824300,6824300,8029767
6825007,6825007,8029767
6825750,6825750,8029767
6826065,6826065,8029767
6826521,6826521,8029767
6827671,6827671,8029767
6827855,6827855,8029767
6828043,6828043,8029767
6829200,6829200,8029767
6829393,6829393,8029767
6829644,6829644,8029767
6829647,6829647,8029767
6829692,6829692,8029767
6830231,6830231,8029767
6830437,6830437,8029767
6830567,6830567,8029767
6831080,6831080,8029767
6831375,6831375,8029767
6831705,6831705,8029767
6831759,6831759,8029767
6833263,6833263,8029767
6833720,6833720,8029767
6833844,6833844,8029767
6834115,6834115,8029767
6835278,6835278,8029767
6835284,6835284,8029767
6835464,6835464,8029767
6835761,6835761,8029767
6836120,6836120,8029767
6836165,6836165,8029767
6836322,6836322,8029767
6837058,6837058,8029767
6838550,6838550,8029767
6838838,6838838,8029767
6839520,6839520,8029767
6839582,6839582,8029767
6839601,6839601,8029767
6840580,6840580,8029767
6841653,6841653,8029767
6841905,6841905,8029767
6842432,6842432,8029767
6843003,6843003,8029767
6843765,6843765,8029767
6843804,6843804,8029767
6846580,6846580,8029767
6846617,6846617,8029767
6846731,6846731,8029767
6846901,6846901,8029767
6846963,6846963,8029767
6847450,6847450,8029767
6848666,6848666,8029767
6848812,6848812,8029767
6848838,6848838,8029767
6848956,6848956,8029767
6849473,6849473,8029767
6849754,6849754,8029767
6850046,6850046,8029767
6850099,6850099,8029767
6850284,6850284,8029767
6851596,6851596,8029767
6851648,6851648,8029767
6852451,6852451,8029767
6852669,6852669,8029767
6852906,6852906,8029767
6852955,6852955,8029767
6853254,6853254,8029767
6853900,6853900,8029767
6855222,6855222,8029767
6855380,6855380,8029767
6856317,6856317,8029767
6856378,6856378,8029767
6856927,6856927,8029767
6857197,6857197,8029767
6858166,6858166,8029767
6858266,6858266,8029767
6858286,6858286,8029767
6859079,6859079,8029767
6860156,6860156,8029767
6860507,6860507,8029767
6860735,6860735,8029767
6861153,6861153,8029767
6861585,6861585,8029767
6861748,6861748,8029767
6862278,6862278,8029767
6862425,6862425,8029767
6863842,6863842,8029767
6864268,6864268,8029767
6864953,6864953,8029767
6865611,6865611,8029767
6866525,6866525,8029767
6866706,6866706,8029767
6867148,6867148,8029767
6868126,6868126,8029767
6868305,6868305,8029767
6869980,6869980,8029767
6870000,6870000,8029767
6870129,6870129,8029767
6870223,6870223,8029767
6870497,6870497,8029767
6870795,6870795,8029767
6871458,6871458,8029767
6871802,6871802,8029767
6872390,6872390,8029767
6872940,6872940,8029767
6873080,6873080,8029767
6873310,6873310,8029767
6873464,6873464,8029767
6874531,6874531,8029767
6874757,6874757,8029767
6875422,6875422,8029767
6875479,6875479,8029767
6875489,6875489,8029767
6876216,6876216,8029767
6876226,6876226,8029767
6876950,6876950,8029767
6877449,6877449,8029767
6877578,6877578,8029767
6877933,6877933,8029767
6878128,6878128,8029767
6878181,6878181,8029767
6878768,6878768,8029767
6879417,6879417,8029767
6879771,6879771,8029767
6879774,6879774,8029767
6879850,6879850,8029767
6880140,6880140,8029767
6880348,6880348,8029767
6881361,6881361,8029767
6881670,6881670,8029767
6882003,6882003,8029767
6882062,6882062,8029767
6882535,6882535,8029767
6882950,6882950,8029767
6883921,6883921,8029767
6883973,6883973,8029767
6884324,6884324,8029767
6884639,6884639,8029767
6885031,6885031,8029767
6885293,6885293,8029767
6885643,6885643,8029767
6887116,6887116,8029767
6887427,6887427,8029767
6888565,6888565,8029767
6889960,6889960,8029767
6890039,6890039,8029767
6891878,6891878,8029767
6892186,6892186,8029767
6892861,6892861,8029767
6892970,6892970,8029767
6893085,6893085,8029767
6893247,6893247,8029767
6893595,6893595,8029767
6893676,6893676,8029767
6893787,6893787,8029767
6894379,6894379,8029767
6894801,6894801,8029767
6895090,6895090,8029767
6895739,6895739,8029767
6895802,6895802,8029767
6896806,6896806,8029767
6897328,6897328,8029767
6899123,6899123,8029767
6899550,6899550,8029767
6899808,6899808,8029767
6900202,6900202,8029767
6900779,6900779,8029767
6900990,6900990,8029767
6901123,6901123,8029767
6901152,6901152,8029767
6902403,6902403,8029767
6902583,6902583,8029767
6903273,6903273,8029767
6903352,6903352,8029767
6903966,6903966,8029767
6904296,6904296,8029767
6904382,6904382,8029767
6905411,6905411,8029767
6905922,6905922,8029767
6906216,6906216,8029767
6907168,6907168,8029767
6907342,6907342,8029767
6908302,6908302,8029767
6908842,6908842,8029767
6910056,6910056,8029767
6911297,6911297,8029767
6911685,6911685,8029767
6911716,6911716,8029767
6911965,6911965,8029767
6913259,6913259,8029767
6913861,6913861,8029767
6915292,6915292,8029767
6915312,6915312,8029767
6915546,6915546,8029767
6916163,6916163,8029767
6916568,6916568,8029767
6916574,6916574,8029767
6916587,6916587,8029767
6916928,6916928,8029767
6917276,6917276,8029767
6918084,6918084,8029767
6918614,6918614,8029767
6918637,6918637,8029767
6918821,6918821,8029767
6919482,6919482,8029767
6919762,6919762,8029767
6920282,6920282,8029767
6920639,6920639,8029767
6920799,6920799,8029767
6921754,6921754,8029767
6921785,6921785,8029767
6921953,6921953,8029767
6922131,6922131,8029767
6922904,6922904,8029767
6923146,6923146,8029767
6923244,6923244,8029767
6924497,6924497,8029767
6926329,6926329,8029767
6926697,6926697,8029767
6926856,6926856,8029767
6927723,6927723,8029767
6928046,6928046,8029767
6929649,6929649,8029767
6930613,6930613,8029767
6931850,6931850,8029767
6931968,6931968,8029767
6932143,6932143,8029767
6932198,6932198,8029767
6932345,6932345,8029767
6932645,6932645,8029767
6933257,6933257,8029767
6933534,6933534,8029767
6934178,6934178,8029767
6935189,6935189,8029767
6935311,6935311,8029767
6936674,6936674,8029767
6937309,6937309,8029767
6937830,6937830,8029767
6938271,6938271,8029767
6938284,6938284,8029767
6938453,6938453,8029767
6938519,6938519,8029767
6939250,6939250,8029767
6939310,6939310,8029767
6940068,6940068,8029767
6942029,6942029,8029767
6942244,6942244,8029767
6944521,6944521,8029767
6944843,6944843,8029767
6945045,6945045,8029767
6945248,6945248,8029767
6945832,6945832,8029767
6945959,6945959,8029767
6946130,6946130,8029767
6946159,6946159,8029767
6946245,6946245,8029767
6946667,6946667,8029767
6947068,6947068,8029767
6948152,6948152,8029767
6948640,6948640,8029767
6949174,6949174,8029767
6951676,6951676,8029767
6951970,6951970,8029767
6952201,6952201,8029767
6952319,6952319,8029767
6952706,6952706,8029767
6952919,6952919,8029767
6953411,6953411,8029767
6953638,6953638,8029767
6953683,6953683,8029767
6953887,6953887,8029767
6954737,6954737,8029767
6954792,6954792,8029767
6955516,6955516,8029767
6955681,6955681,8029767
6956051,6956051,8029767
6956314,6956314,8029767
6956482,6956482,8029767
6956701,6956701,8029767
6956887,6956887,8029767
6957258,6957258,8029767
6957562,6957562,8029767
6957879,6957879,8029767
6958587,6958587,8029767
6959155,6959155,8029767
6960112,6960112,8029767
6960550,6960550,8029767
6960733,6960733,8029767
6961005,6961005,8029767
6961917,6961917,8029767
6963293,6963293,8029767
6963611,6963611,8029767
6963889,6963889,8029767
6964367,6964367,8029767
6964477,6964477,8029767
6964668,6964668,8029767
6965497,6965497,8029767
6965815,6965815,8029767
6966188,6966188,8029767
6966709,6966709,8029767
6966933,6966933,8029767
6967095,6967095,8029767
6967691,6967691,8029767
6967947,6967947,8029767
6968265,6968265,8029767
6969047,6969047,8029767
6969503,6969503,8029767
6970035,6970035,8029767
6970438,6970438,8029767
6970489,6970489,8029767
6971212,6971212,8029767
6971340,6971340,8029767
6971549,6971549,8029767
6971705,6971705,8029767
6971794,6971794,8029767
6971936,6971936,8029767
6972338,6972338,8029767
6972423,6972423,8029767
6973505,6973505,8029767
6973920,6973920,8029767
6974787,6974787,8029767
6975506,6975506,8029767
6975724,6975724,8029767
6976092,6976092,8029767
6976191,6976191,8029767
6976360,6976360,8029767
6976625,6976625,8029767
6976716,6976716,8029767
6976777,6976777,8029767
6977100,6977100,8029767
6977687,6977687,8029767
6977782,6977782,8029767
6979300,6979300,8029767
6979338,6979338,8029767
6979423,6979423,8029767
6979737,6979737,8029767
6980810,6980810,8029767
6983633,6983633,8029767
6983702,6983702,8029767
6983876,6983876,8029767
6984091,6984091,8029767
6984671,6984671,8029767
6985532,6985532,8029767
6985806,6985806,8029767
6986141,6986141,8029767
6987520,6987520,8029767
6988072,6988072,8029767
6988458,6988458,8029767
6988498,6988498,8029767
6989254,6989254,8029767
6990379,6990379,8029767
6990774,6990774,8029767
6991080,6991080,8029767
6991543,6991543,8029767
6992259,6992259,8029767
6993122,6993122,8029767
6993911,6993911,8029767
6995524,6995524,8029767
6995821,6995821,8029767
6996034,6996034,8029767
6997042,6997042,8029767
6998759,6998759,8029767
6998917,6998917,8029767
6999252,6999252,8029767
6999443,6999443,8029767
7000181,7000181,8029767
7000468,7000468,8029767
7001020,7001020,8029767
7001987,7001987,8029767
7002641,7002641,8029767
7002861,7002861,8029767
7003498,7003498,8029767
7004127,7004127,8029767
7004334,7004334,8029767
7004695,7004695,8029767
7005488,7005488,8029767
7005549,7005549,8029767
7005856,7005856,8029767
7007300,7007300,8029767
7007315,7007315,8029767
7007686,7007686,8029767
7008321,7008321,8029767
7009162,7009162,8029767
7009180,7009180,8029767
7009533,7009533,8029767
7009689,7009689,8029767
7009856,7009856,8029767
7010031,7010031,8029767
7011285,7011285,8029767
7011307,7011307,8029767
7011965,7011965,8029767
7012514,7012514,8029767
7013267,7013267,8029767
7013398,7013398,8029767
7014403,7014403,8029767
7014554,7014554,8029767
7015141,7015141,8029767
7015540,7015540,8029767
7015628,7015628,8029767
7016560,7016560,8029767
7016598,7016598,8029767
7017273,7017273,8029767
7018864,7018864,8029767
7019433,7019433,8029767
7020273,7020273,8029767
7020442,7020442,8029767
7020844,7020844,8029767
7021631,7021631,8029767
7021784,7021784,8029767
7022480,7022480,8029767
7023502,7023502,8029767
7023790,7023790,8029767
7024309,7024309,8029767
7024661,7024661,8029767
7025007,7025007,8029767
7025403,7025403,8029767
7025754,7025754,8029767
7025852,7025852,8029767
7025912,7025912,8029767
7026239,7026239,8029767
7027327,7027327,8029767
7027794,7027794,8029767
7028018,7028018,8029767
7028207,7028207,8029767
7029315,7029315,8029767
7030713,7030713,8029767
7031403,7031403,8029767
7031723,7031723,8029767
7031845,7031845,8029767
7031943,7031943,8029767
7032225,7032225,8029767
7032503,7032503,8029767
7032632,7032632,8029767
7033244,7033244,8029767
7034646,7034646,8029767
7034874,7034874,8029767
7034975,7034975,8029767
7035091,7035091,8029767
7035292,7035292,8029767
7036513,7036513,8029767
7037628,7037628,8029767
7037823,7037823,8029767
7037956,7037956,8029767
7038230,7038230,8029767
7038925,7038925,8029767
7038946,7038946,8029767
7038961,7038961,8029767
7039057,7039057,8029767
7039305,7039305,8029767
7039524,7039524,8029767
7040526,7040526,8029767
7041160,7041160,8029767
7041224,7041224,8029767
7041686,7041686,8029767
7042651,7042651,8029767
7042684,7042684,8029767
7044219,7044219,8029767
7044417,7044417,8029767
7044462,7044462,8029767
7045429,7045429,8029767
7045787,7045787,8029767
7046466,7046466,8029767
7047079,7047079,8029767
7047578,7047578,8029767
7047892,7047892,8029767
7048207,7048207,8029767
7048389,7048389,8029767
7048526,7048526,8029767
7049008,7049008,8029767
7049266,7049266,8029767
7049546,7049546,8029767
7049899,7049899,8029767
7050836,7050836,8029767
7051702,7051702,8029767
7051955,7051955,8029767
7052108,7052108,8029767
7052318,7052318,8029767
7052668,7052668,8029767
7052773,7052773,8029767
7053660,7053660,8029767
7053933,7053933,8029767
7054324,7054324,8029767
7055182,7055182,8029767
7055487,7055487,8029767
7055716,7055716,8029767
7056355,7056355,8029767
7058735,7058735,8029767
7058913,7058913,8029767
7059241,7059241,8029767
7060013,7060013,8029767
7060359,7060359,8029767
7060363,7060363,8029767
7060394,7060394,8029767
7060594,7060594,8029767
7060945,7060945,8029767
7060948,7060948,8029767
7060949,7060949,8029767
7061172,7061172,8029767
7061190,7061190,8029767
7061629,7061629,8029767
7062239,7062239,8029767
7062358,7062358,8029767
7062580,7062580,8029767
7063345,7063345,8029767
7063606,7063606,8029767
7063807,7063807,8029767
7064340,7064340,8029767
7065223,7065223,8029767
7065463,7065463,8029767
7065831,7065831,8029767
7066391,7066391,8029767
7067076,7067076,8029767
7067096,7067096,8029767
7067368,7067368,8029767
7067932,7067932,8029767
7068198,7068198,8029767
7069368,7069368,8029767
7069973,7069973,8029767
7070549,7070549,8029767
7070707,7070707,8029767
7070949,7070949,8029767
7071397,7071397,8029767
7071728,7071728,8029767
7071820,7071820,8029767
7071842,7071842,8029767
7072451,7072451,8029767
7073201,7073201,8029767
7073817,7073817,8029767
7074779,7074779,8029767
7075517,7075517,8029767
7076398,7076398,8029767
7076706,7076706,8029767
7077018,7077018,8029767
7077442,7077442,8029767
7077873,7077873,8029767
7079092,7079092,8029767
7079299,7079299,8029767
7080203,7080203,8029767
7080231,7080231,8029767
7080381,7080381,8029767
7080475,7080475,8029767
7081083,7081083,8029767
7081580,7081580,8029767
7081694,7081694,8029767
7082024,7082024,8029767
7082169,7082169,8029767
7083120,7083120,8029767
7083186,7083186,8029767
7083440,7083440,8029767
7083446,7083446,8029767
7084909,7084909,8029767
7086521,7086521,8029767
7087001,7087001,8029767
7087445,7087445,8029767
7088691,7088691,8029767
7088801,7088801,8029767
7089103,7089103,8029767
7089157,7089157,8029767
7091214,7091214,8029767
7091306,7091306,8029767
7091552,7091552,8029767
7093023,7093023,8029767
7094438,7094438,8029767
7094647,7094647,8029767
7094647,7094647,8029767
7095336,7095336,8029767
7095785,7095785,8029767
7096429,7096429,8029767
7096610,7096610,8029767
7096655,7096655,8029767
7096731,7096731,8029767
7097588,7097588,8029767
7097983,7097983,8029767
7098037,7098037,8029767
7098132,7098132,8029767
7098410,7098410,8029767
7100612,7100612,8029767
7101023,7101023,8029767
7102441,7102441,8029767
7103364,7103364,8029767
7104589,7104589,8029767
7104961,7104961,8029767
7105533,7105533,8029767
7106143,7106143,8029767
7106422,7106422,8029767
7108090,7108090,8029767
7108450,7108450,8029767
7108735,7108735,8029767
7109884,7109884,8029767
7110166,7110166,8029767
7110326,7110326,8029767
7110498,7110498,8029767
7110568,7110568,8029767
7110631,7110631,8029767
7111074,7111074,8029767
7112887,7112887,8029767
7113353,7113353,8029767
7113789,7113789,8029767
7114061,7114061,8029767
7114603,7114603,8029767
7115125,7115125,8029767
7115523,7115523,8029767
7115758,7115758,8029767
7116235,7116235,8029767
7116520,7116520,8029767
7117095,7117095,8029767
7118397,7118397,8029767
7118758,7118758,8029767
7118892,7118892,8029767
7119006,7119006,8029767
7119237,7119237,8029767
7119268,7119268,8029767
7119335,7119335,8029767
7119393,7119393,8029767
7120044,7120044,8029767
7121001,7121001,8029767
7121629,7121629,8029767
7122524,7122524,8029767
7123558,7123558,8029767
7124094,7124094,8029767
7124339,7124339,8029767
7124457,7124457,8029767
7125414,7125414,8029767
7125585,7125585,8029767
7126071,7126071,8029767
7126932,7126932,8029767
7127017,7127017,8029767
7130233,7130233,8029767
7130247,7130247,8029767
7130947,7130947,8029767
7131866,7131866,8029767
7131909,7131909,8029767
7132908,7132908,8029767
7133432,7133432,8029767
7134079,7134079,8029767
7134151,7134151,8029767
7135710,7135710,8029767
7135874,7135874,8029767
7136271,7136271,8029767
7137201,7137201,8029767
7137555,7137555,8029767
7138506,7138506,8029767
7139418,7139418,8029767
7139448,7139448,8029767
7140119,7140119,8029767
7140230,7140230,8029767
7140606,7140606,8029767
7140991,7140991,8029767
7142081,7142081,8029767
7142145,7142145,8029767
7142780,7142780,8029767
7143044,7143044,8029767
7144156,7144156,8029767
7145060,7145060,8029767
7145142,7145142,8029767
7145445,7145445,8029767
7146184,7146184,8029767
7146717,7146717,8029767
7146731,7146731,8029767
7146733,7146733,8029767
7146785,7146785,8029767
7148258,7148258,8029767
7148396,7148396,8029767
7148902,7148902,8029767
7150100,7150100,8029767
7150144,7150144,8029767
7151406,7151406,8029767
7151522,7151522,8029767
7152157,7152157,8029767
7153274,7153274,8029767
7154749,7154749,8029767
7154864,7154864,8029767
7154875,7154875,8029767
7155108,7155108,8029767
7155361,7155361,8029767
7155628,7155628,8029767
7156150,7156150,8029767
7156201,7156201,8029767
7156368,7156368,8029767
7156652,7156652,8029767
7156717,7156717,8029767
7157406,7157406,8029767
7157588,7157588,8029767
7157592,7157592,8029767
7157817,7157817,8029767
7158725,7158725,8029767
7158879,7158879,8029767
7159117,7159117,8029767
7159738,7159738,8029767
7159809,7159809,8029767
7159936,7159936,8029767
7161103,7161103,8029767
7161230,7161230,8029767
7161629,7161629,8029767
7162660,7162660,8029767
7163179,7163179,8029767
7164127,7164127,8029767
7164651,7164651,8029767
7165710,7165710,8029767
7166853,7166853,8029767
7167023,7167023,8029767
7167054,7167054,8029767
7167184,7167184,8029767
7167609,7167609,8029767
7167862,7167862,8029767
7168458,7168458,8029767
7169059,7169059,8029767
7169067,7169067,8029767
7169702,7169702,8029767
7170351,7170351,8029767
7170757,7170757,8029767
7172543,7172543,8029767
7173864,7173864,8029767
7174087,7174087,8029767
7174752,7174752,8029767
7174909,7174909,8029767
7175151,7175151,8029767
7175705,7175705,8029767
7175931,7175931,8029767
7176500,7176500,8029767
7177136,7177136,8029767
7177543,7177543,8029767
7177617,7177617,8029767
7177740,7177740,8029767
7177967,7177967,8029767
7178406,7178406,8029767
7178944,7178944,8029767
7179036,7179036,8029767
7179547,7179547,8029767
7179761,7179761,8029767
7179954,7179954,8029767
7179985,7179985,8029767
7180627,7180627,8029767
7181945,7181945,8029767
7182083,7182083,8029767
7182657,7182657,8029767
7183548,7183548,8029767
7183575,7183575,8029767
7184349,7184349,8029767
7185025,7185025,8029767
7185986,7185986,8029767
7186124,7186124,8029767
7186521,7186521,8029767
7188170,7188170,8029767
7188405,7188405,8029767
7189102,7189102,8029767
7189241,7189241,8029767
7190574,7190574,8029767
7190591,7190591,8029767
7190753,7190753,8029767
7191126,7191126,8029767
7191595,7191595,8029767
7192975,7192975,8029767
7193134,7193134,8029767
7193810,7193810,8029767
7194788,7194788,8029767
7195879,7195879,8029767
7196139,7196139,8029767
7196437,7196437,8029767
7196922,7196922,8029767
7197762,7197762,8029767
7197991,7197991,8029767
7198214,7198214,8029767
7198269,7198269,8029767
7198557,7198557,8029767
7198684,7198684,8029767
7199355,7199355,8029767
7199518,7199518,8029767
7199913,7199913,8029767
7200153,7200153,8029767
7202115,7202115,8029767
7203066,7203066,8029767
7204656,7204656,8029767
7205010,7205010,8029767
7205317,7205317,8029767
7205643,7205643,8029767
7205809,7205809,8029767
7206690,7206690,8029767
7207130,7207130,8029767
7207568,7207568,8029767
7208142,7208142,8029767
7208568,7208568,8029767
7208894,7208894,8029767
7210039,7210039,8029767
7210331,7210331,8029767
7210610,7210610,8029767
7211415,7211415,8029767
7212046,7212046,8029767
7212215,7212215,8029767
7212364,7212364,8029767
7212766,7212766,8029767
7213974,7213974,8029767
7214359,7214359,8029767
7216154,7216154,8029767
7216369,7216369,8029767
7216612,7216612,8029767
7216984,7216984,8029767
7217063,7217063,8029767
7217537,7217537,8029767
7218064,7218064,8029767
7218274,7218274,8029767
7218427,7218427,8029767
7218656,7218656,8029767
7219860,7219860,8029767
7219944,7219944,8029767
7222601,7222601,8029767
7222710,7222710,8029767
7222803,7222803,8029767
7223294,7223294,8029767
7224767,7224767,8029767
7225081,7225081,8029767
7226064,7226064,8029767
7226092,7226092,8029767
7226576,7226576,8029767
7226904,7226904,8029767
7227531,7227531,8029767
7227942,7227942,8029767
7227972,7227972,8029767
7228108,7228108,8029767
7228532,7228532,8029767
7228885,7228885,8029767
7229074,7229074,8029767
7229214,7229214,8029767
7229700,7229700,8029767
7229835,7229835,8029767
7230406,7230406,8029767
7231198,7231198,8029767
7231702,7231702,8029767
7232007,7232007,8029767
7232527,7232527,8029767
7233892,7233892,8029767
7234115,7234115,8029767
7234822,7234822,8029767
7234936,7234936,8029767
7235881,7235881,8029767
7236795,7236795,8029767
7237002,7237002,8029767
7237337,7237337,8029767
7237981,7237981,8029767
7238273,7238273,8029767
7238361,7238361,8029767
7238703,7238703,8029767
7239195,7239195,8029767
7240465,7240465,8029767
7240593,7240593,8029767
7240705,7240705,8029767
7241054,7241054,8029767
7241191,7241191,8029767
7241615,7241615,8029767
7241965,7241965,8029767
7242245,7242245,8029767
7242908,7242908,8029767
7244180,7244180,8029767
7244368,7244368,8029767
7244467,7244467,8029767
7244585,7244585,8029767
7244609,7244609,8029767
7245543,7245543,8029767
7245543,7245543,8029767
7245908,7245908,8029767
7246208,7246208,8029767
7246705,7246705,8029767
7247150,7247150,8029767
7247315,7247315,8029767
7247447,7247447,8029767
7248780,7248780,8029767
7249194,7249194,8029767
7249361,7249361,8029767
7249476,7249476,8029767
7249572,7249572,8029767
7249750,7249750,8029767
7250908,7250908,8029767
7251316,7251316,8029767
7251449,7251449,8029767
7251636,7251636,8029767
7253142,7253142,8029767
7254235,7254235,8029767
7254249,7254249,8029767
7254731,7254731,8029767
7255056,7255056,8029767
7255096,7255096,8029767
7255944,7255944,8029767
7256422,7256422,8029767
7256849,7256849,8029767
7257348,7257348,8029767
7257844,7257844,8029767
7257898,7257898,8029767
7258008,7258008,8029767
7258014,7258014,8029767
7258100,7258100,8029767
7258331,7258331,8029767
7258949,7258949,8029767
7259031,7259031,8029767
7259089,7259089,8029767
7259128,7259128,8029767
7260098,7260098,8029767
7260322,7260322,8029767
7260473,7260473,8029767
7260743,7260743,8029767
7261145,7261145,8029767
7262142,7262142,8029767
7262313,7262313,8029767
7263270,7263270,8029767
7264834,7264834,8029767
7265143,7265143,8029767
7265372,7265372,8029767
7265506,7265506,8029767
7267923,7267923,8029767
7268980,7268980,8029767
7269294,7269294,8029767
7270574,7270574,8029767
7271064,7271064,8029767
7271670,7271670,8029767
7271812,7271812,8029767
7272194,7272194,8029767
7272918,7272918,8029767
7273202,7273202,8029767
7274460,7274460,8029767
7274701,7274701,8029767
7274957,7274957,8029767
7275029,7275029,8029767
7275560,7275560,8029767
7275967,7275967,8029767
7276080,7276080,8029767
7277127,7277127,8029767
7277835,7277835,8029767
7279451,7279451,8029767
7280300,7280300,8029767
7280429,7280429,8029767
7281116,7281116,8029767
7281368,7281368,8029767
7282767,7282767,8029767
7283787,7283787,8029767
7283941,7283941,8029767
7285071,7285071,8029767
7285509,7285509,8029767
7286929,7286929,8029767
7287759,7287759,8029767
7288022,7288022,8029767
7289725,7289725,8029767
7290191,7290191,8029767
7291138,7291138,8029767
7291359,7291359,8029767
7291506,7291506,8029767
7291519,7291519,8029767
7291699,7291699,8029767
7292050,7292050,8029767
7292645,7292645,8029767
7293153,7293153,8029767
7293487,7293487,8029767
7293703,7293703,8029767
7293743,7293743,8029767
7294378,7294378,8029767
7294743,7294743,8029767
7295001,7295001,8029767
7295040,7295040,8029767
7295128,7295128,8029767
7295676,7295676,8029767
7296091,7296091,8029767
7296528,7296528,8029767
7297617,7297617,8029767
7297976,7297976,8029767
7298367,7298367,8029767
7298830,7298830,8029767
7299239,7299239,8029767
7299970,7299970,8029767
7300142,7300142,8029767
7300882,7300882,8029767
7301053,7301053,8029767
7301364,7301364,8029767
7301907,7301907,8029767
7301909,7301909,8029767
7301936,7301936,8029767
7301981,7301981,8029767
7302051,7302051,8029767
7303105,7303105,8029767
7303816,7303816,8029767
7304308,7304308,8029767
7305216,7305216,8029767
7305825,7305825,8029767
7305900,7305900,8029767
7306063,7306063,8029767
7306146,7306146,8029767
7306901,7306901,8029767
7307180,7307180,8029767
7308031,7308031,8029767
7308527,7308527,8029767
7308953,7308953,8029767
7309054,7309054,8029767
7309067,7309067,8029767
7309561,7309561,8029767
7309659,7309659,8029767
7309912,7309912,8029767
7310241,7310241,8029767
7311217,7311217,8029767
7311431,7311431,8029767
7311612,7311612,8029767
7311912,7311912,8029767
7314645,7314645,8029767
7315023,7315023,8029767
7315026,7315026,8029767
7315576,7315576,8029767
7316420,7316420,8029767
7316508,7316508,8029767
7316545,7316545,8029767
7316684,7316684,8029767
7316944,7316944,8029767
7319378,7319378,8029767
7320230,7320230,8029767
7320596,7320596,8029767
7320816,7320816,8029767
7321095,7321095,8029767
7321527,7321527,8029767
7321587,7321587,8029767
7321754,7321754,8029767
7322321,7322321,8029767
7323106,7323106,8029767
7323857,7323857,8029767
7323873,7323873,8029767
7324009,7324009,8029767
7324200,7324200,8029767
7324264,7324264,8029767
7324274,7324274,8029767
7324370,7324370,8029767
7324389,7324389,8029767
7324773,7324773,8029767
7324915,7324915,8029767
7325052,7325052,8029767
7325517,7325517,8029767
7325538,7325538,8029767
7325889,7325889,8029767
7326170,7326170,8029767
7326702,7326702,8029767
7326907,7326907,8029767
7326935,7326935,8029767
7326970,7326970,8029767
7327050,7327050,8029767
7327080,7327080,8029767
7327602,7327602,8029767
7327833,7327833,8029767
7328749,7328749,8029767
7328832,7328832,8029767
7329945,7329945,8029767
7330111,7330111,8029767
7330249,7330249,8029767
7330869,7330869,8029767
7331466,7331466,8029767
7331915,7331915,8029767
7333539,7333539,8029767
7334085,7334085,8029767
7334826,7334826,8029767
7335043,7335043,8029767
7335405,7335405,8029767
7335631,7335631,8029767
7336485,7336485,8029767
7336781,7336781,8029767
7337127,7337127,8029767
7337421,7337421,8029767
7337665,7337665,8029767
7338247,7338247,8029767
7338381,7338381,8029767
7338561,7338561,8029767
7339717,7339717,8029767
7339892,7339892,8029767
7340181,7340181,8029767
7340752,7340752,8029767
7341230,7341230,8029767
7341817,7341817,8029767
7342588,7342588,8029767
7343058,7343058,8029767
7343425,7343425,8029767
7343518,7343518,8029767
7345572,7345572,8029767
7346664,7346664,8029767
7347602,7347602,8029767
7348526,7348526,8029767
7349821,7349821,8029767
7349939,7349939,8029767
7350108,7350108,8029767
7351310,7351310,8029767
7352066,7352066,8029767
7352072,7352072,8029767
7352363,7352363,8029767
7352982,7352982,8029767
7353189,7353189,8029767
7355463,7355463,8029767
7356074,7356074,8029767
7356800,7356800,8029767
7357175,7357175,8029767
7357590,7357590,8029767
7357840,7357840,8029767
7357887,7357887,8029767
7357973,7357973,8029767
7357985,7357985,8029767
7358539,7358539,8029767
7359405,7359405,8029767
7360823,7360823,8029767
7361043,7361043,8029767
7361766,7361766,8029767
7363538,7363538,8029767
7363921,7363921,8029767
7364820,7364820,8029767
7365036,7365036,8029767
7365103,7365103,8029767
7365690,7365690,8029767
7366022,7366022,8029767
7367077,7367077,8029767
7369633,7369633,8029767
7371145,7371145,8029767
7371563,7371563,8029767
7371787,7371787,8029767
7371937,7371937,8029767
7372226,7372226,8029767
7373361,7373361,8029767
7374119,7374119,8029767
7374201,7374201,8029767
7374465,7374465,8029767
7374477,7374477,8029767
7375324,7375324,8029767
7376092,7376092,8029767
7376178,7376178,8029767
7376448,7376448,8029767
7376609,7376609,8029767
7378392,7378392,8029767
7378575,7378575,8029767
7379503,7379503,8029767
7379869,7379869,8029767
7380643,7380643,8029767
7380736,7380736,8029767
7380789,7380789,8029767
7380816,7380816,8029767
7381281,7381281,8029767
7382346,7382346,8029767
7382539,7382539,8029767
7382600,7382600,8029767
7383058,7383058,8029767
7383245,7383245,8029767
7383393,7383393,8029767
7383527,7383527,8029767
7383953,7383953,8029767
7384646,7384646,8029767
7384853,7384853,8029767
7385026,7385026,8029767
7385098,7385098,8029767
7385440,7385440,8029767
7386205,7386205,8029767
7386678,7386678,8029767
7387242,7387242,8029767
7387509,7387509,8029767
7388113,7388113,8029767
7388705,7388705,8029767
7389098,7389098,8029767
7389215,7389215,8029767
7389233,7389233,8029767
7390157,7390157,8029767
7390479,7390479,8029767
7390812,7390812,8029767
7390900,7390900,8029767
7391452,7391452,8029767
7391524,7391524,8029767
7392576,7392576,8029767
7392581,7392581,8029767
7393776,7393776,8029767
7393818,7393818,8029767
7393962,7393962,8029767
7394305,7394305,8029767
7395747,7395747,8029767
7396820,7396820,8029767
7397353,7397353,8029767
7397563,7397563,8029767
7398015,7398015,8029767
7398355,7398355,8029767
7398792,7398792,8029767
7399154,7399154,8029767
7399426,7399426,8029767
7400492,7400492,8029767
7402664,7402664,8029767
7403113,7403113,8029767
7403118,7403118,8029767
7403911,7403911,8029767
7404936,7404936,8029767
7405669,7405669,8029767
7407651,7407651,8029767
7407775,7407775,8029767
7407996,7407996,8029767
7408675,7408675,8029767
7409058,7409058,8029767
7409533,7409533,8029767
7409800,7409800,8029767
7409891,7409891,8029767
7410016,7410016,8029767
7410075,7410075,8029767
7411324,7411324,8029767
7411953,7411953,8029767
7412140,7412140,8029767
7412228,7412228,8029767
7412273,7412273,8029767
7413093,7413093,8029767
7413344,7413344,8029767
7413975,7413975,8029767
7414689,7414689,8029767
7415510,7415510,8029767
7416392,7416392,8029767
7417324,7417324,8029767
7417713,7417713,8029767
7418718,7418718,8029767
7419147,7419147,8029767
7419224,7419224,8029767
7419312,7419312,8029767
7420781,7420781,8029767
7422252,7422252,8029767
7422459,7422459,8029767
7422460,7422460,8029767
7423207,7423207,8029767
7425486,7425486,8029767
7426470,7426470,8029767
7426653,7426653,8029767
7426981,7426981,8029767
7426987,7426987,8029767
7427321,7427321,8029767
7427386,7427386,8029767
7428244,7428244,8029767
7428324,7428324,8029767
7428691,7428691,8029767
7429398,7429398,8029767
7429452,7429452,8029767
7429623,7429623,8029767
7430598,7430598,8029767
7430811,7430811,8029767
7430902,7430902,8029767
7432975,7432975,8029767
7433311,7433311,8029767
7433429,7433429,8029767
7433658,7433658,8029767
7433800,7433800,8029767
7434100,7434100,8029767
7434230,7434230,8029767
7434478,7434478,8029767
7434781,7434781,8029767
7435022,7435022,8029767
7435264,7435264,8029767
7435412,7435412,8029767
7435509,7435509,8029767
7435845,7435845,8029767
7435935,7435935,8029767
7436035,7436035,8029767
7436202,7436202,8029767
7436735,7436735,8029767
7437333,7437333,8029767
7438213,7438213,8029767
7438364,7438364,8029767
7438661,7438661,8029767
7441293,7441293,8029767
7441313,7441313,8029767
7441511,7441511,8029767
7441549,7441549,8029767
7441675,7441675,8029767
7442037,7442037,8029767
7442339,7442339,8029767
7442860,7442860,8029767
7443360,7443360,8029767
7443423,7443423,8029767
7443709,7443709,8029767
7444299,7444299,8029767
7444887,7444887,8029767
7446666,7446666,8029767
7446705,7446705,8029767
7446735,7446735,8029767
7446858,7446858,8029767
7447259,7447259,8029767
7447481,7447481,8029767
7447720,7447720,8029767
7448083,7448083,8029767
7448909,7448909,8029767
7449418,7449418,8029767
7449682,7449682,8029767
7449913,7449913,8029767
7450004,7450004,8029767
7450343,7450343,8029767
7450363,7450363,8029767
7450559,7450559,8029767
7451279,7451279,8029767
7451927,7451927,8029767
7452405,7452405,8029767
7453246,7453246,8029767
7453391,7453391,8029767
7453488,7453488,8029767
7453754,7453754,8029767
7453789,7453789,8029767
7454197,7454197,8029767
7454556,7454556,8029767
7455213,7455213,8029767
7455878,7455878,8029767
7457222,7457222,8029767
7457729,7457729,8029767
7458164,7458164,8029767
7458197,7458197,8029767
7458538,7458538,8029767
7458686,7458686,8029767
7459297,7459297,8029767
7459329,7459329,8029767
7459682,7459682,8029767
7459685,7459685,8029767
7460062,7460062,8029767
7460137,7460137,8029767
7460303,7460303,8029767
7460309,7460309,8029767
7460362,7460362,8029767
7460589,7460589,8029767
7460725,7460725,8029767
7461083,7461083,8029767
7462994,7462994,8029767
7463017,7463017,8029767
7464702,7464702,8029767
7465273,7465273,8029767
7466337,7466337,8029767
7467740,7467740,8029767
7468771,7468771,8029767
7470409,7470409,8029767
7470686,7470686,8029767
7470880,7470880,8029767
7471021,7471021,8029767
7471421,7471421,8029767
7471619,7471619,8029767
7471936,7471936,8029767
7472073,7472073,8029767
7472515,7472515,8029767
7472730,7472730,8029767
7473105,7473105,8029767
7473646,7473646,8029767
7474066,7474066,8029767
7474164,7474164,8029767
7474282,7474282,8029767
7474730,7474730,8029767
7475783,7475783,8029767
7475910,7475910,8029767
7475968,7475968,8029767
7476684,7476684,8029767
7477480,7477480,8029767
7477827,7477827,8029767
7477963,7477963,8029767
7478194,7478194,8029767
7478244,7478244,8029767
7478587,7478587,8029767
7478591,7478591,8029767
7478822,7478822,8029767
7479151,7479151,8029767
7480203,7480203,8029767
7481021,7481021,8029767
7481294,7481294,8029767
7481474,7481474,8029767
7481535,7481535,8029767
7483546,7483546,8029767
7484213,7484213,8029767
7484322,7484322,8029767
7484604,7484604,8029767
7484696,7484696,8029767
7484912,7484912,8029767
7485107,7485107,8029767
7485427,7485427,8029767
7485896,7485896,8029767
7486008,7486008,8029767
7486071,7486071,8029767
7487736,7487736,8029767
7488544,7488544,8029767
7488925,7488925,8029767
7489335,7489335,8029767
7490112,7490112,8029767
7490463,7490463,8029767
7490569,7490569,8029767
7490598,7490598,8029767
7491039,7491039,8029767
7493735,7493735,8029767
7494018,7494018,8029767
7494084,7494084,8029767
7495421,7495421,8029767
7495457,7495457,8029767
7495524,7495524,8029767
7495689,7495689,8029767
7496822,7496822,8029767
7497472,7497472,8029767
7497594,7497594,8029767
7499021,7499021,8029767
7499096,7499096,8029767
7499127,7499127,8029767
7500445,7500445,8029767
7500549,7500549,8029767
7500748,7500748,8029767
7500956,7500956,8029767
7501395,7501395,8029767
7501478,7501478,8029767
7501854,7501854,8029767
7502911,7502911,8029767
7503024,7503024,8029767
7504515,7504515,8029767
7504531,7504531,8029767
7504640,7504640,8029767
7504810,7504810,8029767
7506648,7506648,8029767
7507194,7507194,8029767
7507678,7507678,8029767
7509012,7509012,8029767
7509111,7509111,8029767
7510680,7510680,8029767
7511437,7511437,8029767
7512553,7512553,8029767
7512760,7512760,8029767
7513753,7513753,8029767
7513857,7513857,8029767
7515491,7515491,8029767
7515808,7515808,8029767
7516264,7516264,8029767
7517031,7517031,8029767
7517302,7517302,8029767
7517931,7517931,8029767
7519156,7519156,8029767
7519625,7519625,8029767
7519729,7519729,8029767
7519966,7519966,8029767
7520987,7520987,8029767
7521041,7521041,8029767
7521151,7521151,8029767
7521704,7521704,8029767
7522660,7522660,8029767
7523811,7523811,8029767
7525255,7525255,8029767
7525327,7525327,8029767
7525962,7525962,8029767
7526405,7526405,8029767
7527683,7527683,8029767
7527968,7527968,8029767
7528305,7528305,8029767
7529204,7529204,8029767
7529391,7529391,8029767
7529762,7529762,8029767
7530137,7530137,8029767
7530667,7530667,8029767
7530849,7530849,8029767
7531455,7531455,8029767
7531578,7531578,8029767
7531625,7531625,8029767
7532058,7532058,8029767
7532289,7532289,8029767
7532798,7532798,8029767
7532799,7532799,8029767
7532919,7532919,8029767
7533029,7533029,8029767
7533474,7533474,8029767
7534033,7534033,8029767
7534316,7534316,8029767
7536596,7536596,8029767
7537416,7537416,8029767
7537534,7537534,8029767
7537819,7537819,8029767
7537881,7537881,8029767
7538136,7538136,8029767
7538238,7538238,8029767
7538582,7538582,8029767
7539489,7539489,8029767
7540644,7540644,8029767
7540927,7540927,8029767
7541059,7541059,8029767
7541188,7541188,8029767
7542345,7542345,8029767
7542544,7542544,8029767
7542987,7542987,8029767
7543371,7543371,8029767
7543432,7543432,8029767
7543484,7543484,8029767
7543869,7543869,8029767
7544122,7544122,8029767
7544460,7544460,8029767
7545792,7545792,8029767
7546657,7546657,8029767
7550338,7550338,8029767
7550442,7550442,8029767
7550908,7550908,8029767
7551949,7551949,8029767
7552299,7552299,8029767
7552524,7552524,8029767
7553192,7553192,8029767
7553622,7553622,8029767
7553816,7553816,8029767
7553906,7553906,8029767
7554183,7554183,8029767
7554905,7554905,8029767
7556195,7556195,8029767
7557277,7557277,8029767
7557820,7557820,8029767
7558473,7558473,8029767
7559488,7559488,8029767
7559501,7559501,8029767
7560184,7560184,8029767
7561186,7561186,8029767
7561346,7561346,8029767
7561621,7561621,8029767
7562958,7562958,8029767
7563689,7563689,8029767
7563930,7563930,8029767
7564919,7564919,8029767
7564955,7564955,8029767
7565365,7565365,8029767
7565399,7565399,8029767
7566002,7566002,8029767
7566122,7566122,8029767
7566156,7566156,8029767
7566674,7566674,8029767
7567154,7567154,8029767
7567301,7567301,8029767
7567726,7567726,8029767
7568117,7568117,8029767
7568467,7568467,8029767
7569337,7569337,8029767
7570143,7570143,8029767
7571102,7571102,8029767
7571175,7571175,8029767
7571648,7571648,8029767
7571855,7571855,8029767
7572333,7572333,8029767
7572450,7572450,8029767
7572580,7572580,8029767
7574994,7574994,8029767
7576127,7576127,8029767
7576350,7576350,8029767
7576407,7576407,8029767
7577146,7577146,8029767
7577160,7577160,8029767
7577416,7577416,8029767
7577941,7577941,8029767
7578029,7578029,8029767
7578035,7578035,8029767
7578753,7578753,8029767
7578789,7578789,8029767
7578839,7578839,8029767
7578902,7578902,8029767
7579250,7579250,8029767
7579387,7579387,8029767
7579783,7579783,8029767
7580362,7580362,8029767
7580512,7580512,8029767
7580815,7580815,8029767
7581034,7581034,8029767
7581162,7581162,8029767
7582005,7582005,8029767
7582603,7582603,8029767
7583227,7583227,8029767
7583558,7583558,8029767
7584010,7584010,8029767
7584035,7584035,8029767
7584287,7584287,8029767
7584817,7584817,8029767
7586201,7586201,8029767
7586475,7586475,8029767
7586776,7586776,8029767
7587266,7587266,8029767
7588620,7588620,8029767
7589043,7589043,8029767
7589125,7589125,8029767
7589680,7589680,8029767
7590543,7590543,8029767
7591446,7591446,8029767
7591525,7591525,8029767
7591574,7591574,8029767
7591621,7591621,8029767
7592588,7592588,8029767
7592764,7592764,8029767
7593656,7593656,8029767
7593761,7593761,8029767
7594237,7594237,8029767
7594630,7594630,8029767
7594938,7594938,8029767
7595807,7595807,8029767
7595940,7595940,8029767
7596550,7596550,8029767
7596875,7596875,8029767
7597424,7597424,8029767
7597901,7597901,8029767
7598204,7598204,8029767
7598209,7598209,8029767
7598382,7598382,8029767
7598761,7598761,8029767
7599415,7599415,8029767
7599671,7599671,8029767
7600624,7600624,8029767
7600737,7600737,8029767
7601273,7601273,8029767
7601941,7601941,8029767
7602443,7602443,8029767
7602641,7602641,8029767
7602847,7602847,8029767
7602867,7602867,8029767
7603210,7603210,8029767
7603489,7603489,8029767
7603777,7603777,8029767
7604490,7604490,8029767
7606398,7606398,8029767
7606490,7606490,8029767
7607139,7607139,8029767
7607287,7607287,8029767
7608197,7608197,8029767
7608546,7608546,8029767
7609398,7609398,8029767
7610135,7610135,8029767
7610532,7610532,8029767
7610598,7610598,8029767
7610912,7610912,8029767
7613641,7613641,8029767
7614241,7614241,8029767
7615040,7615040,8029767
7615331,7615331,8029767
7616217,7616217,8029767
7616295,7616295,8029767
7616809,7616809,8029767
7618640,7618640,8029767
7619215,7619215,8029767
7619217,7619217,8029767
7619233,7619233,8029767
7619409,7619409,8029767
7619936,7619936,8029767
7620831,7620831,8029767
7621397,7621397,8029767
7621441,7621441,8029767
7622311,7622311,8029767
7622730,7622730,8029767
7622785,7622785,8029767
7622925,7622925,8029767
7623087,7623087,8029767
7627427,7627427,8029767
7627591,7627591,8029767
7627722,7627722,8029767
7627879,7627879,8029767
7627929,7627929,8029767
7628104,7628104,8029767
7628157,7628157,8029767
7629338,7629338,8029767
7629682,7629682,8029767
7630051,7630051,8029767
7630244,7630244,8029767
7630741,7630741,8029767
7630903,7630903,8029767
7630997,7630997,8029767
7631106,7631106,8029767
7631558,7631558,8029767
7631885,7631885,8029767
7632535,7632535,8029767
7632573,7632573,8029767
7634678,7634678,8029767
7634687,7634687,8029767
7635012,7635012,8029767
7635909,7635909,8029767
7636049,7636049,8029767
7637370,7637370,8029767
7639136,7639136,8029767
7640245,7640245,8029767
7640256,7640256,8029767
7640700,7640700,8029767
7641252,7641252,8029767
7642166,7642166,8029767
7644120,7644120,8029767
7644219,7644219,8029767
7644503,7644503,8029767
7644566,7644566,8029767
7645977,7645977,8029767
7646406,7646406,8029767
7646524,7646524,8029767
7647135,7647135,8029767
7648589,7648589,8029767
7648829,7648829,8029767
7648941,7648941,8029767
7649300,7649300,8029767
7649489,7649489,8029767
7649872,7649872,8029767
7650355,7650355,8029767
7650553,7650553,8029767
7651568,7651568,8029767
7652787,7652787,8029767
7653470,7653470,8029767
7653478,7653478,8029767
7654402,7654402,8029767
7654799,7654799,8029767
7655045,7655045,8029767
7655643,7655643,8029767
7656454,7656454,8029767
7656468,7656468,8029767
7656889,7656889,8029767
7658842,7658842,8029767
7659004,7659004,8029767
7659637,7659637,8029767
7660150,7660150,8029767
7660748,7660748,8029767
7661147,7661147,8029767
7661742,7661742,8029767
7661913,7661913,8029767
7665763,7665763,8029767
7666101,7666101,8029767
7666559,7666559,8029767
7666804,7666804,8029767
7666896,7666896,8029767
7666973,7666973,8029767
7667203,7667203,8029767
7667617,7667617,8029767
7668069,7668069,8029767
7668402,7668402,8029767
7668416,7668416,8029767
7668909,7668909,8029767
7670389,7670389,8029767
7670513,7670513,8029767
7671110,7671110,8029767
7671223,7671223,8029767
7671439,7671439,8029767
7671476,7671476,8029767
7673015,7673015,8029767
7675190,7675190,8029767
7675887,7675887,8029767
7676003,7676003,8029767
7676510,7676510,8029767
7676907,7676907,8029767
7678311,7678311,8029767
7679996,7679996,8029767
7680345,7680345,8029767
7681409,7681409,8029767
7681581,7681581,8029767
7682657,7682657,8029767
7682758,7682758,8029767
7683102,7683102,8029767
7683184,7683184,8029767
7683468,7683468,8029767
7683758,7683758,8029767
7684127,7684127,8029767
7684308,7684308,8029767
7684491,7684491,8029767
7685392,7685392,8029767
7685415,7685415,8029767
7685536,7685536,8029767
7685705,7685705,8029767
7686371,7686371,8029767
7686478,7686478,8029767
7686708,7686708,8029767
7687214,7687214,8029767
7687759,7687759,8029767
7687778,7687778,8029767
7687813,7687813,8029767
7687866,7687866,8029767
7687904,7687904,8029767
7688625,7688625,8029767
7688835,7688835,8029767
7689404,7689404,8029767
7690548,7690548,8029767
7690706,7690706,8029767
7690835,7690835,8029767
7690927,7690927,8029767
7691110,7691110,8029767
7691165,7691165,8029767
7691209,7691209,8029767
7692159,7692159,8029767
7692285,7692285,8029767
7692346,7692346,8029767
7693051,7693051,8029767
7693139,7693139,8029767
7693309,7693309,8029767
7693803,7693803,8029767
7693932,7693932,8029767
7694042,7694042,8029767
7694326,7694326,8029767
7695060,7695060,8029767
7695126,7695126,8029767
7696832,7696832,8029767
7698035,7698035,8029767
7698295,7698295,8029767
7698909,7698909,8029767
7698947,7698947,8029767
7698976,7698976,8029767
7699693,7699693,8029767
7699789,7699789,8029767
7700015,7700015,8029767
7700618,7700618,8029767
7700648,7700648,8029767
7700901,7700901,8029767
7701023,7701023,8029767
7702920,7702920,8029767
7703494,7703494,8029767
7703876,7703876,8029767
7705124,7705124,8029767
7705330,7705330,8029767
7705835,7705835,8029767
7706077,7706077,8029767
7706441,7706441,8029767
7707060,7707060,8029767
7707353,7707353,8029767
7707471,7707471,8029767
7708155,7708155,8029767
7708282,7708282,8029767
7708535,7708535,8029767
7708737,7708737,8029767
7709468,7709468,8029767
7709566,7709566,8029767
7709701,7709701,8029767
7709785,7709785,8029767
7709815,7709815,8029767
7711327,7711327,8029767
7711451,7711451,8029767
7713223,7713223,8029767
7713317,7713317,8029767
7713777,7713777,8029767
7713810,7713810,8029767
7714443,7714443,8029767
7714583,7714583,8029767
7714978,7714978,8029767
7715117,7715117,8029767
7715879,7715879,8029767
7716116,7716116,8029767
7717223,7717223,8029767
7717682,7717682,8029767
7718382,7718382,8029767
7718805,7718805,8029767
7718983,7718983,8029767
7719260,7719260,8029767
7720622,7720622,8029767
7720648,7720648,8029767
7720836,7720836,8029767
7720868,7720868,8029767
7721352,7721352,8029767
7723045,7723045,8029767
7723074,7723074,8029767
7723686,7723686,8029767
7724042,7724042,8029767
7724109,7724109,8029767
7724798,7724798,8029767
7725361,7725361,8029767
7725464,7725464,8029767
7726241,7726241,8029767
7727078,7727078,8029767
7727106,7727106,8029767
7728150,7728150,8029767
7728434,7728434,8029767
7728585,7728585,8029767
7729515,7729515,8029767
7729779,7729779,8029767
7729803,7729803,8029767
7730827,7730827,8029767
7730841,7730841,8029767
7730915,7730915,8029767
7731326,7731326,8029767
7731567,7731567,8029767
7731822,7731822,8029767
7732113,7732113,8029767
7732728,7732728,8029767
7733725,7733725,8029767
7733961,7733961,8029767
7733985,7733985,8029767
7734075,7734075,8029767
7734548,7734548,8029767
7735476,7735476,8029767
7735749,7735749,8029767
7736067,7736067,8029767
7736874,7736874,8029767
7737966,7737966,8029767
7738458,7738458,8029767
7738606,7738606,8029767
7740864,7740864,8029767
7742198,7742198,8029767
7742224,7742224,8029767
7742231,7742231,8029767
7742534,7742534,8029767
7742916,7742916,8029767
7742935,7742935,8029767
7743031,7743031,8029767
7744669,7744669,8029767
7744706,7744706,8029767
7744862,7744862,8029767
7745422,7745422,8029767
7745838,7745838,8029767
7745996,7745996,8029767
7746805,7746805,8029767
7747553,7747553,8029767
7747585,7747585,8029767
7747862,7747862,8029767
7748295,7748295,8029767
7749274,7749274,8029767
7749561,7749561,8029767
7749698,7749698,8029767
7750484,7750484,8029767
7750662,7750662,8029767
7751239,7751239,8029767
7752562,7752562,8029767
7752846,7752846,8029767
7753128,7753128,8029767
7754199,7754199,8029767
7755724,7755724,8029767
7756553,7756553,8029767
7757900,7757900,8029767
7757939,7757939,8029767
7758240,7758240,8029767
7758335,7758335,8029767
7761045,7761045,8029767
7761709,7761709,8029767
7762493,7762493,8029767
7762717,7762717,8029767
7762925,7762925,8029767
7763465,7763465,8029767
7763834,7763834,8029767
7763886,7763886,8029767
7764262,7764262,8029767
7765135,7765135,8029767
7765154,7765154,8029767
7765857,7765857,8029767
7768338,7768338,8029767
7768409,7768409,8029767
7768451,7768451,8029767
7768774,7768774,8029767
7769184,7769184,8029767
7769711,7769711,8029767
7769771,7769771,8029767
7770469,7770469,8029767
7770985,7770985,8029767
7771074,7771074,8029767
7771217,7771217,8029767
7771777,7771777,8029767
7773316,7773316,8029767
7773394,7773394,8029767
7773591,7773591,8029767
7774202,7774202,8029767
7774673,7774673,8029767
7775346,7775346,8029767
7775879,7775879,8029767
7776094,7776094,8029767
7776268,7776268,8029767
7776469,7776469,8029767
7776656,7776656,8029767
7777235,7777235,8029767
7777948,7777948,8029767
7778670,7778670,8029767
7778826,7778826,8029767
7780382,7780382,8029767
7780703,7780703,8029767
7780810,7780810,8029767
7781578,7781578,8029767
7783279,7783279,8029767
7783746,7783746,8029767
7784047,7784047,8029767
7784446,7784446,8029767
7785626,7785626,8029767
7785661,7785661,8029767
7785752,7785752,8029767
7786003,7786003,8029767
7786170,7786170,8029767
7786458,7786458,8029767
7786470,7786470,8029767
7786522,7786522,8029767
7787231,7787231,8029767
7787833,7787833,8029767
7788196,7788196,8029767
7789171,7789171,8029767
7789602,7789602,8029767
7789635,7789635,8029767
7789647,7789647,8029767
7790525,7790525,8029767
7790641,7790641,8029767
7790700,7790700,8029767
7792152,7792152,8029767
7792997,7792997,8029767
7793228,7793228,8029767
7793745,7793745,8029767
7793852,7793852,8029767
7794396,7794396,8029767
7794502,7794502,8029767
7795556,7795556,8029767
7795636,7795636,8029767
7795702,7795702,8029767
7795928,7795928,8029767
7796049,7796049,8029767
7797045,7797045,8029767
7797286,7797286,8029767
7797372,7797372,8029767
7797773,7797773,8029767
7797995,7797995,8029767
7799135,7799135,8029767
7799305,7799305,8029767
7799648,7799648,8029767
7800044,7800044,8029767
7801136,7801136,8029767
7801500,7801500,8029767
7802559,7802559,8029767
7803109,7803109,8029767
7803356,7803356,8029767
7803498,7803498,8029767
7803831,7803831,8029767
7803897,7803897,8029767
7803983,7803983,8029767
7804809,7804809,8029767
7805173,7805173,8029767
7806207,7806207,8029767
7806400,7806400,8029767
7806778,7806778,8029767
7807054,7807054,8029767
7807845,7807845,8029767
7807970,7807970,8029767
7808074,7808074,8029767
7808229,7808229,8029767
7808230,7808230,8029767
7808431,7808431,8029767
7808632,7808632,8029767
7808668,7808668,8029767
7809278,7809278,8029767
7809861,7809861,8029767
7810426,7810426,8029767
7810630,7810630,8029767
7811039,7811039,8029767
7811253,7811253,8029767
7813288,7813288,8029767
7813869,7813869,8029767
7813912,7813912,8029767
7814133,7814133,8029767
7814258,7814258,8029767
7814386,7814386,8029767
7815549,7815549,8029767
7815705,7815705,8029767
7815791,7815791,8029767
7815977,7815977,8029767
7816134,7816134,8029767
7816175,7816175,8029767
7816298,7816298,8029767
7817403,7817403,8029767
7818049,7818049,8029767
7818501,7818501,8029767
7819859,7819859,8029767
7820196,7820196,8029767
7820356,7820356,8029767
7820580,7820580,8029767
7820913,7820913,8029767
7821607,7821607,8029767
7821913,7821913,8029767
7822403,7822403,8029767
7823675,7823675,8029767
7824421,7824421,8029767
7825014,7825014,8029767
7825426,7825426,8029767
7825526,7825526,8029767
7825551,7825551,8029767
7825827,7825827,8029767
7826141,7826141,8029767
7826464,7826464,8029767
7826607,7826607,8029767
7826903,7826903,8029767
7828521,7828521,8029767
7828780,7828780,8029767
7828815,7828815,8029767
7828838,7828838,8029767
7829950,7829950,8029767
7830646,7830646,8029767
7831327,7831327,8029767
7831329,7831329,8029767
7831411,7831411,8029767
7831825,7831825,8029767
7832102,7832102,8029767
7832533,7832533,8029767
7833361,7833361,8029767
7833411,7833411,8029767
7833810,7833810,8029767
7833924,7833924,8029767
7835147,7835147,8029767
7836286,7836286,8029767
7836411,7836411,8029767
7836651,7836651,8029767
7837446,7837446,8029767
7837557,7837557,8029767
7839366,7839366,8029767
7839706,7839706,8029767
7840020,7840020,8029767
7840371,7840371,8029767
7840586,7840586,8029767
7841409,7841409,8029767
7841417,7841417,8029767
7841630,7841630,8029767
7841695,7841695,8029767
7842017,7842017,8029767
7842170,7842170,8029767
7842978,7842978,8029767
7843541,7843541,8029767
7843767,7843767,8029767
7843929,7843929,8029767
7845381,7845381,8029767
7845422,7845422,8029767
7845937,7845937,8029767
7846782,7846782,8029767
7846805,7846805,8029767
7847063,7847063,8029767
7848564,7848564,8029767
7848722,7848722,8029767
7849258,7849258,8029767
7849467,7849467,8029767
7849494,7849494,8029767
7849943,7849943,8029767
7850265,7850265,8029767
7851184,7851184,8029767
7852762,7852762,8029767
7852959,7852959,8029767
7853508,7853508,8029767
7855343,7855343,8029767
7855405,7855405,8029767
7855915,7855915,8029767
7857152,7857152,8029767
7857294,7857294,8029767
7857491,7857491,8029767
7858650,7858650,8029767
7858874,7858874,8029767
7859645,7859645,8029767
7859686,7859686,8029767
7860107,7860107,8029767
7860196,7860196,8029767
7860244,7860244,8029767
7861257,7861257,8029767
7861313,7861313,8029767
7861349,7861349,8029767
7861658,7861658,8029767
7863384,7863384,8029767
7863473,7863473,8029767
7864107,7864107,8029767
7864262,7864262,8029767
7865168,7865168,8029767
7865480,7865480,8029767
7866344,7866344,8029767
7867009,7867009,8029767
7868105,7868105,8029767
7868759,7868759,8029767
7869681,7869681,8029767
7870057,7870057,8029767
7870137,7870137,8029767
7871463,7871463,8029767
7871551,7871551,8029767
7871641,7871641,8029767
7871956,7871956,8029767
7872027,7872027,8029767
7872225,7872225,8029767
7873703,7873703,8029767
7873859,7873859,8029767
7874637,7874637,8029767
7875685,7875685,8029767
7875971,7875971,8029767
7876363,7876363,8029767
7876425,7876425,8029767
7876575,7876575,8029767
7876681,7876681,8029767
7877100,7877100,8029767
7877495,7877495,8029767
7877533,7877533,8029767
7878544,7878544,8029767
7878562,7878562,8029767
7879669,7879669,8029767
7880430,7880430,8029767
7880477,7880477,8029767
7880727,7880727,8029767
7880746,7880746,8029767
7880825,7880825,8029767
7881694,7881694,8029767
7881935,7881935,8029767
7882122,7882122,8029767
7882298,7882298,8029767
7883188,7883188,8029767
7883418,7883418,8029767
7884523,7884523,8029767
7884963,7884963,8029767
7885454,7885454,8029767
7885522,7885522,8029767
7885751,7885751,8029767
7886123,7886123,8029767
7886549,7886549,8029767
7887217,7887217,8029767
7887227,7887227,8029767
7888344,7888344,8029767
7888660,7888660,8029767
7888793,7888793,8029767
7888837,7888837,8029767
7890740,7890740,8029767
7891839,7891839,8029767
7892067,7892067,8029767
7892124,7892124,8029767
7892149,7892149,8029767
7892329,7892329,8029767
7892613,7892613,8029767
7892855,7892855,8029767
7893477,7893477,8029767
7893587,7893587,8029767
7893956,7893956,8029767
7894294,7894294,8029767
7894601,7894601,8029767
7894627,7894627,8029767
7896545,7896545,8029767
7896561,7896561,8029767
7897148,7897148,8029767
7897520,7897520,8029767
7897847,7897847,8029767
7898411,7898411,8029767
7898575,7898575,8029767
7899023,7899023,8029767
7899218,7899218,8029767
7899287,7899287,8029767
7899653,7899653,8029767
7899974,7899974,8029767
7901877,7901877,8029767
7902006,7902006,8029767
7902175,7902175,8029767
7904778,7904778,8029767
7904876,7904876,8029767
7905324,7905324,8029767
7905350,7905350,8029767
7906579,7906579,8029767
7907265,7907265,8029767
7907525,7907525,8029767
7907814,7907814,8029767
7907927,7907927,8029767
7907994,7907994,8029767
7908435,7908435,8029767
7908569,7908569,8029767
7908784,7908784,8029767
7908857,7908857,8029767
7909983,7909983,8029767
7910765,7910765,8029767
7911248,7911248,8029767
7911684,7911684,8029767
7911713,7911713,8029767
7912456,7912456,8029767
7912792,7912792,8029767
7912994,7912994,8029767
7913174,7913174,8029767
7913827,7913827,8029767
7915789,7915789,8029767
7916393,7916393,8029767
7916566,7916566,8029767
7917739,7917739,8029767
7917867,7917867,8029767
7919399,7919399,8029767
7919725,7919725,8029767
7919821,7919821,8029767
7919864,7919864,8029767
7920627,7920627,8029767
7921239,7921239,8029767
7921282,7921282,8029767
7921287,7921287,8029767
7922457,7922457,8029767
7922981,7922981,8029767
7924231,7924231,8029767
7924348,7924348,8029767
7924845,7924845,8029767
7925293,7925293,8029767
7925357,7925357,8029767
7926076,7926076,8029767
7926122,7926122,8029767
7926496,7926496,8029767
7926653,7926653,8029767
7928249,7928249,8029767
7931199,7931199,8029767
7931226,7931226,8029767
7931675,7931675,8029767
7932452,7932452,8029767
7932671,7932671,8029767
7933651,7933651,8029767
7933773,7933773,8029767
7934405,7934405,8029767
7934482,7934482,8029767
7934650,7934650,8029767
7934859,7934859,8029767
7935170,7935170,8029767
7935220,7935220,8029767
7936035,7936035,8029767
7936078,7936078,8029767
7936116,7936116,8029767
7936484,7936484,8029767
7936565,7936565,8029767
7937417,7937417,8029767
7937474,7937474,8029767
7938321,7938321,8029767
7938328,7938328,8029767
7938428,7938428,8029767
7939038,7939038,8029767
7939254,7939254,8029767
7939470,7939470,8029767
7940049,7940049,8029767
7940284,7940284,8029767
7940307,7940307,8029767
7940454,7940454,8029767
7941013,7941013,8029767
7941082,7941082,8029767
7941352,7941352,8029767
7942221,7942221,8029767
7942604,7942604,8029767
7943132,7943132,8029767
7943192,7943192,8029767
7943358,7943358,8029767
7943772,7943772,8029767
7944363,7944363,8029767
7945556,7945556,8029767
7945832,7945832,8029767
7945959,7945959,8029767
7945989,7945989,8029767
7946155,7946155,8029767
7946502,7946502,8029767
7947161,7947161,8029767
7947671,7947671,8029767
7947915,7947915,8029767
7947917,7947917,8029767
7948269,7948269,8029767
7950193,7950193,8029767
7952092,7952092,8029767
7952182,7952182,8029767
7952743,7952743,8029767
7952817,7952817,8029767
7953465,7953465,8029767
7954042,7954042,8029767
7954067,7954067,8029767
7954495,7954495,8029767
7954560,7954560,8029767
7956776,7956776,8029767
7957320,7957320,8029767
7957345,7957345,8029767
7958425,7958425,8029767
7958456,7958456,8029767
7961143,7961143,8029767
7962841,7962841,8029767
7963634,7963634,8029767
7963973,7963973,8029767
7964378,7964378,8029767
7964432,7964432,8029767
7964697,7964697,8029767
7964856,7964856,8029767
7965821,7965821,8029767
7966036,7966036,8029767
7967633,7967633,8029767
7967815,7967815,8029767
7968558,7968558,8029767
7968590,7968590,8029767
7969343,7969343,8029767
7969415,7969415,8029767
7970103,7970103,8029767
7970512,7970512,8029767
7971246,7971246,8029767
7971334,7971334,8029767
7971974,7971974,8029767
7972049,7972049,8029767
7972136,7972136,8029767
7973886,7973886,8029767
7974658,7974658,8029767
7975028,7975028,8029767
7975064,7975064,8029767
7975732,7975732,8029767
7975841,7975841,8029767
7976188,7976188,8029767
7976243,7976243,8029767
7976304,7976304,8029767
7976886,7976886,8029767
7977008,7977008,8029767
7977884,7977884,8029767
7978962,7978962,8029767
7979048,7979048,8029767
7979131,7979131,8029767
7979520,7979520,8029767
7980120,7980120,8029767
7980420,7980420,8029767
7980598,7980598,8029767
7981467,7981467,8029767
7981548,7981548,8029767
7981605,7981605,8029767
7981943,7981943,8029767
7983083,7983083,8029767
7983087,7983087,8029767
7983340,7983340,8029767
7983584,7983584,8029767
7983626,7983626,8029767
7984955,7984955,8029767
7985478,7985478,8029767
7986493,7986493,8029767
7987006,7987006,8029767
7987177,7987177,8029767
7987426,7987426,8029767
7987454,7987454,8029767
7987756,7987756,8029767
7988269,7988269,8029767
7988973,7988973,8029767
7989742,7989742,8029767
7989799,7989799,8029767
7991405,7991405,8029767
7991547,7991547,8029767
7992011,7992011,8029767
7992016,7992016,8029767
7992548,7992548,8029767
7992698,7992698,8029767
7994086,7994086,8029767
7994243,7994243,8029767
7995058,7995058,8029767
7995978,7995978,8029767
7996193,7996193,8029767
7997345,7997345,8029767
7999774,7999774,8029767
7999838,7999838,8029767
7999916,7999916,8029767
7999945,7999945,8029767
8002549,8002549,8029767
8003405,8003405,8029767
8003458,8003458,8029767
8003635,8003635,8029767
8004260,8004260,8029767
8004504,8004504,8029767
8006109,8006109,8029767
8006408,8006408,8029767
8006482,8006482,8029767
8007046,8007046,8029767
8007125,8007125,8029767
8007346,8007346,8029767
8007402,8007402,8029767
8007582,8007582,8029767
8007630,8007630,8029767
8007645,8007645,8029767
8008194,8008194,8029767
8010270,8010270,8029767
8010370,8010370,8029767
8010683,8010683,8029767
8011396,8011396,8029767
8011729,8011729,8029767
8012602,8012602,8029767
8012642,8012642,8029767
8013557,8013557,8029767
8013600,8013600,8029767
8014407,8014407,8029767
8014679,8014679,8029767
8014756,8014756,8029767
8014790,8014790,8029767
8014800,8014800,8029767
8014876,8014876,8029767
8014978,8014978,8029767
8014995,8014995,8029767
8016648,8016648,8029767
8018211,8018211,8029767
8018379,8018379,8029767
8019029,8019029,8029767
8020370,8020370,8029767
8020785,8020785,8029767
8020791,8020791,8029767
8020946,8020946,8029767
8021197,8021197,8029767
8022760,8022760,8029767
8023298,8023298,8029767
8024451,8024451,8029767
8024713,8024713,8029767
8025257,8025257,8029767
8025777,8025777,8029767
8026351,8026351,8029767
8028218,8028218,8029767
8028307,8028307,8029767
8028663,8028663,8029767
8028876,8028876,8029767
8029289,8029289,8029767
8029381,8029381,8029767
8029730,8029730,8029767
8029747,8029747,8029767
8030536,8030536,10004562
8031252,8031252,10004562
8031341,8031341,10004562
8031392,8031392,10004562
8031933,8031933,10004562
8032169,8032169,10004562
8032252,8032252,10004562
8033145,8033145,10004562
8033724,8033724,10004562
8033974,8033974,10004562
8034150,8034150,10004562
8034555,8034555,10004562
8034981,8034981,10004562
8035379,8035379,10004562
8036037,8036037,10004562
8036529,8036529,10004562
8036676,8036676,10004562
8036843,8036843,10004562
8036863,8036863,10004562
8037202,8037202,10004562
8037515,8037515,10004562
8037577,8037577,10004562
8037729,8037729,10004562
8038238,8038238,10004562
8039413,8039413,10004562
8040449,8040449,10004562
8040819,8040819,10004562
8041651,8041651,10004562
8041902,8041902,10004562
8042036,8042036,10004562
8042387,8042387,10004562
8043363,8043363,10004562
8044778,8044778,10004562
8044859,8044859,10004562
8045143,8045143,10004562
8046410,8046410,10004562
8047050,8047050,10004562
8047471,8047471,10004562
8048402,8048402,10004562
8048872,8048872,10004562
8049042,8049042,10004562
8049546,8049546,10004562
8050525,8050525,10004562
8051300,8051300,10004562
8053239,8053239,10004562
8053681,8053681,10004562
8055024,8055024,10004562
8055419,8055419,10004562
8056078,8056078,10004562
8056481,8056481,10004562
8056733,8056733,10004562
8057018,8057018,10004562
8058393,8058393,10004562
8059683,8059683,10004562
8060164,8060164,10004562
8060821,8060821,10004562
8060948,8060948,10004562
8061166,8061166,10004562
8061242,8061242,10004562
8061404,8061404,10004562
8061490,8061490,10004562
8061599,8061599,10004562
8062675,8062675,10004562
8063743,8063743,10004562
8065389,8065389,10004562
8067107,8067107,10004562
8067708,8067708,10004562
8069197,8069197,10004562
8070114,8070114,10004562
8070504,8070504,10004562
8070519,8070519,10004562
8070981,8070981,10004562
8072230,8072230,10004562
8072358,8072358,10004562
8072491,8072491,10004562
8072703,8072703,10004562
8073253,8073253,10004562
8073837,8073837,10004562
8074875,8074875,10004562
8076107,8076107,10004562
8076465,8076465,10004562
8076599,8076599,10004562
8078102,8078102,10004562
8078267,8078267,10004562
8079058,8079058,10004562
8079158,8079158,10004562
8079521,8079521,10004562
8080884,8080884,10004562
8081416,8081416,10004562
8081465,8081465,10004562
8081711,8081711,10004562
8081798,8081798,10004562
8082309,8082309,10004562
8082604,8082604,10004562
8083415,8083415,10004562
8083677,8083677,10004562
8083680,8083680,10004562
8083942,8083942,10004562
8084292,8084292,10004562
8084752,8084752,10004562
8085073,8085073,10004562
8085277,8085277,10004562
8085483,8085483,10004562
8085875,8085875,10004562
8085939,8085939,10004562
8086078,8086078,10004562
8086353,8086353,10004562
8086591,8086591,10004562
8086771,8086771,10004562
8086785,8086785,10004562
8086878,8086878,10004562
8086952,8086952,10004562
8086973,8086973,10004562
8087029,8087029,10004562
8087147,8087147,10004562
8087463,8087463,10004562
8087784,8087784,10004562
8088359,8088359,10004562
8089279,8089279,10004562
8089570,8089570,10004562
8090698,8090698,10004562
8090727,8090727,10004562
8091208,8091208,10004562
8091354,8091354,10004562
8091653,8091653,10004562
8091839,8091839,10004562
8092333,8092333,10004562
8092990,8092990,10004562
8093489,8093489,10004562
8095020,8095020,10004562
8095513,8095513,10004562
8096015,8096015,10004562
8096136,8096136,10004562
8096969,8096969,10004562
8097537,8097537,10004562
8099128,8099128,10004562
8099858,8099858,10004562
8100086,8100086,10004562
8100236,8100236,10004562
8101103,8101103,10004562
8101117,8101117,10004562
8101913,8101913,10004562
8102308,8102308,10004562
8103025,8103025,10004562
8103604,8103604,10004562
8104440,8104440,10004562
8104780,8104780,10004562
8105466,8105466,10004562
8105628,8105628,10004562
8106048,8106048,10004562
8106399,8106399,10004562
8106443,8106443,10004562
8106586,8106586,10004562
8108196,8108196,10004562
8109018,8109018,10004562
8109660,8109660,10004562
8110001,8110001,10004562
8110142,8110142,10004562
8110251,8110251,10004562
8110807,8110807,10004562
8112228,8112228,10004562
8112461,8112461,10004562
8112478,8112478,10004562
8112544,8112544,10004562
8112690,8112690,10004562
8112699,8112699,10004562
8113415,8113415,10004562
8113984,8113984,10004562
8114289,8114289,10004562
8114314,8114314,10004562
8114339,8114339,10004562
8114910,8114910,10004562
8115466,8115466,10004562
8115758,8115758,10004562
8116027,8116027,10004562
8116208,8116208,10004562
8116328,8116328,10004562
8116499,8116499,10004562
8117057,8117057,10004562
8117494,8117494,10004562
8117836,8117836,10004562
8118071,8118071,10004562
8119940,8119940,10004562
8120410,8120410,10004562
8120725,8120725,10004562
8120743,8120743,10004562
8121652,8121652,10004562
8121740,8121740,10004562
8123272,8123272,10004562
8123419,8123419,10004562
8124538,8124538,10004562
8125146,8125146,10004562
8125261,8125261,10004562
8125444,8125444,10004562
8126130,8126130,10004562
8126152,8126152,10004562
8126605,8126605,10004562
8126846,8126846,10004562
8127195,8127195,10004562
8128328,8128328,10004562
8128589,8128589,10004562
8128647,8128647,10004562
8129488,8129488,10004562
8129998,8129998,10004562
8131019,8131019,10004562
8131123,8131123,10004562
8131237,8131237,10004562
8131392,8131392,10004562
8131908,8131908,10004562
8132353,8132353,10004562
8133395,8133395,10004562
8134864,8134864,10004562
8135089,8135089,10004562
8135550,8135550,10004562
8135783,8135783,10004562
8135846,8135846,10004562
8135965,8135965,10004562
8136197,8136197,10004562
8137437,8137437,10004562
8137877,8137877,10004562
8137889,8137889,10004562
8137966,8137966,10004562
8138015,8138015,10004562
8138176,8138176,10004562
8138245,8138245,10004562
8138322,8138322,10004562
8138431,8138431,10004562
8138705,8138705,10004562
8138708,8138708,10004562
8139172,8139172,10004562
8139403,8139403,10004562
8139535,8139535,10004562
8139606,8139606,10004562
8139914,8139914,10004562
8140536,8140536,10004562
8140597,8140597,10004562
8141029,8141029,10004562
8141674,8141674,10004562
8142637,8142637,10004562
8143138,8143138,10004562
8143427,8143427,10004562
8143694,8143694,10004562
8143915,8143915,10004562
8144722,8144722,10004562
8144809,8144809,10004562
8144857,8144857,10004562
8144893,8144893,10004562
8145054,8145054,10004562
8145852,8145852,10004562
8146743,8146743,10004562
8146785,8146785,10004562
8147459,8147459,10004562
8147462,8147462,10004562
8148056,8148056,10004562
8148688,8148688,10004562
8148812,8148812,10004562
8148874,8148874,10004562
8149055,8149055,10004562
8149257,8149257,10004562
8149318,8149318,10004562
8149922,8149922,10004562
8150044,8150044,10004562
8150726,8150726,10004562
8151301,8151301,10004562
8151307,8151307,10004562
8151585,8151585,10004562
8151927,8151927,10004562
8152539,8152539,10004562
8152835,8152835,10004562
8153318,8153318,10004562
8153397,8153397,10004562
8153545,8153545,10004562
8153648,8153648,10004562
8154811,8154811,10004562
8155265,8155265,10004562
8155280,8155280,10004562
8155482,8155482,10004562
8156280,8156280,10004562
8156444,8156444,10004562
8156676,8156676,10004562
8159538,8159538,10004562
8159685,8159685,10004562
8159730,8159730,10004562
8159877,8159877,10004562
8159990,8159990,10004562
8160050,8160050,10004562
8160750,8160750,10004562
8160902,8160902,10004562
8161488,8161488,10004562
8161683,8161683,10004562
8161953,8161953,10004562
8162124,8162124,10004562
8162437,8162437,10004562
8162993,8162993,10004562
8166011,8166011,10004562
8166708,8166708,10004562
8167360,8167360,10004562
8168032,8168032,10004562
8168667,8168667,10004562
8169202,8169202,10004562
8169287,8169287,10004562
8170688,8170688,10004562
8172253,8172253,10004562
8173658,8173658,10004562
8174421,8174421,10004562
8174579,8174579,10004562
8174707,8174707,10004562
8174925,8174925,10004562
8175052,8175052,10004562
8175145,8175145,10004562
8175676,8175676,10004562
8176078,8176078,10004562
8177667,8177667,10004562
8177742,8177742,10004562
8177743,8177743,10004562
8177783,8177783,10004562
8178191,8178191,10004562
8178315,8178315,10004562
8178807,8178807,10004562
8179491,8179491,10004562
8180140,8180140,10004562
8181051,8181051,10004562
8182323,8182323,10004562
8182389,8182389,10004562
8182532,8182532,10004562
8182840,8182840,10004562
8182951,8182951,10004562
8183657,8183657,10004562
8184098,8184098,10004562
8184503,8184503,10004562
8184648,8184648,10004562
8185287,8185287,10004562
8185833,8185833,10004562
8186468,8186468,10004562
8186797,8186797,10004562
8187488,8187488,10004562
8187678,8187678,10004562
8187685,8187685,10004562
8188045,8188045,10004562
8188662,8188662,10004562
8188903,8188903,10004562
8189002,8189002,10004562
8189277,8189277,10004562
8191057,8191057,10004562
8191169,8191169,10004562
8191267,8191267,10004562
8191723,8191723,10004562
8191860,8191860,10004562
8191999,8191999,10004562
8192297,8192297,10004562
8192395,8192395,10004562
8193483,8193483,10004562
8193735,8193735,10004562
8194635,8194635,10004562
8195056,8195056,10004562
8195959,8195959,10004562
8196148,8196148,10004562
8196579,8196579,10004562
8197392,8197392,10004562
8198127,8198127,10004562
8198174,8198174,10004562
8198278,8198278,10004562
8198316,8198316,10004562
8199173,8199173,10004562
8199207,8199207,10004562
8199389,8199389,10004562
8199806,8199806,10004562
8199880,8199880,10004562
8200769,8200769,10004562
8200834,8200834,10004562
8201096,8201096,10004562
8201578,8201578,10004562
8201592,8201592,10004562
8202243,8202243,10004562
8202255,8202255,10004562
8202478,8202478,10004562
8202675,8202675,10004562
8202721,8202721,10004562
8202820,8202820,10004562
8203021,8203021,10004562
8204129,8204129,10004562
8204658,8204658,10004562
8205507,8205507,10004562
8207901,8207901,10004562
8209617,8209617,10004562
8211641,8211641,10004562
8211679,8211679,10004562
8211841,8211841,10004562
8212707,8212707,10004562
8213496,8213496,10004562
8213574,8213574,10004562
8214968,8214968,10004562
8215085,8215085,10004562
8215824,8215824,10004562
8215923,8215923,10004562
8216100,8216100,10004562
8216157,8216157,10004562
8216308,8216308,10004562
8217072,8217072,10004562
8217864,8217864,10004562
8218876,8218876,10004562
8218901,8218901,10004562
8219045,8219045,10004562
8219067,8219067,10004562
8219092,8219092,10004562
8221447,8221447,10004562
8222115,8222115,10004562
8222431,8222431,10004562
8222808,8222808,10004562
8224998,8224998,10004562
8226268,8226268,10004562
8226297,8226297,10004562
8226450,8226450,10004562
8226490,8226490,10004562
8226676,8226676,10004562
8226975,8226975,10004562
8227414,8227414,10004562
8228554,8228554,10004562
8229063,8229063,10004562
8229272,8229272,10004562
8230822,8230822,10004562
8230843,8230843,10004562
8231728,8231728,10004562
8232669,8232669,10004562
8233747,8233747,10004562
8233862,8233862,10004562
8234748,8234748,10004562
8235182,8235182,10004562
8235415,8235415,10004562
8235908,8235908,10004562
8236557,8236557,10004562
8236706,8236706,10004562
8237256,8237256,10004562
8237955,8237955,10004562
8238357,8238357,10004562
8238465,8238465,10004562
8239087,8239087,10004562
8239275,8239275,10004562
8239775,8239775,10004562
8239958,8239958,10004562
8241577,8241577,10004562
8242707,8242707,10004562
8242800,8242800,10004562
8245711,8245711,10004562
8246074,8246074,10004562
8246095,8246095,10004562
8246299,8246299,10004562
8246551,8246551,10004562
8246633,8246633,10004562
8248219,8248219,10004562
8248635,8248635,10004562
8249195,8249195,10004562
8250662,8250662,10004562
8250711,8250711,10004562
8251079,8251079,10004562
8251212,8251212,10004562
8251589,8251589,10004562
8252599,8252599,10004562
8252847,8252847,10004562
8252990,8252990,10004562
8253978,8253978,10004562
8254753,8254753,10004562
8257324,8257324,10004562
8257350,8257350,10004562
8257546,8257546,10004562
8259406,8259406,10004562
8259640,8259640,10004562
8260313,8260313,10004562
8260776,8260776,10004562
8263909,8263909,10004562
8264047,8264047,10004562
8265602,8265602,10004562
8266861,8266861,10004562
8267366,8267366,10004562
8267393,8267393,10004562
8267465,8267465,10004562
8267882,8267882,10004562
8267884,8267884,10004562
8268400,8268400,10004562
8269177,8269177,10004562
8272721,8272721,10004562
8273169,8273169,10004562
8273260,8273260,10004562
8273378,8273378,10004562
8274021,8274021,10004562
8274680,8274680,10004562
8274803,8274803,10004562
8275444,8275444,10004562
8275739,8275739,10004562
8276086,8276086,10004562
8276365,8276365,10004562
8276424,8276424,10004562
8276997,8276997,10004562
8277585,8277585,10004562
8277807,8277807,10004562
8277873,8277873,10004562
8278023,8278023,10004562
8278427,8278427,10004562
8278882,8278882,10004562
8281640,8281640,10004562
8282188,8282188,10004562
8283428,8283428,10004562
8284727,8284727,10004562
8284863,8284863,10004562
8285285,8285285,10004562
8286043,8286043,10004562
8286260,8286260,10004562
8286885,8286885,10004562
8286946,8286946,10004562
8287571,8287571,10004562
8288084,8288084,10004562
8288105,8288105,10004562
8288381,8288381,10004562
8288402,8288402,10004562
8288460,8288460,10004562
8289351,8289351,10004562
8289755,8289755,10004562
8289865,8289865,10004562
8289967,8289967,10004562
8290118,8290118,10004562
8290122,8290122,10004562
8290182,8290182,10004562
8290790,8290790,10004562
8291314,8291314,10004562
8291439,8291439,10004562
8291583,8291583,10004562
8292139,8292139,10004562
8292928,8292928,10004562
8293838,8293838,10004562
8294278,8294278,10004562
8294290,8294290,10004562
8294578,8294578,10004562
8295145,8295145,10004562
8295479,8295479,10004562
8296356,8296356,10004562
8296946,8296946,10004562
8297127,8297127,10004562
8298218,8298218,10004562
8298852,8298852,10004562
8298907,8298907,10004562
8300056,8300056,10004562
8300170,8300170,10004562
8300419,8300419,10004562
8300461,8300461,10004562
8301005,8301005,10004562
8301444,8301444,10004562
8302975,8302975,10004562
8303851,8303851,10004562
8304025,8304025,10004562
8304043,8304043,10004562
8304386,8304386,10004562
8305559,8305559,10004562
8307653,8307653,10004562
8307778,8307778,10004562
8307973,8307973,10004562
8308177,8308177,10004562
8309135,8309135,10004562
8309549,8309549,10004562
8312092,8312092,10004562
8312213,8312213,10004562
8312213,8312213,10004562
8312323,8312323,10004562
8312889,8312889,10004562
8313459,8313459,10004562
8313900,8313900,10004562
8314071,8314071,10004562
8314164,8314164,10004562
8314597,8314597,10004562
8316488,8316488,10004562
8316962,8316962,10004562
8317967,8317967,10004562
8318248,8318248,10004562
8318332,8318332,10004562
8318874,8318874,10004562
8319794,8319794,10004562
8321694,8321694,10004562
8321775,8321775,10004562
8321953,8321953,10004562
8322829,8322829,10004562
8324434,8324434,10004562
8324464,8324464,10004562
8324495,8324495,10004562
8325505,8325505,10004562
8325637,8325637,10004562
8326204,8326204,10004562
8326600,8326600,10004562
8327192,8327192,10004562
8328054,8328054,10004562
8328844,8328844,10004562
8329662,8329662,10004562
8329876,8329876,10004562
8330771,8330771,10004562
8330943,8330943,10004562
8331183,8331183,10004562
8331536,8331536,10004562
8331739,8331739,10004562
8332196,8332196,10004562
8333155,8333155,10004562
8333606,8333606,10004562
8333639,8333639,10004562
8333889,8333889,10004562
8334382,8334382,10004562
8334847,8334847,10004562
8335617,8335617,10004562
8335813,8335813,10004562
8335963,8335963,10004562
8336047,8336047,10004562
8336413,8336413,10004562
8336940,8336940,10004562
8337225,8337225,10004562
8337305,8337305,10004562
8337813,8337813,10004562
8338075,8338075,10004562
8338737,8338737,10004562
8339378,8339378,10004562
8339579,8339579,10004562
8340979,8340979,10004562
8341681,8341681,10004562
8341718,8341718,10004562
8342007,8342007,10004562
8342304,8342304,10004562
8342337,8342337,10004562
8342549,8342549,10004562
8343242,8343242,10004562
8344597,8344597,10004562
8344755,8344755,10004562
8344818,8344818,10004562
8346076,8346076,10004562
8346470,8346470,10004562
8346855,8346855,10004562
8346862,8346862,10004562
8347137,8347137,10004562
8347178,8347178,10004562
8347547,8347547,10004562
8347696,8347696,10004562
8348073,8348073,10004562
8348085,8348085,10004562
8349445,8349445,10004562
8349648,8349648,10004562
8349906,8349906,10004562
8350045,8350045,10004562
8350502,8350502,10004562
8350955,8350955,10004562
8351239,8351239,10004562
8351365,8351365,10004562
8351964,8351964,10004562
8351999,8351999,10004562
8352064,8352064,10004562
8352205,8352205,10004562
8352441,8352441,10004562
8352673,8352673,10004562
8352721,8352721,10004562
8352730,8352730,10004562
8353164,8353164,10004562
8353297,8353297,10004562
8354075,8354075,10004562
8354248,8354248,10004562
8355251,8355251,10004562
8355319,8355319,10004562
8355325,8355325,10004562
8355685,8355685,10004562
8355720,8355720,10004562
8356112,8356112,10004562
8356558,8356558,10004562
8358620,8358620,10004562
8358630,8358630,10004562
8358718,8358718,10004562
8358830,8358830,10004562
8358992,8358992,10004562
8359737,8359737,10004562
8360089,8360089,10004562
8360843,8360843,10004562
8361137,8361137,10004562
8361303,8361303,10004562
8362184,8362184,10004562
8362509,8362509,10004562
8362813,8362813,10004562
8363309,8363309,10004562
8363506,8363506,10004562
8364421,8364421,10004562
8365485,8365485,10004562
8365522,8365522,10004562
8365601,8365601,10004562
8365630,8365630,10004562
8366704,8366704,10004562
8367419,8367419,10004562
8367488,8367488,10004562
8367859,8367859,10004562
8368274,8368274,10004562
8368387,8368387,10004562
8369213,8369213,10004562
8369280,8369280,10004562
8369989,8369989,10004562
8371049,8371049,10004562
8372849,8372849,10004562
8372985,8372985,10004562
8373161,8373161,10004562
8373177,8373177,10004562
8375407,8375407,10004562
8376740,8376740,10004562
8376809,8376809,10004562
8377025,8377025,10004562
8378186,8378186,10004562
8379241,8379241,10004562
8379467,8379467,10004562
8379658,8379658,10004562
8380198,8380198,10004562
8380819,8380819,10004562
8382386,8382386,10004562
8383558,8383558,10004562
8384415,8384415,10004562
8386247,8386247,10004562
8386278,8386278,10004562
8387184,8387184,10004562
8387523,8387523,10004562
8387599,8387599,10004562
8388083,8388083,10004562
8388944,8388944,10004562
8389360,8389360,10004562
8389374,8389374,10004562
8390016,8390016,10004562
8391847,8391847,10004562
8391920,8391920,10004562
8392123,8392123,10004562
8392398,8392398,10004562
8393456,8393456,10004562
8394064,8394064,10004562
8394584,8394584,10004562
8394721,8394721,10004562
8394885,8394885,10004562
8395218,8395218,10004562
8395297,8395297,10004562
8395691,8395691,10004562
8396803,8396803,10004562
8397076,8397076,10004562
8397360,8397360,10004562
8398084,8398084,10004562
8398197,8398197,10004562
8398389,8398389,10004562
8398490,8398490,10004562
8398781,8398781,10004562
8400562,8400562,10004562
8400762,8400762,10004562
8402570,8402570,10004562
8402578,8402578,10004562
8402944,8402944,10004562
8403226,8403226,10004562
8405656,8405656,10004562
8405664,8405664,10004562
8406576,8406576,10004562
8407078,8407078,10004562
8407228,8407228,10004562
8407512,8407512,10004562
8408522,8408522,10004562
8408698,8408698,10004562
8408777,8408777,10004562
8408788,8408788,10004562
8408920,8408920,10004562
8409199,8409199,10004562
8410701,8410701,10004562
8411560,8411560,10004562
8412819,8412819,10004562
8412826,8412826,10004562
8413152,8413152,10004562
8413665,8413665,10004562
8413861,8413861,10004562
8414531,8414531,10004562
8414535,8414535,10004562
8415025,8415025,10004562
8415284,8415284,10004562
8415884,8415884,10004562
8416132,8416132,10004562
8417051,8417051,10004562
8417446,8417446,10004562
8417959,8417959,10004562
8418239,8418239,10004562
8419706,8419706,10004562
8420402,8420402,10004562
8420598,8420598,10004562
8420703,8420703,10004562
8420708,8420708,10004562
8421862,8421862,10004562
8421876,8421876,10004562
8421958,8421958,10004562
8422041,8422041,10004562
8422379,8422379,10004562
8423159,8423159,10004562
8423334,8423334,10004562
8423395,8423395,10004562
8423778,8423778,10004562
8424053,8424053,10004562
8424149,8424149,10004562
8424549,8424549,10004562
8424623,8424623,10004562
8424631,8424631,10004562
8424803,8424803,10004562
8425821,8425821,10004562
8426411,8426411,10004562
8426728,8426728,10004562
8426907,8426907,10004562
8428027,8428027,10004562
8428361,8428361,10004562
8429149,8429149,10004562
8429571,8429571,10004562
8429990,8429990,10004562
8431284,8431284,10004562
8433155,8433155,10004562
8433406,8433406,10004562
8434043,8434043,10004562
8434107,8434107,10004562
8434211,8434211,10004562
8436201,8436201,10004562
8438925,8438925,10004562
8439230,8439230,10004562
8439320,8439320,10004562
8439784,8439784,10004562
8439953,8439953,10004562
8440384,8440384,10004562
8441759,8441759,10004562
8441771,8441771,10004562
8442992,8442992,10004562
8443491,8443491,10004562
8443517,8443517,10004562
8444669,8444669,10004562
8445126,8445126,10004562
8447296,8447296,10004562
8447693,8447693,10004562
8447923,8447923,10004562
8448773,8448773,10004562
8450664,8450664,10004562
8450736,8450736,10004562
8451576,8451576,10004562
8451874,8451874,10004562
8452337,8452337,10004562
8453141,8453141,10004562
8453546,8453546,10004562
8453990,8453990,10004562
8453999,8453999,10004562
8454512,8454512,10004562
8454664,8454664,10004562
8454989,8454989,10004562
8455145,8455145,10004562
8455159,8455159,10004562
8455676,8455676,10004562
8456789,8456789,10004562
8457137,8457137,10004562
8457404,8457404,10004562
8457689,8457689,10004562
8458052,8458052,10004562
8458510,8458510,10004562
8459105,8459105,10004562
8459509,8459509,10004562
8460242,8460242,10004562
8460485,8460485,10004562
8460590,8460590,10004562
8460692,8460692,10004562
8461299,8461299,10004562
8461894,8461894,10004562
8463324,8463324,10004562
8463976,8463976,10004562
8464311,8464311,10004562
8466215,8466215,10004562
8466705,8466705,10004562
8466981,8466981,10004562
8466983,8466983,10004562
8468220,8468220,10004562
8468446,8468446,10004562
8468804,8468804,10004562
8470421,8470421,10004562
8470720,8470720,10004562
8470735,8470735,10004562
8470908,8470908,10004562
8471259,8471259,10004562
8471834,8471834,10004562
8471846,8471846,10004562
8472381,8472381,10004562
8473156,8473156,10004562
8473575,8473575,10004562
8474908,8474908,10004562
8475089,8475089,10004562
8475405,8475405,10004562
8476269,8476269,10004562
8476563,8476563,10004562
8476802,8476802,10004562
8477075,8477075,10004562
8477995,8477995,10004562
8478274,8478274,10004562
8478641,8478641,10004562
8478977,8478977,10004562
8479441,8479441,10004562
8480042,8480042,10004562
8480668,8480668,10004562
8480975,8480975,10004562
8481086,8481086,10004562
8481210,8481210,10004562
8481350,8481350,10004562
8482204,8482204,10004562
8483899,8483899,10004562
8484630,8484630,10004562
8484680,8484680,10004562
8484895,8484895,10004562
8485337,8485337,10004562
8485469,8485469,10004562
8485591,8485591,10004562
8485691,8485691,10004562
8485931,8485931,10004562
8486866,8486866,10004562
8486955,8486955,10004562
8488574,8488574,10004562
8489269,8489269,10004562
8489444,8489444,10004562
8489560,8489560,10004562
8490063,8490063,10004562
8490179,8490179,10004562
8491127,8491127,10004562
8491477,8491477,10004562
8493407,8493407,10004562
8493520,8493520,10004562
8493567,8493567,10004562
8494165,8494165,10004562
8494221,8494221,10004562
8494350,8494350,10004562
8494411,8494411,10004562
8494706,8494706,10004562
8494961,8494961,10004562
8495071,8495071,10004562
8495542,8495542,10004562
8495668,8495668,10004562
8495728,8495728,10004562
8495745,8495745,10004562
8496867,8496867,10004562
8497298,8497298,10004562
8497437,8497437,10004562
8498157,8498157,10004562
8498354,8498354,10004562
8498400,8498400,10004562
8498451,8498451,10004562
8498987,8498987,10004562
8499032,8499032,10004562
8500375,8500375,10004562
8500755,8500755,10004562
8501454,8501454,10004562
8502452,8502452,10004562
8502747,8502747,10004562
8503537,8503537,10004562
8504447,8504447,10004562
8504492,8504492,10004562
8504993,8504993,10004562
8505035,8505035,10004562
8505944,8505944,10004562
8505972,8505972,10004562
8506661,8506661,10004562
8507067,8507067,10004562
8507373,8507373,10004562
8507758,8507758,10004562
8507820,8507820,10004562
8507822,8507822,10004562
8507843,8507843,10004562
8508554,8508554,10004562
8509874,8509874,10004562
8511519,8511519,10004562
8512265,8512265,10004562
8512541,8512541,10004562
8513016,8513016,10004562
8514582,8514582,10004562
8515230,8515230,10004562
8515380,8515380,10004562
8515692,8515692,10004562
8516497,8516497,10004562
8516667,8516667,10004562
8516762,8516762,10004562
8517020,8517020,10004562
8517451,8517451,10004562
8517825,8517825,10004562
8518043,8518043,10004562
8518208,8518208,10004562
8518670,8518670,10004562
8519131,8519131,10004562
8519577,8519577,10004562
8519618,8519618,10004562
8519737,8519737,10004562
8520225,8520225,10004562
8520267,8520267,10004562
8520621,8520621,10004562
8520704,8520704,10004562
8521337,8521337,10004562
8521648,8521648,10004562
8521649,8521649,10004562
8523096,8523096,10004562
8523230,8523230,10004562
8525514,8525514,10004562
8526079,8526079,10004562
8526228,8526228,10004562
8527440,8527440,10004562
8528784,8528784,10004562
8529836,8529836,10004562
8530108,8530108,10004562
8531257,8531257,10004562
8531564,8531564,10004562
8531710,8531710,10004562
8532428,8532428,10004562
8532691,8532691,10004562
8534043,8534043,10004562
8535417,8535417,10004562
8535686,8535686,10004562
8535842,8535842,10004562
8536245,8536245,10004562
8536904,8536904,10004562
8537328,8537328,10004562
8537497,8537497,10004562
8537591,8537591,10004562
8537717,8537717,10004562
8538693,8538693,10004562
8539262,8539262,10004562
8539790,8539790,10004562
8540180,8540180,10004562
8543621,8543621,10004562
8544075,8544075,10004562
8544340,8544340,10004562
8544947,8544947,10004562
8544968,8544968,10004562
8545135,8545135,10004562
8545445,8545445,10004562
8545453,8545453,10004562
8545812,8545812,10004562
8546544,8546544,10004562
8547187,8547187,10004562
8547575,8547575,10004562
8547739,8547739,10004562
8548200,8548200,10004562
8548232,8548232,10004562
8548584,8548584,10004562
8548734,8548734,10004562
8549737,8549737,10004562
8549758,8549758,10004562
8550729,8550729,10004562
8550828,8550828,10004562
8551040,8551040,10004562
8551920,8551920,10004562
8551999,8551999,10004562
8552424,8552424,10004562
8552797,8552797,10004562
8553868,8553868,10004562
8553892,8553892,10004562
8554319,8554319,10004562
8555101,8555101,10004562
8555189,8555189,10004562
8555215,8555215,10004562
8555441,8555441,10004562
8555650,8555650,10004562
8555779,8555779,10004562
8555917,8555917,10004562
8556811,8556811,10004562
8556975,8556975,10004562
8557392,8557392,10004562
8559385,8559385,10004562
8559388,8559388,10004562
8559432,8559432,10004562
8559878,8559878,10004562
8560316,8560316,10004562
8560716,8560716,10004562
8561103,8561103,10004562
8561395,8561395,10004562
8562223,8562223,10004562
8562401,8562401,10004562
8562945,8562945,10004562
8563165,8563165,10004562
8563682,8563682,10004562
8564571,8564571,10004562
8564795,8564795,10004562
8566723,8566723,10004562
8566882,8566882,10004562
8566950,8566950,10004562
8567182,8567182,10004562
8567272,8567272,10004562
8567446,8567446,10004562
8568336,8568336,10004562
8568352,8568352,10004562
8568594,8568594,10004562
8569016,8569016,10004562
8569074,8569074,10004562
8570146,8570146,10004562
8570422,8570422,10004562
8570524,8570524,10004562
8570696,8570696,10004562
8571748,8571748,10004562
8571872,8571872,10004562
8572208,8572208,10004562
8573083,8573083,10004562
8573295,8573295,10004562
8573632,8573632,10004562
8574611,8574611,10004562
8574760,8574760,10004562
8576412,8576412,10004562
8576496,8576496,10004562
8576505,8576505,10004562
8576698,8576698,10004562
8578005,8578005,10004562
8578035,8578035,10004562
8578374,8578374,10004562
8578448,8578448,10004562
8578877,8578877,10004562
8579404,8579404,10004562
8580421,8580421,10004562
8580827,8580827,10004562
8580901,8580901,10004562
8582278,8582278,10004562
8582319,8582319,10004562
8582330,8582330,10004562
8582704,8582704,10004562
8583321,8583321,10004562
8584500,8584500,10004562
8585160,8585160,10004562
8586305,8586305,10004562
8587124,8587124,10004562
8587573,8587573,10004562
8588499,8588499,10004562
8588585,8588585,10004562
8588657,8588657,10004562
8588783,8588783,10004562
8589095,8589095,10004562
8589365,8589365,10004562
8590178,8590178,10004562
8590654,8590654,10004562
8591005,8591005,10004562
8592763,8592763,10004562
8592923,8592923,10004562
8593060,8593060,10004562
8595059,8595059,10004562
8595395,8595395,10004562
8595798,8595798,10004562
8595889,8595889,10004562
8596169,8596169,10004562
8597475,8597475,10004562
8597567,8597567,10004562
8598685,8598685,10004562
8599444,8599444,10004562
8600101,8600101,10004562
8600678,8600678,10004562
8600768,8600768,10004562
8602364,8602364,10004562
8604235,8604235,10004562
8604420,8604420,10004562
8605232,8605232,10004562
8605346,8605346,10004562
8605563,8605563,10004562
8605887,8605887,10004562
8606492,8606492,10004562
8606564,8606564,10004562
8607320,8607320,10004562
8607700,8607700,10004562
8608433,8608433,10004562
8608916,8608916,10004562
8609017,8609017,10004562
8609354,8609354,10004562
8609627,8609627,10004562
8609736,8609736,10004562
8610561,8610561,10004562
8611902,8611902,10004562
8612215,8612215,10004562
8613112,8613112,10004562
8613350,8613350,10004562
8614443,8614443,10004562
8614984,8614984,10004562
8615245,8615245,10004562
8615381,8615381,10004562
8615728,8615728,10004562
8616160,8616160,10004562
8616340,8616340,10004562
8616629,8616629,10004562
8616696,8616696,10004562
8617104,8617104,10004562
8617626,8617626,10004562
8617882,8617882,10004562
8618171,8618171,10004562
8618417,8618417,10004562
8618469,8618469,10004562
8619697,8619697,10004562
8619705,8619705,10004562
8619808,8619808,10004562
8620146,8620146,10004562
8620597,8620597,10004562
8621039,8621039,10004562
8621201,8621201,10004562
8621337,8621337,10004562
8621663,8621663,10004562
8622213,8622213,10004562
8622322,8622322,10004562
8622562,8622562,10004562
8622803,8622803,10004562
8622823,8622823,10004562
8623308,8623308,10004562
8623377,8623377,10004562
8623613,8623613,10004562
8623784,8623784,10004562
8623952,8623952,10004562
8624374,8624374,10004562
8624518,8624518,10004562
8625828,8625828,10004562
8627237,8627237,10004562
8628510,8628510,10004562
8628608,8628608,10004562
8628835,8628835,10004562
8628837,8628837,10004562
8628850,8628850,10004562
8629813,8629813,10004562
8629898,8629898,10004562
8629928,8629928,10004562
8630555,8630555,10004562
8630616,8630616,10004562
8631235,8631235,10004562
8632624,8632624,10004562
8634058,8634058,10004562
8634190,8634190,10004562
8634393,8634393,10004562
8634483,8634483,10004562
8634835,8634835,10004562
8635581,8635581,10004562
8636028,8636028,10004562
8636128,8636128,10004562
8636579,8636579,10004562
8637252,8637252,10004562
8637599,8637599,10004562
8637989,8637989,10004562
8638008,8638008,10004562
8639100,8639100,10004562
8639302,8639302,10004562
8639692,8639692,10004562
8640510,8640510,10004562
8640910,8640910,10004562
8641621,8641621,10004562
8642131,8642131,10004562
8642143,8642143,10004562
8642145,8642145,10004562
8642332,8642332,10004562
8642897,8642897,10004562
8643413,8643413,10004562
8643565,8643565,10004562
8643672,8643672,10004562
8644528,8644528,10004562
8644902,8644902,10004562
8646356,8646356,10004562
8647268,8647268,10004562
8647275,8647275,10004562
8647571,8647571,10004562
8647924,8647924,10004562
8647969,8647969,10004562
8649005,8649005,10004562
8650658,8650658,10004562
8651324,8651324,10004562
8652453,8652453,10004562
8652498,8652498,10004562
8652734,8652734,10004562
8653603,8653603,10004562
8653857,8653857,10004562
8654094,8654094,10004562
8654700,8654700,10004562
8654901,8654901,10004562
8655780,8655780,10004562
8656306,8656306,10004562
8656487,8656487,10004562
8657317,8657317,10004562
8658371,8658371,10004562
8658796,8658796,10004562
8659159,8659159,10004562
8659223,8659223,10004562
8659681,8659681,10004562
8660279,8660279,10004562
8661999,8661999,10004562
8662107,8662107,10004562
8662129,8662129,10004562
8662627,8662627,10004562
8662889,8662889,10004562
8662912,8662912,10004562
8664655,8664655,10004562
8666613,8666613,10004562
8666639,8666639,10004562
8666783,8666783,10004562
8666803,8666803,10004562
8667547,8667547,10004562
8667750,8667750,10004562
8667973,8667973,10004562
8668519,8668519,10004562
8668952,8668952,10004562
8669193,8669193,10004562
8670017,8670017,10004562
8670034,8670034,10004562
8670222,8670222,10004562
8670556,8670556,10004562
8671658,8671658,10004562
8671709,8671709,10004562
8672002,8672002,10004562
8672062,8672062,10004562
8672306,8672306,10004562
8672370,8672370,10004562
8673064,8673064,10004562
8673341,8673341,10004562
8673901,8673901,10004562
8675521,8675521,10004562
8675824,8675824,10004562
8677809,8677809,10004562
8679872,8679872,10004562
8680073,8680073,10004562
8680082,8680082,10004562
8680204,8680204,10004562
8680975,8680975,10004562
8681617,8681617,10004562
8681832,8681832,10004562
8681964,8681964,10004562
8683107,8683107,10004562
8683555,8683555,10004562
8683827,8683827,10004562
8684034,8684034,10004562
8684499,8684499,10004562
8685599,8685599,10004562
8685978,8685978,10004562
8686174,8686174,10004562
8686248,8686248,10004562
8686584,8686584,10004562
8686645,8686645,10004562
8687270,8687270,10004562
8687307,8687307,10004562
8689463,8689463,10004562
8690277,8690277,10004562
8691541,8691541,10004562
8691690,8691690,10004562
8692059,8692059,10004562
8692115,8692115,10004562
8692339,8692339,10004562
8692456,8692456,10004562
8692512,8692512,10004562
8692752,8692752,10004562
8694198,8694198,10004562
8696362,8696362,10004562
8696530,8696530,10004562
8697403,8697403,10004562
8697799,8697799,10004562
8698481,8698481,10004562
8699666,8699666,10004562
8700019,8700019,10004562
8700201,8700201,10004562
8700808,8700808,10004562
8700968,8700968,10004562
8702055,8702055,10004562
8702144,8702144,10004562
8702499,8702499,10004562
8702997,8702997,10004562
8703327,8703327,10004562
8703369,8703369,10004562
8704672,8704672,10004562
8705241,8705241,10004562
8705356,8705356,10004562
8706207,8706207,10004562
8706477,8706477,10004562
8706701,8706701,10004562
8708222,8708222,10004562
8708652,8708652,10004562
8709103,8709103,10004562
8710110,8710110,10004562
8710308,8710308,10004562
8710478,8710478,10004562
8710611,8710611,10004562
8711247,8711247,10004562
8711963,8711963,10004562
8712238,8712238,10004562
8712321,8712321,10004562
8712359,8712359,10004562
8712389,8712389,10004562
8712542,8712542,10004562
8712641,8712641,10004562
8713652,8713652,10004562
8713918,8713918,10004562
8715151,8715151,10004562
8715232,8715232,10004562
8715756,8715756,10004562
8716011,8716011,10004562
8716847,8716847,10004562
8718166,8718166,10004562
8719173,8719173,10004562
8719363,8719363,10004562
8719900,8719900,10004562
8720395,8720395,10004562
8721634,8721634,10004562
8722071,8722071,10004562
8722235,8722235,10004562
8722556,8722556,10004562
8722823,8722823,10004562
8723291,8723291,10004562
8723716,8723716,10004562
8724301,8724301,10004562
8724550,8724550,10004562
8724558,8724558,10004562
8725188,8725188,10004562
8725677,8725677,10004562
8726329,8726329,10004562
8726469,8726469,10004562
8726669,8726669,10004562
8727733,8727733,10004562
8728359,8728359,10004562
8728360,8728360,10004562
8728880,8728880,10004562
8729869,8729869,10004562
8731812,8731812,10004562
8732009,8732009,10004562
8732105,8732105,10004562
8733451,8733451,10004562
8733654,8733654,10004562
8733874,8733874,10004562
8734562,8734562,10004562
8735355,8735355,10004562
8735421,8735421,10004562
8735749,8735749,10004562
8735960,8735960,10004562
8737927,8737927,10004562
8738213,8738213,10004562
8738389,8738389,10004562
8738539,8738539,10004562
8738788,8738788,10004562
8738848,8738848,10004562
8739259,8739259,10004562
8739507,8739507,10004562
8740600,8740600,10004562
8741066,8741066,10004562
8741077,8741077,10004562
8741266,8741266,10004562
8741657,8741657,10004562
8743915,8743915,10004562
8744098,8744098,10004562
8745157,8745157,10004562
8745426,8745426,10004562
8746290,8746290,10004562
8746606,8746606,10004562
8746950,8746950,10004562
8747120,8747120,10004562
8747251,8747251,10004562
8748253,8748253,10004562
8748284,8748284,10004562
8750180,8750180,10004562
8750334,8750334,10004562
8750549,8750549,10004562
8750758,8750758,10004562
8750873,8750873,10004562
8751298,8751298,10004562
8752087,8752087,10004562
8753229,8753229,10004562
8753523,8753523,10004562
8753559,8753559,10004562
8755284,8755284,10004562
8755353,8755353,10004562
8755478,8755478,10004562
8755717,8755717,10004562
8756096,8756096,10004562
8756123,8756123,10004562
8756149,8756149,10004562
8756538,8756538,10004562
8757785,8757785,10004562
8758023,8758023,10004562
8758699,8758699,10004562
8759534,8759534,10004562
8759607,8759607,10004562
8759623,8759623,10004562
8760079,8760079,10004562
8760115,8760115,10004562
8760380,8760380,10004562
8760721,8760721,10004562
8760732,8760732,10004562
8760838,8760838,10004562
8760968,8760968,10004562
8762462,8762462,10004562
8762555,8762555,10004562
8762945,8762945,10004562
8763411,8763411,10004562
8763517,8763517,10004562
8763579,8763579,10004562
8763930,8763930,10004562
8764356,8764356,10004562
8765160,8765160,10004562
8765772,8765772,10004562
8766325,8766325,10004562
8767266,8767266,10004562
8768758,8768758,10004562
8769504,8769504,10004562
8769584,8769584,10004562
8769653,8769653,10004562
8769723,8769723,10004562
8769784,8769784,10004562
8770100,8770100,10004562
8770328,8770328,10004562
8771668,8771668,10004562
8771693,8771693,10004562
8772957,8772957,10004562
8773760,8773760,10004562
8773854,8773854,10004562
8774300,8774300,10004562
8775162,8775162,10004562
8775529,8775529,10004562
8776171,8776171,10004562
8777073,8777073,10004562
8777826,8777826,10004562
8777862,8777862,10004562
8778227,8778227,10004562
8778391,8778391,10004562
8778658,8778658,10004562
8779148,8779148,10004562
8779879,8779879,10004562
8780130,8780130,10004562
8780848,8780848,10004562
8780976,8780976,10004562
8782177,8782177,10004562
8782178,8782178,10004562
8782366,8782366,10004562
8782396,8782396,10004562
8782843,8782843,10004562
8783440,8783440,10004562
8783485,8783485,10004562
8783831,8783831,10004562
8784023,8784023,10004562
8784688,8784688,10004562
8785074,8785074,10004562
8785479,8785479,10004562
8785797,8785797,10004562
8786071,8786071,10004562
8786100,8786100,10004562
8786185,8786185,10004562
8786299,8786299,10004562
8786869,8786869,10004562
8787938,8787938,10004562
8788878,8788878,10004562
8789271,8789271,10004562
8789320,8789320,10004562
8789773,8789773,10004562
8790354,8790354,10004562
8791072,8791072,10004562
8792033,8792033,10004562
8792052,8792052,10004562
8792200,8792200,10004562
8792250,8792250,10004562
8792685,8792685,10004562
8793278,8793278,10004562
8793566,8793566,10004562
8793644,8793644,10004562
8794080,8794080,10004562
8794121,8794121,10004562
8794355,8794355,10004562
8795123,8795123,10004562
8795227,8795227,10004562
8796702,8796702,10004562
8796773,8796773,10004562
8796791,8796791,10004562
8797147,8797147,10004562
8797323,8797323,10004562
8798051,8798051,10004562
8798307,8798307,10004562
8798825,8798825,10004562
8798910,8798910,10004562
8799528,8799528,10004562
8799541,8799541,10004562
8800373,8800373,10004562
8801441,8801441,10004562
8802234,8802234,10004562
8802434,8802434,10004562
8802510,8802510,10004562
8802879,8802879,10004562
8803820,8803820,10004562
8804104,8804104,10004562
8804130,8804130,10004562
8804413,8804413,10004562
8805326,8805326,10004562
8805734,8805734,10004562
8805849,8805849,10004562
8805926,8805926,10004562
8806789,8806789,10004562
8807490,8807490,10004562
8807714,8807714,10004562
8808762,8808762,10004562
8809558,8809558,10004562
8811846,8811846,10004562
8812765,8812765,10004562
8813406,8813406,10004562
8813660,8813660,10004562
8813892,8813892,10004562
8813895,8813895,10004562
8814812,8814812,10004562
8815526,8815526,10004562
8815581,8815581,10004562
8815774,8815774,10004562
8816356,8816356,10004562
8817384,8817384,10004562
8817582,8817582,10004562
8817671,8817671,10004562
8817942,8817942,10004562
8818101,8818101,10004562
8818190,8818190,10004562
8818626,8818626,10004562
8818628,8818628,10004562
8818766,8818766,10004562
8819086,8819086,10004562
8819634,8819634,10004562
8819671,8819671,10004562
8820201,8820201,10004562
8820358,8820358,10004562
8820404,8820404,10004562
8820524,8820524,10004562
8820556,8820556,10004562
8821482,8821482,10004562
8822085,8822085,10004562
8822600,8822600,10004562
8822966,8822966,10004562
8823721,8823721,10004562
8824231,8824231,10004562
8824858,8824858,10004562
8825279,8825279,10004562
8825405,8825405,10004562
8825427,8825427,10004562
8825626,8825626,10004562
8825716,8825716,10004562
8827902,8827902,10004562
8828286,8828286,10004562
8828836,8828836,10004562
8829386,8829386,10004562
8829908,8829908,10004562
8829952,8829952,10004562
8829969,8829969,10004562
8830134,8830134,10004562
8830364,8830364,10004562
8830501,8830501,10004562
8830611,8830611,10004562
8830974,8830974,10004562
8831344,8831344,10004562
8832554,8832554,10004562
8832919,8832919,10004562
8833342,8833342,10004562
8833952,8833952,10004562
8834285,8834285,10004562
8835320,8835320,10004562
8835375,8835375,10004562
8835414,8835414,10004562
8835435,8835435,10004562
8835558,8835558,10004562
8838254,8838254,10004562
8839643,8839643,10004562
8839874,8839874,10004562
8840128,8840128,10004562
8840546,8840546,10004562
8841098,8841098,10004562
8841776,8841776,10004562
8842586,8842586,10004562
8842610,8842610,10004562
8843056,8843056,10004562
8843464,8843464,10004562
8843677,8843677,10004562
8843885,8843885,10004562
8844394,8844394,10004562
8845500,8845500,10004562
8845780,8845780,10004562
8845900,8845900,10004562
8846141,8846141,10004562
8847357,8847357,10004562
8847682,8847682,10004562
8848065,8848065,10004562
8848558,8848558,10004562
8848606,8848606,10004562
8849602,8849602,10004562
8850240,8850240,10004562
8850255,8850255,10004562
8850441,8850441,10004562
8850527,8850527,10004562
8850831,8850831,10004562
8853145,8853145,10004562
8853168,8853168,10004562
8854090,8854090,10004562
8854342,8854342,10004562
8855527,8855527,10004562
8856038,8856038,10004562
8856340,8856340,10004562
8856665,8856665,10004562
8856681,8856681,10004562
8857369,8857369,10004562
8858534,8858534,10004562
8858589,8858589,10004562
8858931,8858931,10004562
8859559,8859559,10004562
8860641,8860641,10004562
8860870,8860870,10004562
8861507,8861507,10004562
8861628,8861628,10004562
8861793,8861793,10004562
8861873,8861873,10004562
8861889,8861889,10004562
8862750,8862750,10004562
8865375,8865375,10004562
8865714,8865714,10004562
8866129,8866129,10004562
8866290,8866290,10004562
8866383,8866383,10004562
8866592,8866592,10004562
8868143,8868143,10004562
8868986,8868986,10004562
8869269,8869269,10004562
8869595,8869595,10004562
8872926,8872926,10004562
8873411,8873411,10004562
8873720,8873720,10004562
8874256,8874256,10004562
8874617,8874617,10004562
8874885,8874885,10004562
8875262,8875262,10004562
8875289,8875289,10004562
8875721,8875721,10004562
8876072,8876072,10004562
8877699,8877699,10004562
8877850,8877850,10004562
8878103,8878103,10004562
8882709,8882709,10004562
8882879,8882879,10004562
8882923,8882923,10004562
8882996,8882996,10004562
8884293,8884293,10004562
8884646,8884646,10004562
8885373,8885373,10004562
8886167,8886167,10004562
8886523,8886523,10004562
8886639,8886639,10004562
8886676,8886676,10004562
8886870,8886870,10004562
8887455,8887455,10004562
8888343,8888343,10004562
8889060,8889060,10004562
8889210,8889210,10004562
8890360,8890360,10004562
8891763,8891763,10004562
8892239,8892239,10004562
8892329,8892329,10004562
8892834,8892834,10004562
8893010,8893010,10004562
8894262,8894262,10004562
8896083,8896083,10004562
8897598,8897598,10004562
8899239,8899239,10004562
8899377,8899377,10004562
8899524,8899524,10004562
8899782,8899782,10004562
8899849,8899849,10004562
8900449,8900449,10004562
8901402,8901402,10004562
8902104,8902104,10004562
8902158,8902158,10004562
8903127,8903127,10004562
8904210,8904210,10004562
8905907,8905907,10004562
8908128,8908128,10004562
8908200,8908200,10004562
8908217,8908217,10004562
8908871,8908871,10004562
8909325,8909325,10004562
8910887,8910887,10004562
8911142,8911142,10004562
8911250,8911250,10004562
8911592,8911592,10004562
8912298,8912298,10004562
8912830,8912830,10004562
8912983,8912983,10004562
8914250,8914250,10004562
8914800,8914800,10004562
8915329,8915329,10004562
8915418,8915418,10004562
8916348,8916348,10004562
8916430,8916430,10004562
8916758,8916758,10004562
8917235,8917235,10004562
8917816,8917816,10004562
8918788,8918788,10004562
8918881,8918881,10004562
8919507,8919507,10004562
8919545,8919545,10004562
8920326,8920326,10004562
8920870,8920870,10004562
8921377,8921377,10004562
8921379,8921379,10004562
8921917,8921917,10004562
8921972,8921972,10004562
8922559,8922559,10004562
8922857,8922857,10004562
8923207,8923207,10004562
8924219,8924219,10004562
8926275,8926275,10004562
8926534,8926534,10004562
8926572,8926572,10004562
8927067,8927067,10004562
8927937,8927937,10004562
8928098,8928098,10004562
8928482,8928482,10004562
8928819,8928819,10004562
8929519,8929519,10004562
8930002,8930002,10004562
8930647,8930647,10004562
8931488,8931488,10004562
8933239,8933239,10004562
8933636,8933636,10004562
8934270,8934270,10004562
8934499,8934499,10004562
8935035,8935035,10004562
8935349,8935349,10004562
8935562,8935562,10004562
8935863,8935863,10004562
8936756,8936756,10004562
8936881,8936881,10004562
8938064,8938064,10004562
8939315,8939315,10004562
8939396,8939396,10004562
8939403,8939403,10004562
8939870,8939870,10004562
8940612,8940612,10004562
8940678,8940678,10004562
8941197,8941197,10004562
8941250,8941250,10004562
8942738,8942738,10004562
8943533,8943533,10004562
8943950,8943950,10004562
8944034,8944034,10004562
8944126,8944126,10004562
8944763,8944763,10004562
8945299,8945299,10004562
8947106,8947106,10004562
8947123,8947123,10004562
8947150,8947150,10004562
8947987,8947987,10004562
8948321,8948321,10004562
8948569,8948569,10004562
8948648,8948648,10004562
8949240,8949240,10004562
8951245,8951245,10004562
8951434,8951434,10004562
8952423,8952423,10004562
8953270,8953270,10004562
8953875,8953875,10004562
8954528,8954528,10004562
8955101,8955101,10004562
8955275,8955275,10004562
8955737,8955737,10004562
8955923,8955923,10004562
8955986,8955986,10004562
8956147,8956147,10004562
8956911,8956911,10004562
8957924,8957924,10004562
8958435,8958435,10004562
8958465,8958465,10004562
8959239,8959239,10004562
8959816,8959816,10004562
8961087,8961087,10004562
8961366,8961366,10004562
8961626,8961626,10004562
8961838,8961838,10004562
8962498,8962498,10004562
8962759,8962759,10004562
8962821,8962821,10004562
8963868,8963868,10004562
8964460,8964460,10004562
8964780,8964780,10004562
8964974,8964974,10004562
8965718,8965718,10004562
8966609,8966609,10004562
8966964,8966964,10004562
8967139,8967139,10004562
8967704,8967704,10004562
8967860,8967860,10004562
8968132,8968132,10004562
8968219,8968219,10004562
8968609,8968609,10004562
8969377,8969377,10004562
8969588,8969588,10004562
8970162,8970162,10004562
8970360,8970360,10004562
8970821,8970821,10004562
8971073,8971073,10004562
8971250,8971250,10004562
8971889,8971889,10004562
8972070,8972070,10004562
8972239,8972239,10004562
8972325,8972325,10004562
8973376,8973376,10004562
8973803,8973803,10004562
8974705,8974705,10004562
8976868,8976868,10004562
8977103,8977103,10004562
8977204,8977204,10004562
8977712,8977712,10004562
8979234,8979234,10004562
8979483,8979483,10004562
8980099,8980099,10004562
8980164,8980164,10004562
8980899,8980899,10004562
8980928,8980928,10004562
8981592,8981592,10004562
8982140,8982140,10004562
8983215,8983215,10004562
8983288,8983288,10004562
8983626,8983626,10004562
8984615,8984615,10004562
8985302,8985302,10004562
8986336,8986336,10004562
8986490,8986490,10004562
8986757,8986757,10004562
8988055,8988055,10004562
8988273,8988273,10004562
8988349,8988349,10004562
8988758,8988758,10004562
8989652,8989652,10004562
8990492,8990492,10004562
8990640,8990640,10004562
8991118,8991118,10004562
8991332,8991332,10004562
8991570,8991570,10004562
8991599,8991599,10004562
8992153,8992153,10004562
8992576,8992576,10004562
8992623,8992623,10004562
8993390,8993390,10004562
8993461,8993461,10004562
8993650,8993650,10004562
8993688,8993688,10004562
8994345,8994345,10004562
8994564,8994564,10004562
8994956,8994956,10004562
8995160,8995160,10004562
8995290,8995290,10004562
8995711,8995711,10004562
8996241,8996241,10004562
8996563,8996563,10004562
8996802,8996802,10004562
8997604,8997604,10004562
8997651,8997651,10004562
8997942,8997942,10004562
8998167,8998167,10004562
8999677,8999677,10004562
9000017,9000017,10004562
9000618,9000618,10004562
9000703,9000703,10004562
9001583,9001583,10004562
9001944,9001944,10004562
9002323,9002323,10004562
9002488,9002488,10004562
9002760,9002760,10004562
9003792,9003792,10004562
9004500,9004500,10004562
9006464,9006464,10004562
9006468,9006468,10004562
9006704,9006704,10004562
9007256,9007256,10004562
9007277,9007277,10004562
9008118,9008118,10004562
9008581,9008581,10004562
9009341,9009341,10004562
9010356,9010356,10004562
9010434,9010434,10004562
9010868,9010868,10004562
9012396,9012396,10004562
9014523,9014523,10004562
9014899,9014899,10004562
9015101,9015101,10004562
9016015,9016015,10004562
9016440,9016440,10004562
9016685,9016685,10004562
9017495,9017495,10004562
9018182,9018182,10004562
9018964,9018964,10004562
9019001,9019001,10004562
9019595,9019595,10004562
9020215,9020215,10004562
9021284,9021284,10004562
9021779,9021779,10004562
9021817,9021817,10004562
9021859,9021859,10004562
9022436,9022436,10004562
9022451,9022451,10004562
9023344,9023344,10004562
9024111,9024111,10004562
9025265,9025265,10004562
9025425,9025425,10004562
9025967,9025967,10004562
9026602,9026602,10004562
9026630,9026630,10004562
9026817,9026817,10004562
9026900,9026900,10004562
9026973,9026973,10004562
9027075,9027075,10004562
9027472,9027472,10004562
9027505,9027505,10004562
9027560,9027560,10004562
9027671,9027671,10004562
9028592,9028592,10004562
9029878,9029878,10004562
9030741,9030741,10004562
9030766,9030766,10004562
9031053,9031053,10004562
9031112,9031112,10004562
9031633,9031633,10004562
9031767,9031767,10004562
9033342,9033342,10004562
9033868,9033868,10004562
9034001,9034001,10004562
9034297,9034297,10004562
9034633,9034633,10004562
9034659,9034659,10004562
9035412,9035412,10004562
9035438,9035438,10004562
9036043,9036043,10004562
9036096,9036096,10004562
9036671,9036671,10004562
9037340,9037340,10004562
9037367,9037367,10004562
9037909,9037909,10004562
9039355,9039355,10004562
9039551,9039551,10004562
9040759,9040759,10004562
9040852,9040852,10004562
9041679,9041679,10004562
9041957,9041957,10004562
9041962,9041962,10004562
9042354,9042354,10004562
9042539,9042539,10004562
9042785,9042785,10004562
9043424,9043424,10004562
9043485,9043485,10004562
9043919,9043919,10004562
9044676,9044676,10004562
9045832,9045832,10004562
9046506,9046506,10004562
9047228,9047228,10004562
9047237,9047237,10004562
9047780,9047780,10004562
9048396,9048396,10004562
9048779,9048779,10004562
9048956,9048956,10004562
9050165,9050165,10004562
9050350,9050350,10004562
9051865,9051865,10004562
9052013,9052013,10004562
9052276,9052276,10004562
9052628,9052628,10004562
9053222,9053222,10004562
9053702,9053702,10004562
9053713,9053713,10004562
9055119,9055119,10004562
9055251,9055251,10004562
9055417,9055417,10004562
9056141,9056141,10004562
9056146,9056146,10004562
9056173,9056173,10004562
9056806,9056806,10004562
9057051,9057051,10004562
9057070,9057070,10004562
9057276,9057276,10004562
9057374,9057374,10004562
9058097,9058097,10004562
9058440,9058440,10004562
9060024,9060024,10004562
9060060,9060060,10004562
9060694,9060694,10004562
9060822,9060822,10004562
9062234,9062234,10004562
9062700,9062700,10004562
9062774,9062774,10004562
9064305,9064305,10004562
9064329,9064329,10004562
9064855,9064855,10004562
9065101,9065101,10004562
9065636,9065636,10004562
9065736,9065736,10004562
9065925,9065925,10004562
9066704,9066704,10004562
9067152,9067152,10004562
9067197,9067197,10004562
9067461,9067461,10004562
9067595,9067595,10004562
9067908,9067908,10004562
9068106,9068106,10004562
9068281,9068281,10004562
9068289,9068289,10004562
9068875,9068875,10004562
9069229,9069229,10004562
9069801,9069801,10004562
9069898,9069898,10004562
9069958,9069958,10004562
9070728,9070728,10004562
9070865,9070865,10004562
9071253,9071253,10004562
9072565,9072565,10004562
9072612,9072612,10004562
9073175,9073175,10004562
9073773,9073773,10004562
9075879,9075879,10004562
9076108,9076108,10004562
9076427,9076427,10004562
9076541,9076541,10004562
9076913,9076913,10004562
9077043,9077043,10004562
9077127,9077127,10004562
9077887,9077887,10004562
9077952,9077952,10004562
9078480,9078480,10004562
9078805,9078805,10004562
9079027,9079027,10004562
9080840,9080840,10004562
9081627,9081627,10004562
9081690,9081690,10004562
9082004,9082004,10004562
9082275,9082275,10004562
9082839,9082839,10004562
9083632,9083632,10004562
9083755,9083755,10004562
9083979,9083979,10004562
9084156,9084156,10004562
9084342,9084342,10004562
9085928,9085928,10004562
9086479,9086479,10004562
9086525,9086525,10004562
9087054,9087054,10004562
9087310,9087310,10004562
9087340,9087340,10004562
9087567,9087567,10004562
9087751,9087751,10004562
9087903,9087903,10004562
9088469,9088469,10004562
9088489,9088489,10004562
9089290,9089290,10004562
9089381,9089381,10004562
9089553,9089553,10004562
9089622,9089622,10004562
9089865,9089865,10004562
9090461,9090461,10004562
9090974,9090974,10004562
9091316,9091316,10004562
9092458,9092458,10004562
9093616,9093616,10004562
9094138,9094138,10004562
9095335,9095335,10004562
9095434,9095434,10004562
9096682,9096682,10004562
9096900,9096900,10004562
9096994,9096994,10004562
9097231,9097231,10004562
9098457,9098457,10004562
9098666,9098666,10004562
9099921,9099921,10004562
9099985,9099985,10004562
9100225,9100225,10004562
9100358,9100358,10004562
9100416,9100416,10004562
9100697,9100697,10004562
9102118,9102118,10004562
9102626,9102626,10004562
9103813,9103813,10004562
9104451,9104451,10004562
9104598,9104598,10004562
9105618,9105618,10004562
9105685,9105685,10004562
9106061,9106061,10004562
9106115,9106115,10004562
9106192,9106192,10004562
9106322,9106322,10004562
9106797,9106797,10004562
9107607,9107607,10004562
9108623,9108623,10004562
9108926,9108926,10004562
9109422,9109422,10004562
9109550,9109550,10004562
9109679,9109679,10004562
9109700,9109700,10004562
9110028,9110028,10004562
9110053,9110053,10004562
9110055,9110055,10004562
9110149,9110149,10004562
9110528,9110528,10004562
9111045,9111045,10004562
9111075,9111075,10004562
9111104,9111104,10004562
9111240,9111240,10004562
9111321,9111321,10004562
9111903,9111903,10004562
9112493,9112493,10004562
9112585,9112585,10004562
9112738,9112738,10004562
9113898,9113898,10004562
9114430,9114430,10004562
9114558,9114558,10004562
9115689,9115689,10004562
9116741,9116741,10004562
9117051,9117051,10004562
9117233,9117233,10004562
9117568,9117568,10004562
9117818,9117818,10004562
9118158,9118158,10004562
9118473,9118473,10004562
9118785,9118785,10004562
9118868,9118868,10004562
9119124,9119124,10004562
9119275,9119275,10004562
9119285,9119285,10004562
9119343,9119343,10004562
9120060,9120060,10004562
9120312,9120312,10004562
9120571,9120571,10004562
9120885,9120885,10004562
9121254,9121254,10004562
9122410,9122410,10004562
9122539,9122539,10004562
9122875,9122875,10004562
9123596,9123596,10004562
9123687,9123687,10004562
9123952,9123952,10004562
9124050,9124050,10004562
9124276,9124276,10004562
9124584,9124584,10004562
9125558,9125558,10004562
9125764,9125764,10004562
9126017,9126017,10004562
9126049,9126049,10004562
9126116,9126116,10004562
9127418,9127418,10004562
9127636,9127636,10004562
9127812,9127812,10004562
9127968,9127968,10004562
9128078,9128078,10004562
9128113,9128113,10004562
9128411,9128411,10004562
9128692,9128692,10004562
9129635,9129635,10004562
9130159,9130159,10004562
9131106,9131106,10004562
9132447,9132447,10004562
9133069,9133069,10004562
9133270,9133270,10004562
9133402,9133402,10004562
9133567,9133567,10004562
9134155,9134155,10004562
9134245,9134245,10004562
9134965,9134965,10004562
9135273,9135273,10004562
9137136,9137136,10004562
9137201,9137201,10004562
9137539,9137539,10004562
9137653,9137653,10004562
9138028,9138028,10004562
9138111,9138111,10004562
9138440,9138440,10004562
9138450,9138450,10004562
9140724,9140724,10004562
9141517,9141517,10004562
9141799,9141799,10004562
9142598,9142598,10004562
9143083,9143083,10004562
9143312,9143312,10004562
9143504,9143504,10004562
9144778,9144778,10004562
9145723,9145723,10004562
9145795,9145795,10004562
9145962,9145962,10004562
9145991,9145991,10004562
9146389,9146389,10004562
9146633,9146633,10004562
9146838,9146838,10004562
9146941,9146941,10004562
9147891,9147891,10004562
9148012,9148012,10004562
9148351,9148351,10004562
9148521,9148521,10004562
9148759,9148759,10004562
9149130,9149130,10004562
9149293,9149293,10004562
9149416,9149416,10004562
9150228,9150228,10004562
9150435,9150435,10004562
9150684,9150684,10004562
9150879,9150879,10004562
9151014,9151014,10004562
9152304,9152304,10004562
9154289,9154289,10004562
9154427,9154427,10004562
9154488,9154488,10004562
9154584,9154584,10004562
9154718,9154718,10004562
9155193,9155193,10004562
9155551,9155551,10004562
9155605,9155605,10004562
9155611,9155611,10004562
9155793,9155793,10004562
9155899,9155899,10004562
9156116,9156116,10004562
9156935,9156935,10004562
9157226,9157226,10004562
9157466,9157466,10004562
9157773,9157773,10004562
9157936,9157936,10004562
9158289,9158289,10004562
9158570,9158570,10004562
9161340,9161340,10004562
9161510,9161510,10004562
9161924,9161924,10004562
9162143,9162143,10004562
9163011,9163011,10004562
9163029,9163029,10004562
9163807,9163807,10004562
9163835,9163835,10004562
9164066,9164066,10004562
9164854,9164854,10004562
9165482,9165482,10004562
9165811,9165811,10004562
9166075,9166075,10004562
9166678,9166678,10004562
9166690,9166690,10004562
9166984,9166984,10004562
9167471,9167471,10004562
9167540,9167540,10004562
9167599,9167599,10004562
9167702,9167702,10004562
9167992,9167992,10004562
9168177,9168177,10004562
9169939,9169939,10004562
9170108,9170108,10004562
9170272,9170272,10004562
9171103,9171103,10004562
9171230,9171230,10004562
9171833,9171833,10004562
9173347,9173347,10004562
9173372,9173372,10004562
9173851,9173851,10004562
9174014,9174014,10004562
9174025,9174025,10004562
9174166,9174166,10004562
9174467,9174467,10004562
9175116,9175116,10004562
9175883,9175883,10004562
9176040,9176040,10004562
9176077,9176077,10004562
9176620,9176620,10004562
9176689,9176689,10004562
9176850,9176850,10004562
9177280,9177280,10004562
9178304,9178304,10004562
9178331,9178331,10004562
9178529,9178529,10004562
9178800,9178800,10004562
9178902,9178902,10004562
9179092,9179092,10004562
9179107,9179107,10004562
9179442,9179442,10004562
9180171,9180171,10004562
9180220,9180220,10004562
9180344,9180344,10004562
9181869,9181869,10004562
9182245,9182245,10004562
9182765,9182765,10004562
9182778,9182778,10004562
9182959,9182959,10004562
9183027,9183027,10004562
9183327,9183327,10004562
9183397,9183397,10004562
9184394,9184394,10004562
9184961,9184961,10004562
9185445,9185445,10004562
9185446,9185446,10004562
9185927,9185927,10004562
9186939,9186939,10004562
9187148,9187148,10004562
9187314,9187314,10004562
9187650,9187650,10004562
9187717,9187717,10004562
9187779,9187779,10004562
9187802,9187802,10004562
9188052,9188052,10004562
9189202,9189202,10004562
9189454,9189454,10004562
9189609,9189609,10004562
9190100,9190100,10004562
9190210,9190210,10004562
9190323,9190323,10004562
9190437,9190437,10004562
9191262,9191262,10004562
9191655,9191655,10004562
9191845,9191845,10004562
9192380,9192380,10004562
9192464,9192464,10004562
9192524,9192524,10004562
9193535,9193535,10004562
9194330,9194330,10004562
9196140,9196140,10004562
9196462,9196462,10004562
9196518,9196518,10004562
9196551,9196551,10004562
9197015,9197015,10004562
9197999,9197999,10004562
9198355,9198355,10004562
9198956,9198956,10004562
9199507,9199507,10004562
9200208,9200208,10004562
9200546,9200546,10004562
9200996,9200996,10004562
9201299,9201299,10004562
9201791,9201791,10004562
9201901,9201901,10004562
9201904,9201904,10004562
9202406,9202406,10004562
9202693,9202693,10004562
9202814,9202814,10004562
9202879,9202879,10004562
9203909,9203909,10004562
9203934,9203934,10004562
9204166,9204166,10004562
9204361,9204361,10004562
9204617,9204617,10004562
9206305,9206305,10004562
9206324,9206324,10004562
9206451,9206451,10004562
9206644,9206644,10004562
9207801,9207801,10004562
9207833,9207833,10004562
9207867,9207867,10004562
9209522,9209522,10004562
9210433,9210433,10004562
9211773,9211773,10004562
9211975,9211975,10004562
9212277,9212277,10004562
9212635,9212635,10004562
9212646,9212646,10004562
9212874,9212874,10004562
9213675,9213675,10004562
9214231,9214231,10004562
9215265,9215265,10004562
9216302,9216302,10004562
9216643,9216643,10004562
9216892,9216892,10004562
9216981,9216981,10004562
9217470,9217470,10004562
9217583,9217583,10004562
9217688,9217688,10004562
9217810,9217810,10004562
9219032,9219032,10004562
9219138,9219138,10004562
9219187,9219187,10004562
9219425,9219425,10004562
9219464,9219464,10004562
9219927,9219927,10004562
9220549,9220549,10004562
9220850,9220850,10004562
9221306,9221306,10004562
9221468,9221468,10004562
9223533,9223533,10004562
9223594,9223594,10004562
9224408,9224408,10004562
9224679,9224679,10004562
9224944,9224944,10004562
9225680,9225680,10004562
9226406,9226406,10004562
9226518,9226518,10004562
9226550,9226550,10004562
9227088,9227088,10004562
9227415,9227415,10004562
9227439,9227439,10004562
9227698,9227698,10004562
9227986,9227986,10004562
9228784,9228784,10004562
9229837,9229837,10004562
9230065,9230065,10004562
9232148,9232148,10004562
9232210,9232210,10004562
9232882,9232882,10004562
9233548,9233548,10004562
9234004,9234004,10004562
9234709,9234709,10004562
9236021,9236021,10004562
9236225,9236225,10004562
9236889,9236889,10004562
9239921,9239921,10004562
9240476,9240476,10004562
9240493,9240493,10004562
9241241,9241241,10004562
9241402,9241402,10004562
9241944,9241944,10004562
9242185,9242185,10004562
9243005,9243005,10004562
9243629,9243629,10004562
9244935,9244935,10004562
9245326,9245326,10004562
9245387,9245387,10004562
9246311,9246311,10004562
9246375,9246375,10004562
9246797,9246797,10004562
9247129,9247129,10004562
9247363,9247363,10004562
9247478,9247478,10004562
9247846,9247846,10004562
9247909,9247909,10004562
9248113,9248113,10004562
9248155,9248155,10004562
9249057,9249057,10004562
9249393,9249393,10004562
9249883,9249883,10004562
9250826,9250826,10004562
9251682,9251682,10004562
9252465,9252465,10004562
9252724,9252724,10004562
9252760,9252760,10004562
9252770,9252770,10004562
9253398,9253398,10004562
9254781,9254781,10004562
9255185,9255185,10004562
9255345,9255345,10004562
9255371,9255371,10004562
9255798,9255798,10004562
9255869,9255869,10004562
9255948,9255948,10004562
9258113,9258113,10004562
9258418,9258418,10004562
9258766,9258766,10004562
9258964,9258964,10004562
9259194,9259194,10004562
9259752,9259752,10004562
9260398,9260398,10004562
9261411,9261411,10004562
9261477,9261477,10004562
9261689,9261689,10004562
9262178,9262178,10004562
9263976,9263976,10004562
9264403,9264403,10004562
9264817,9264817,10004562
9264831,9264831,10004562
9266045,9266045,10004562
9266823,9266823,10004562
9267221,9267221,10004562
9268522,9268522,10004562
9269903,9269903,10004562
9270183,9270183,10004562
9270668,9270668,10004562
9271025,9271025,10004562
9272099,9272099,10004562
9272853,9272853,10004562
9273117,9273117,10004562
9273894,9273894,10004562
9274074,9274074,10004562
9274949,9274949,10004562
9275589,9275589,10004562
9276139,9276139,10004562
9276414,9276414,10004562
9276421,9276421,10004562
9276714,9276714,10004562
9277564,9277564,10004562
9278972,9278972,10004562
9279036,9279036,10004562
9279054,9279054,10004562
9279750,9279750,10004562
9280060,9280060,10004562
9280156,9280156,10004562
9280414,9280414,10004562
9280483,9280483,10004562
9280493,9280493,10004562
9280771,9280771,10004562
9280833,9280833,10004562
9281029,9281029,10004562
9281572,9281572,10004562
9283228,9283228,10004562
9283277,9283277,10004562
9283569,9283569,10004562
9284422,9284422,10004562
9284513,9284513,10004562
9285066,9285066,10004562
9285872,9285872,10004562
9286685,9286685,10004562
9287333,9287333,10004562
9288152,9288152,10004562
9288848,9288848,10004562
9289865,9289865,10004562
9290961,9290961,10004562
9291663,9291663,10004562
9292076,9292076,10004562
9292287,9292287,10004562
9293612,9293612,10004562
9294446,9294446,10004562
9295115,9295115,10004562
9296354,9296354,10004562
9296606,9296606,10004562
9296883,9296883,10004562
9297177,9297177,10004562
9298477,9298477,10004562
9299094,9299094,10004562
9299349,9299349,10004562
9300724,9300724,10004562
9301803,9301803,10004562
9302162,9302162,10004562
9302265,9302265,10004562
9302583,9302583,10004562
9302719,9302719,10004562
9302741,9302741,10004562
9304042,9304042,10004562
9305386,9305386,10004562
9305783,9305783,10004562
9306017,9306017,10004562
9307752,9307752,10004562
9308347,9308347,10004562
9308691,9308691,10004562
9309392,9309392,10004562
9309536,9309536,10004562
9309592,9309592,10004562
9309601,9309601,10004562
9309646,9309646,10004562
9309881,9309881,10004562
9310123,9310123,10004562
9310808,9310808,10004562
9311121,9311121,10004562
9311444,9311444,10004562
9312311,9312311,10004562
9313226,9313226,10004562
9313232,9313232,10004562
9313516,9313516,10004562
9313800,9313800,10004562
9314196,9314196,10004562
9315240,9315240,10004562
9316063,9316063,10004562
9316250,9316250,10004562
9316703,9316703,10004562
9316754,9316754,10004562
9317063,9317063,10004562
9317200,9317200,10004562
9317243,9317243,10004562
9317263,9317263,10004562
9317389,9317389,10004562
9317420,9317420,10004562
9318225,9318225,10004562
9319466,9319466,10004562
9319476,9319476,10004562
9320083,9320083,10004562
9320277,9320277,10004562
9320687,9320687,10004562
9320915,9320915,10004562
9321787,9321787,10004562
9322715,9322715,10004562
9323142,9323142,10004562
9323431,9323431,10004562
9323460,9323460,10004562
9323577,9323577,10004562
9323636,9323636,10004562
9323677,9323677,10004562
9324403,9324403,10004562
9324837,9324837,10004562
9324838,9324838,10004562
9324995,9324995,10004562
9325889,9325889,10004562
9325950,9325950,10004562
9326236,9326236,10004562
9326506,9326506,10004562
9327726,9327726,10004562
9328823,9328823,10004562
9329031,9329031,10004562
9329546,9329546,10004562
9329882,9329882,10004562
9329906,9329906,10004562
9331019,9331019,10004562
9331569,9331569,10004562
9331701,9331701,10004562
9331918,9331918,10004562
9332452,9332452,10004562
9332717,9332717,10004562
9333894,9333894,10004562
9334725,9334725,10004562
9334819,9334819,10004562
9336602,9336602,10004562
9337903,9337903,10004562
9338069,9338069,10004562
9338298,9338298,10004562
9338572,9338572,10004562
9338620,9338620,10004562
9338745,9338745,10004562
9338763,9338763,10004562
9338926,9338926,10004562
9339793,9339793,10004562
9340412,9340412,10004562
9340529,9340529,10004562
9340723,9340723,10004562
9340831,9340831,10004562
9340981,9340981,10004562
9341297,9341297,10004562
9341633,9341633,10004562
9343032,9343032,10004562
9343413,9343413,10004562
9343525,9343525,10004562
9343646,9343646,10004562
9343690,9343690,10004562
9343727,9343727,10004562
9343790,9343790,10004562
9343981,9343981,10004562
9344244,9344244,10004562
9344247,9344247,10004562
9345167,9345167,10004562
9345402,9345402,10004562
9345629,9345629,10004562
9345758,9345758,10004562
9345984,9345984,10004562
9346437,9346437,10004562
9348477,9348477,10004562
9351686,9351686,10004562
9352152,9352152,10004562
9352200,9352200,10004562
9352490,9352490,10004562
9352691,9352691,10004562
9353896,9353896,10004562
9354675,9354675,10004562
9355640,9355640,10004562
9356000,9356000,10004562
9356035,9356035,10004562
9356526,9356526,10004562
9358107,9358107,10004562
9359144,9359144,10004562
9359429,9359429,10004562
9359557,9359557,10004562
9360140,9360140,10004562
9360508,9360508,10004562
9360527,9360527,10004562
9360587,9360587,10004562
9360833,9360833,10004562
9361807,9361807,10004562
9362016,9362016,10004562
9362103,9362103,10004562
9362383,9362383,10004562
9362397,9362397,10004562
9362911,9362911,10004562
9363166,9363166,10004562
9363391,9363391,10004562
9363488,9363488,10004562
9364786,9364786,10004562
9364795,9364795,10004562
9365467,9365467,10004562
9365616,9365616,10004562
9366464,9366464,10004562
9366807,9366807,10004562
9367251,9367251,10004562
9367456,9367456,10004562
9367878,9367878,10004562
9368457,9368457,10004562
9368701,9368701,10004562
9368713,9368713,10004562
9369814,9369814,10004562
9370805,9370805,10004562
9371105,9371105,10004562
9371458,9371458,10004562
9371755,9371755,10004562
9372268,9372268,10004562
9372604,9372604,10004562
9372860,9372860,10004562
9374407,9374407,10004562
9375433,9375433,10004562
9375953,9375953,10004562
9376448,9376448,10004562
9377180,9377180,10004562
9377663,9377663,10004562
9378042,9378042,10004562
9378150,9378150,10004562
9378287,9378287,10004562
9378641,9378641,10004562
9378699,9378699,10004562
9379564,9379564,10004562
9379711,9379711,10004562
9379982,9379982,10004562
9380259,9380259,10004562
9380809,9380809,10004562
9380956,9380956,10004562
9381004,9381004,10004562
9381825,9381825,10004562
9382760,9382760,10004562
9382998,9382998,10004562
9384041,9384041,10004562
9384200,9384200,10004562
9384350,9384350,10004562
9384527,9384527,10004562
9386247,9386247,10004562
9386378,9386378,10004562
9387432,9387432,10004562
9387533,9387533,10004562
9387735,9387735,10004562
9388038,9388038,10004562
9389277,9389277,10004562
9390023,9390023,10004562
9390550,9390550,10004562
9390760,9390760,10004562
9391058,9391058,10004562
9391495,9391495,10004562
9391770,9391770,10004562
9392381,9392381,10004562
9394568,9394568,10004562
9394924,9394924,10004562
9395538,9395538,10004562
9395809,9395809,10004562
9395828,9395828,10004562
9395871,9395871,10004562
9395938,9395938,10004562
9396403,9396403,10004562
9396419,9396419,10004562
9396501,9396501,10004562
9396780,9396780,10004562
9396978,9396978,10004562
9397610,9397610,10004562
9398004,9398004,10004562
9398696,9398696,10004562
9398914,9398914,10004562
9399072,9399072,10004562
9399739,9399739,10004562
9401635,9401635,10004562
9402012,9402012,10004562
9402178,9402178,10004562
9403515,9403515,10004562
9403646,9403646,10004562
9404609,9404609,10004562
9404782,9404782,10004562
9405448,9405448,10004562
9406177,9406177,10004562
9406306,9406306,10004562
9407355,9407355,10004562
9407720,9407720,10004562
9408090,9408090,10004562
9408332,9408332,10004562
9408736,9408736,10004562
9408964,9408964,10004562
9409566,9409566,10004562
9410656,9410656,10004562
9411005,9411005,10004562
9411863,9411863,10004562
9412242,9412242,10004562
9412920,9412920,10004562
9413315,9413315,10004562
9414664,9414664,10004562
9415341,9415341,10004562
9415378,9415378,10004562
9415634,9415634,10004562
9416734,9416734,10004562
9416795,9416795,10004562
9417259,9417259,10004562
9417282,9417282,10004562
9417606,9417606,10004562
9417621,9417621,10004562
9417738,9417738,10004562
9417801,9417801,10004562
9417847,9417847,10004562
9417899,9417899,10004562
9418164,9418164,10004562
9418569,9418569,10004562
9419625,9419625,10004562
9419985,9419985,10004562
9420253,9420253,10004562
9420380,9420380,10004562
9420887,9420887,10004562
9420941,9420941,10004562
9421656,9421656,10004562
9421968,9421968,10004562
9422668,9422668,10004562
9423357,9423357,10004562
9423606,9423606,10004562
9423819,9423819,10004562
9424118,9424118,10004562
9424266,9424266,10004562
9424414,9424414,10004562
9424662,9424662,10004562
9424765,9424765,10004562
9426454,9426454,10004562
9426740,9426740,10004562
9428088,9428088,10004562
9428302,9428302,10004562
9428843,9428843,10004562
9428855,9428855,10004562
9429133,9429133,10004562
9429149,9429149,10004562
9429272,9429272,10004562
9429504,9429504,10004562
9430553,9430553,10004562
9430944,9430944,10004562
9431685,9431685,10004562
9432152,9432152,10004562
9432472,9432472,10004562
9433342,9433342,10004562
9433769,9433769,10004562
9433904,9433904,10004562
9434669,9434669,10004562
9435937,9435937,10004562
9436534,9436534,10004562
9436764,9436764,10004562
9437103,9437103,10004562
9437491,9437491,10004562
9437722,9437722,10004562
9437976,9437976,10004562
9438421,9438421,10004562
9438656,9438656,10004562
9438756,9438756,10004562
9438887,9438887,10004562
9439348,9439348,10004562
9439502,9439502,10004562
9439632,9439632,10004562
9440028,9440028,10004562
9440142,9440142,10004562
9440143,9440143,10004562
9440552,9440552,10004562
9440576,9440576,10004562
9440908,9440908,10004562
9441094,9441094,10004562
9441995,9441995,10004562
9442052,9442052,10004562
9442118,9442118,10004562
9443961,9443961,10004562
9445105,9445105,10004562
9445223,9445223,10004562
9445600,9445600,10004562
9446386,9446386,10004562
9446524,9446524,10004562
9447766,9447766,10004562
9448354,9448354,10004562
9448551,9448551,10004562
9448942,9448942,10004562
9449101,9449101,10004562
9449440,9449440,10004562
9449831,9449831,10004562
9450501,9450501,10004562
9450617,9450617,10004562
9450726,9450726,10004562
9452168,9452168,10004562
9452481,9452481,10004562
9452967,9452967,10004562
9453957,9453957,10004562
9454548,9454548,10004562
9454779,9454779,10004562
9454850,9454850,10004562
9455098,9455098,10004562
9456391,9456391,10004562
9456938,9456938,10004562
9457032,9457032,10004562
9457482,9457482,10004562
9457563,9457563,10004562
9457914,9457914,10004562
9458777,9458777,10004562
9460633,9460633,10004562
9460833,9460833,10004562
9462767,9462767,10004562
9463293,9463293,10004562
9463560,9463560,10004562
9463606,9463606,10004562
9464199,9464199,10004562
9464293,9464293,10004562
9464354,9464354,10004562
9465201,9465201,10004562
9465848,9465848,10004562
9466093,9466093,10004562
9466320,9466320,10004562
9466471,9466471,10004562
9466619,9466619,10004562
9466868,9466868,10004562
9467092,9467092,10004562
9467595,9467595,10004562
9468117,9468117,10004562
9468821,9468821,10004562
9469363,9469363,10004562
9469876,9469876,10004562
9470351,9470351,10004562
9470868,9470868,10004562
9470945,9470945,10004562
9472121,9472121,10004562
9472470,9472470,10004562
9472597,9472597,10004562
9473089,9473089,10004562
9474488,9474488,10004562
9474568,9474568,10004562
9475155,9475155,10004562
9475914,9475914,10004562
9476239,9476239,10004562
9476383,9476383,10004562
9476497,9476497,10004562
9476540,9476540,10004562
9476605,9476605,10004562
9477579,9477579,10004562
9478574,9478574,10004562
9478650,9478650,10004562
9478674,9478674,10004562
9479044,9479044,10004562
9479629,9479629,10004562
9480019,9480019,10004562
9480216,9480216,10004562
9480378,9480378,10004562
9480654,9480654,10004562
9481081,9481081,10004562
9481225,9481225,10004562
9481851,9481851,10004562
9482706,9482706,10004562
9483588,9483588,10004562
9483885,9483885,10004562
9483907,9483907,10004562
9484764,9484764,10004562
9485503,9485503,10004562
9485521,9485521,10004562
9485611,9485611,10004562
9485615,9485615,10004562
9486614,9486614,10004562
9487430,9487430,10004562
9487611,9487611,10004562
9487639,9487639,10004562
9487820,9487820,10004562
9488119,9488119,10004562
9488460,9488460,10004562
9488744,9488744,10004562
9489145,9489145,10004562
9489939,9489939,10004562
9491460,9491460,10004562
9493163,9493163,10004562
9493200,9493200,10004562
9493854,9493854,10004562
9494041,9494041,10004562
9494734,9494734,10004562
9494749,9494749,10004562
9495754,9495754,10004562
9498441,9498441,10004562
9498934,9498934,10004562
9498975,9498975,10004562
9502476,9502476,10004562
9502674,9502674,10004562
9502977,9502977,10004562
9503575,9503575,10004562
9504138,9504138,10004562
9504277,9504277,10004562
9505058,9505058,10004562
9505133,9505133,10004562
9505549,9505549,10004562
9505940,9505940,10004562
9506860,9506860,10004562
9506863,9506863,10004562
9507332,9507332,10004562
9507351,9507351,10004562
9507483,9507483,10004562
9507755,9507755,10004562
9508286,9508286,10004562
9509607,9509607,10004562
9510131,9510131,10004562
9510415,9510415,10004562
9510653,9510653,10004562
9510678,9510678,10004562
9510945,9510945,10004562
9510962,9510962,10004562
9511255,9511255,10004562
9511682,9511682,10004562
9512082,9512082,10004562
9512137,9512137,10004562
9513199,9513199,10004562
9513201,9513201,10004562
9513549,9513549,10004562
9514107,9514107,10004562
9514682,9514682,10004562
9514831,9514831,10004562
9515732,9515732,10004562
9516154,9516154,10004562
9516348,9516348,10004562
9516859,9516859,10004562
9517533,9517533,10004562
9518237,9518237,10004562
9518415,9518415,10004562
9519378,9519378,10004562
9519640,9519640,10004562
9521176,9521176,10004562
9522662,9522662,10004562
9522867,9522867,10004562
9523087,9523087,10004562
9523154,9523154,10004562
9523223,9523223,10004562
9523997,9523997,10004562
9524060,9524060,10004562
9524789,9524789,10004562
9526224,9526224,10004562
9526229,9526229,10004562
9526570,9526570,10004562
9527417,9527417,10004562
9527717,9527717,10004562
9527948,9527948,10004562
9527991,9527991,10004562
9528950,9528950,10004562
9528980,9528980,10004562
9529755,9529755,10004562
9529815,9529815,10004562
9531043,9531043,10004562
9531759,9531759,10004562
9531769,9531769,10004562
9531782,9531782,10004562
9532380,9532380,10004562
9532657,9532657,10004562
9532875,9532875,10004562
9533384,9533384,10004562
9533675,9533675,10004562
9533897,9533897,10004562
9533928,9533928,10004562
9534099,9534099,10004562
9535698,9535698,10004562
9535912,9535912,10004562
9536377,9536377,10004562
9536446,9536446,10004562
9537715,9537715,10004562
9540149,9540149,10004562
9540256,9540256,10004562
9540311,9540311,10004562
9540601,9540601,10004562
9540617,9540617,10004562
9541152,9541152,10004562
9541238,9541238,10004562
9541515,9541515,10004562
9541603,9541603,10004562
9541905,9541905,10004562
9542094,9542094,10004562
9542710,9542710,10004562
9542839,9542839,10004562
9542994,9542994,10004562
9543271,9543271,10004562
9543955,9543955,10004562
9544105,9544105,10004562
9544432,9544432,10004562
9545180,9545180,10004562
9546052,9546052,10004562
9546055,9546055,10004562
9546211,9546211,10004562
9546244,9546244,10004562
9546362,9546362,10004562
9547411,9547411,10004562
9549405,9549405,10004562
9549658,9549658,10004562
9549953,9549953,10004562
9550154,9550154,10004562
9550573,9550573,10004562
9550614,9550614,10004562
9550751,9550751,10004562
9551720,9551720,10004562
9553599,9553599,10004562
9553829,9553829,10004562
9554006,9554006,10004562
9554376,9554376,10004562
9555453,9555453,10004562
9556179,9556179,10004562
9556425,9556425,10004562
9556740,9556740,10004562
9556994,9556994,10004562
9557231,9557231,10004562
9557437,9557437,10004562
9558945,9558945,10004562
9559084,9559084,10004562
9559419,9559419,10004562
9560203,9560203,10004562
9561048,9561048,10004562
9561401,9561401,10004562
9561784,9561784,10004562
9561814,9561814,10004562
9561822,9561822,10004562
9562137,9562137,10004562
9562293,9562293,10004562
9562913,9562913,10004562
9565405,9565405,10004562
9566790,9566790,10004562
9566909,9566909,10004562
9568099,9568099,10004562
9568579,9568579,10004562
9569359,9569359,10004562
9569701,9569701,10004562
9570474,9570474,10004562
9570688,9570688,10004562
9570917,9570917,10004562
9570931,9570931,10004562
9571030,9571030,10004562
9572839,9572839,10004562
9573673,9573673,10004562
9574384,9574384,10004562
9574762,9574762,10004562
9575133,9575133,10004562
9575522,9575522,10004562
9575568,9575568,10004562
9576000,9576000,10004562
9576413,9576413,10004562
9577463,9577463,10004562
9577829,9577829,10004562
9577991,9577991,10004562
9578241,9578241,10004562
9578442,9578442,10004562
9578751,9578751,10004562
9579113,9579113,10004562
9579343,9579343,10004562
9579394,9579394,10004562
9580005,9580005,10004562
9580900,9580900,10004562
9581535,9581535,10004562
9581869,9581869,10004562
9582466,9582466,10004562
9582690,9582690,10004562
9582745,9582745,10004562
9583588,9583588,10004562
9585392,9585392,10004562
9585473,9585473,10004562
9585638,9585638,10004562
9586039,9586039,10004562
9587104,9587104,10004562
9588357,9588357,10004562
9588426,9588426,10004562
9591627,9591627,10004562
9592232,9592232,10004562
9592449,9592449,10004562
9593054,9593054,10004562
9593722,9593722,10004562
9594406,9594406,10004562
9594584,9594584,10004562
9594746,9594746,10004562
9594784,9594784,10004562
9595133,9595133,10004562
9595677,9595677,10004562
9595864,9595864,10004562
9595994,9595994,10004562
9596126,9596126,10004562
9596369,9596369,10004562
9596724,9596724,10004562
9597520,9597520,10004562
9598227,9598227,10004562
9598435,9598435,10004562
9598937,9598937,10004562
9598958,9598958,10004562
9599905,9599905,10004562
9601800,9601800,10004562
9601984,9601984,10004562
9602167,9602167,10004562
9602317,9602317,10004562
9602474,9602474,10004562
9602621,9602621,10004562
9603425,9603425,10004562
9603945,9603945,10004562
9604098,9604098,10004562
9604360,9604360,10004562
9604628,9604628,10004562
9604632,9604632,10004562
9605202,9605202,10004562
9605363,9605363,10004562
9606344,9606344,10004562
9606891,9606891,10004562
9607332,9607332,10004562
9608235,9608235,10004562
9608440,9608440,10004562
9609567,9609567,10004562
9610038,9610038,10004562
9610230,9610230,10004562
9610446,9610446,10004562
9610632,9610632,10004562
9611140,9611140,10004562
9611775,9611775,10004562
9612847,9612847,10004562
9613276,9613276,10004562
9613453,9613453,10004562
9613816,9613816,10004562
9613901,9613901,10004562
9614167,9614167,10004562
9615127,9615127,10004562
9615199,9615199,10004562
9616661,9616661,10004562
9617536,9617536,10004562
9618830,9618830,10004562
9619003,9619003,10004562
9619712,9619712,10004562
9620358,9620358,10004562
9620852,9620852,10004562
9620988,9620988,10004562
9621390,9621390,10004562
9621445,9621445,10004562
9621527,9621527,10004562
9622767,9622767,10004562
9622912,9622912,10004562
9623194,9623194,10004562
9624458,9624458,10004562
9624902,9624902,10004562
9625721,9625721,10004562
9627675,9627675,10004562
9629838,9629838,10004562
9630351,9630351,10004562
9630464,9630464,10004562
9630532,9630532,10004562
9630853,9630853,10004562
9632505,9632505,10004562
9633036,9633036,10004562
9633642,9633642,10004562
9634124,9634124,10004562
9635161,9635161,10004562
9635399,9635399,10004562
9635494,9635494,10004562
9636336,9636336,10004562
9636455,9636455,10004562
9636765,9636765,10004562
9637168,9637168,10004562
9637176,9637176,10004562
9637467,9637467,10004562
9638068,9638068,10004562
9639510,9639510,10004562
9639530,9639530,10004562
9639691,9639691,10004562
9639941,9639941,10004562
9641186,9641186,10004562
9641430,9641430,10004562
9643210,9643210,10004562
9644272,9644272,10004562
9645234,9645234,10004562
9645933,9645933,10004562
9646130,9646130,10004562
9647273,9647273,10004562
9647368,9647368,10004562
9647553,9647553,10004562
9647978,9647978,10004562
9648280,9648280,10004562
9648297,9648297,10004562
9648730,9648730,10004562
9649313,9649313,10004562
9649586,9649586,10004562
9651294,9651294,10004562
9652324,9652324,10004562
9653048,9653048,10004562
9654662,9654662,10004562
9654943,9654943,10004562
9654974,9654974,10004562
9655294,9655294,10004562
9656090,9656090,10004562
9657078,9657078,10004562
9658064,9658064,10004562
9658110,9658110,10004562
9658555,9658555,10004562
9658563,9658563,10004562
9659959,9659959,10004562
9661171,9661171,10004562
9661233,9661233,10004562
9661521,9661521,10004562
9661567,9661567,10004562
9661571,9661571,10004562
9662959,9662959,10004562
9663485,9663485,10004562
9664220,9664220,10004562
9664478,9664478,10004562
9665421,9665421,10004562
9666083,9666083,10004562
9666127,9666127,10004562
9666439,9666439,10004562
9666738,9666738,10004562
9668504,9668504,10004562
9668731,9668731,10004562
9669727,9669727,10004562
9669826,9669826,10004562
9670950,9670950,10004562
9671049,9671049,10004562
9671092,9671092,10004562
9671274,9671274,10004562
9672061,9672061,10004562
9672080,9672080,10004562
9672094,9672094,10004562
9673753,9673753,10004562
9673911,9673911,10004562
9674351,9674351,10004562
9674968,9674968,10004562
9674988,9674988,10004562
9675081,9675081,10004562
9675592,9675592,10004562
9676106,9676106,10004562
9676237,9676237,10004562
9677981,9677981,10004562
9678012,9678012,10004562
9679259,9679259,10004562
9679423,9679423,10004562
9679991,9679991,10004562
9680245,9680245,10004562
9680456,9680456,10004562
9680479,9680479,10004562
9682115,9682115,10004562
9682126,9682126,10004562
9683391,9683391,10004562
9683473,9683473,10004562
9684198,9684198,10004562
9684690,9684690,10004562
9685137,9685137,10004562
9686412,9686412,10004562
9686771,9686771,10004562
9687086,9687086,10004562
9687551,9687551,10004562
9687676,9687676,10004562
9688745,9688745,10004562
9688946,9688946,10004562
9691080,9691080,10004562
9692112,9692112,10004562
9693034,9693034,10004562
9694046,9694046,10004562
9694149,9694149,10004562
9694384,9694384,10004562
9694848,9694848,10004562
9695143,9695143,10004562
9695198,9695198,10004562
9695258,9695258,10004562
9695523,9695523,10004562
9695575,9695575,10004562
9696252,9696252,10004562
9696429,9696429,10004562
9697129,9697129,10004562
9697204,9697204,10004562
9698423,9698423,10004562
9698475,9698475,10004562
9699053,9699053,10004562
9699195,9699195,10004562
9699856,9699856,10004562
9700431,9700431,10004562
9700677,9700677,10004562
9700928,9700928,10004562
9701052,9701052,10004562
9701260,9701260,10004562
9702030,9702030,10004562
9702407,9702407,10004562
9703890,9703890,10004562
9704477,9704477,10004562
9704520,9704520,10004562
9705570,9705570,10004562
9707362,9707362,10004562
9708042,9708042,10004562
9708483,9708483,10004562
9708547,9708547,10004562
9709402,9709402,10004562
9709662,9709662,10004562
9709878,9709878,10004562
9710237,9710237,10004562
9710494,9710494,10004562
9710500,9710500,10004562
9710608,9710608,10004562
9711994,9711994,10004562
9712179,9712179,10004562
9712770,9712770,10004562
9712944,9712944,10004562
9713274,9713274,10004562
9713442,9713442,10004562
9715351,9715351,10004562
9715530,9715530,10004562
9716786,9716786,10004562
9717175,9717175,10004562
9717492,9717492,10004562
9717635,9717635,10004562
9718236,9718236,10004562
9718295,9718295,10004562
9718792,9718792,10004562
9718922,9718922,10004562
9719483,9719483,10004562
9719500,9719500,10004562
9719824,9719824,10004562
9720132,9720132,10004562
9720322,9720322,10004562
9720803,9720803,10004562
9722914,9722914,10004562
9723301,9723301,10004562
9723700,9723700,10004562
9723701,9723701,10004562
9724433,9724433,10004562
9725114,9725114,10004562
9726793,9726793,10004562
9727208,9727208,10004562
9727441,9727441,10004562
9727736,9727736,10004562
9727757,9727757,10004562
9727936,9727936,10004562
9728336,9728336,10004562
9728397,9728397,10004562
9728570,9728570,10004562
9728914,9728914,10004562
9729017,9729017,10004562
9729022,9729022,10004562
9729090,9729090,10004562
9729176,9729176,10004562
9729814,9729814,10004562
9731535,9731535,10004562
9732545,9732545,10004562
9732596,9732596,10004562
9733379,9733379,10004562
9733567,9733567,10004562
9734154,9734154,10004562
9734818,9734818,10004562
9736316,9736316,10004562
9736481,9736481,10004562
9736980,9736980,10004562
9737087,9737087,10004562
9738431,9738431,10004562
9739078,9739078,10004562
9739603,9739603,10004562
9740030,9740030,10004562
9740043,9740043,10004562
9740063,9740063,10004562
9740428,9740428,10004562
9740560,9740560,10004562
9740840,9740840,10004562
9740863,9740863,10004562
9740963,9740963,10004562
9741542,9741542,10004562
9741868,9741868,10004562
9742077,9742077,10004562
9743569,9743569,10004562
9744053,9744053,10004562
9744821,9744821,10004562
9746963,9746963,10004562
9747835,9747835,10004562
9748971,9748971,10004562
9750092,9750092,10004562
9750193,9750193,10004562
9750343,9750343,10004562
9750742,9750742,10004562
9750905,9750905,10004562
9751896,9751896,10004562
9753391,9753391,10004562
9754014,9754014,10004562
9754122,9754122,10004562
9754547,9754547,10004562
9754639,9754639,10004562
9755019,9755019,10004562
9755278,9755278,10004562
9755591,9755591,10004562
9755864,9755864,10004562
9756403,9756403,10004562
9757452,9757452,10004562
9757945,9757945,10004562
9759191,9759191,10004562
9759652,9759652,10004562
9760004,9760004,10004562
9760054,9760054,10004562
9760358,9760358,10004562
9760838,9760838,10004562
9761158,9761158,10004562
9761654,9761654,10004562
9761989,9761989,10004562
9762075,9762075,10004562
9763068,9763068,10004562
9763389,9763389,10004562
9763655,9763655,10004562
9764440,9764440,10004562
9764559,9764559,10004562
9764666,9764666,10004562
9764880,9764880,10004562
9765392,9765392,10004562
9766221,9766221,10004562
9766348,9766348,10004562
9766641,9766641,10004562
9766984,9766984,10004562
9767060,9767060,10004562
9767366,9767366,10004562
9767766,9767766,10004562
9767917,9767917,10004562
9768111,9768111,10004562
9769301,9769301,10004562
9769508,9769508,10004562
9769663,9769663,10004562
9770073,9770073,10004562
9770394,9770394,10004562
9770693,9770693,10004562
9771523,9771523,10004562
9772072,9772072,10004562
9774812,9774812,10004562
9775720,9775720,10004562
9776095,9776095,10004562
9777181,9777181,10004562
9777279,9777279,10004562
9778183,9778183,10004562
9779696,9779696,10004562
9779909,9779909,10004562
9780308,9780308,10004562
9781294,9781294,10004562
9782322,9782322,10004562
9782339,9782339,10004562
9782348,9782348,10004562
9782501,9782501,10004562
9783114,9783114,10004562
9784588,9784588,10004562
9785391,9785391,10004562
9786613,9786613,10004562
9786926,9786926,10004562
9787753,9787753,10004562
9788942,9788942,10004562
9788980,9788980,10004562
9788981,9788981,10004562
9789402,9789402,10004562
9789919,9789919,10004562
9789948,9789948,10004562
9790039,9790039,10004562
9790206,9790206,10004562
9790805,9790805,10004562
9791098,9791098,10004562
9791470,9791470,10004562
9792772,9792772,10004562
9793853,9793853,10004562
9793933,9793933,10004562
9794201,9794201,10004562
9794227,9794227,10004562
9795644,9795644,10004562
9795679,9795679,10004562
9796011,9796011,10004562
9796791,9796791,10004562
9797313,9797313,10004562
9798031,9798031,10004562
9799918,9799918,10004562
9799998,9799998,10004562
9801782,9801782,10004562
9801861,9801861,10004562
9802432,9802432,10004562
9803172,9803172,10004562
9803276,9803276,10004562
9803427,9803427,10004562
9805004,9805004,10004562
9805043,9805043,10004562
9805245,9805245,10004562
9805810,9805810,10004562
9806668,9806668,10004562
9807105,9807105,10004562
9807512,9807512,10004562
9809275,9809275,10004562
9809589,9809589,10004562
9810666,9810666,10004562
9811300,9811300,10004562
9811923,9811923,10004562
9812257,9812257,10004562
9812711,9812711,10004562
9812786,9812786,10004562
9812921,9812921,10004562
9813560,9813560,10004562
9815083,9815083,10004562
9815361,9815361,10004562
9816402,9816402,10004562
9816563,9816563,10004562
9817077,9817077,10004562
9817574,9817574,10004562
9818157,9818157,10004562
9818331,9818331,10004562
9818365,9818365,10004562
9818932,9818932,10004562
9819278,9819278,10004562
9819955,9819955,10004562
9820008,9820008,10004562
9820600,9820600,10004562
9821053,9821053,10004562
9821068,9821068,10004562
9821462,9821462,10004562
9821720,9821720,10004562
9822160,9822160,10004562
9824488,9824488,10004562
9824530,9824530,10004562
9825128,9825128,10004562
9825590,9825590,10004562
9826160,9826160,10004562
9827402,9827402,10004562
9827421,9827421,10004562
9827798,9827798,10004562
9828718,9828718,10004562
9828981,9828981,10004562
9829228,9829228,10004562
9829437,9829437,10004562
9829658,9829658,10004562
9829960,9829960,10004562
9830722,9830722,10004562
9831097,9831097,10004562
9832009,9832009,10004562
9832286,9832286,10004562
9832608,9832608,10004562
9834371,9834371,10004562
9835029,9835029,10004562
9835206,9835206,10004562
9835275,9835275,10004562
9836543,9836543,10004562
9836765,9836765,10004562
9837410,9837410,10004562
9838438,9838438,10004562
9838492,9838492,10004562
9840235,9840235,10004562
9841207,9841207,10004562
9841579,9841579,10004562
9841807,9841807,10004562
9841858,9841858,10004562
9841914,9841914,10004562
9842163,9842163,10004562
9842316,9842316,10004562
9843732,9843732,10004562
9845670,9845670,10004562
9846934,9846934,10004562
9847124,9847124,10004562
9847483,9847483,10004562
9847494,9847494,10004562
9847536,9847536,10004562
9847896,9847896,10004562
9847934,9847934,10004562
9848470,9848470,10004562
9848585,9848585,10004562
9849741,9849741,10004562
9851007,9851007,10004562
9851540,9851540,10004562
9851588,9851588,10004562
9852154,9852154,10004562
9852457,9852457,10004562
9852677,9852677,10004562
9852731,9852731,10004562
9852786,9852786,10004562
9853053,9853053,10004562
9854045,9854045,10004562
9854359,9854359,10004562
9855234,9855234,10004562
9856124,9856124,10004562
9856434,9856434,10004562
9856817,9856817,10004562
9857296,9857296,10004562
9857640,9857640,10004562
9859339,9859339,10004562
9859663,9859663,10004562
9859773,9859773,10004562
9860059,9860059,10004562
9860217,9860217,10004562
9861313,9861313,10004562
9862225,9862225,10004562
9862460,9862460,10004562
9862699,9862699,10004562
9862724,9862724,10004562
9863397,9863397,10004562
9863863,9863863,10004562
9864473,9864473,10004562
9864760,9864760,10004562
9865048,9865048,10004562
9866755,9866755,10004562
9866975,9866975,10004562
9868003,9868003,10004562
9868369,9868369,10004562
9869359,9869359,10004562
9870159,9870159,10004562
9870629,9870629,10004562
9871313,9871313,10004562
9871781,9871781,10004562
9871785,9871785,10004562
9872659,9872659,10004562
9874439,9874439,10004562
9874619,9874619,10004562
9875236,9875236,10004562
9875352,9875352,10004562
9875787,9875787,10004562
9876260,9876260,10004562
9876515,9876515,10004562
9878605,9878605,10004562
9878812,9878812,10004562
9880060,9880060,10004562
9880281,9880281,10004562
9880292,9880292,10004562
9881285,9881285,10004562
9881335,9881335,10004562
9883289,9883289,10004562
9884090,9884090,10004562
9884358,9884358,10004562
9884868,9884868,10004562
9885066,9885066,10004562
9886397,9886397,10004562
9886698,9886698,10004562
9886996,9886996,10004562
9887369,9887369,10004562
9887418,9887418,10004562
9887878,9887878,10004562
9888430,9888430,10004562
9888777,9888777,10004562
9888884,9888884,10004562
9889639,9889639,10004562
9890229,9890229,10004562
9891278,9891278,10004562
9891537,9891537,10004562
9892908,9892908,10004562
9894145,9894145,10004562
9895011,9895011,10004562
9895133,9895133,10004562
9896019,9896019,10004562
9897125,9897125,10004562
9897846,9897846,10004562
9898852,9898852,10004562
9899200,9899200,10004562
9900152,9900152,10004562
9900318,9900318,10004562
9900998,9900998,10004562
9901755,9901755,10004562
9901855,9901855,10004562
9902109,9902109,10004562
9902510,9902510,10004562
9902687,9902687,10004562
9903247,9903247,10004562
9904227,9904227,10004562
9904242,9904242,10004562
9904972,9904972,10004562
9905294,9905294,10004562
9905777,9905777,10004562
9906418,9906418,10004562
9906790,9906790,10004562
9906870,9906870,10004562
9907170,9907170,10004562
9907416,9907416,10004562
9907982,9907982,10004562
9908763,9908763,10004562
9908780,9908780,10004562
9910072,9910072,10004562
9910181,9910181,10004562
9911103,9911103,10004562
9911289,9911289,10004562
9911657,9911657,10004562
9911727,9911727,10004562
9911756,9911756,10004562
9911875,9911875,10004562
9911877,9911877,10004562
9913582,9913582,10004562
9914709,9914709,10004562
9914731,9914731,10004562
9914818,9914818,10004562
9914927,9914927,10004562
9915894,9915894,10004562
9916427,9916427,10004562
9916687,9916687,10004562
9917496,9917496,10004562
9917673,9917673,10004562
9918017,9918017,10004562
9918115,9918115,10004562
9918334,9918334,10004562
9919816,9919816,10004562
9921537,9921537,10004562
9921582,9921582,10004562
9921755,9921755,10004562
9922041,9922041,10004562
9922612,9922612,10004562
9923256,9923256,10004562
9923555,9923555,10004562
9923922,9923922,10004562
9924585,9924585,10004562
9926034,9926034,10004562
9926193,9926193,10004562
9926610,9926610,10004562
9926918,9926918,10004562
9926967,9926967,10004562
9927969,9927969,10004562
9928239,9928239,10004562
9929156,9929156,10004562
9929677,9929677,10004562
9930736,9930736,10004562
9930753,9930753,10004562
9931169,9931169,10004562
9931523,9931523,10004562
9932136,9932136,10004562
9932254,9932254,10004562
9932293,9932293,10004562
9932308,9932308,10004562
9933522,9933522,10004562
9933948,9933948,10004562
9934415,9934415,10004562
9934560,9934560,10004562
9935446,9935446,10004562
9936609,9936609,10004562
9937203,9937203,10004562
9938536,9938536,10004562
9939562,9939562,10004562
9939914,9939914,10004562
9939977,9939977,10004562
9941131,9941131,10004562
9941365,9941365,10004562
9941434,9941434,10004562
9941898,9941898,10004562
9942538,9942538,10004562
9943389,9943389,10004562
9944143,9944143,10004562
9944767,9944767,10004562
9944884,9944884,10004562
9945179,9945179,10004562
9945249,9945249,10004562
9945638,9945638,10004562
9945737,9945737,10004562
9946087,9946087,10004562
9946220,9946220,10004562
9946690,9946690,10004562
9947234,9947234,10004562
9947535,9947535,10004562
9947659,9947659,10004562
9947669,9947669,10004562
9948369,9948369,10004562
9948507,9948507,10004562
9949514,9949514,10004562
9949682,9949682,10004562
9950313,9950313,10004562
9950648,9950648,10004562
9950702,9950702,10004562
9950862,9950862,10004562
9950972,9950972,10004562
9951289,9951289,10004562
9951934,9951934,10004562
9952762,9952762,10004562
9953102,9953102,10004562
9954029,9954029,10004562
9954323,9954323,10004562
9954375,9954375,10004562
9954782,9954782,10004562
9954898,9954898,10004562
9955585,9955585,10004562
9956084,9956084,10004562
9956148,9956148,10004562
9957021,9957021,10004562
9958456,9958456,10004562
9959087,9959087,10004562
9959745,9959745,10004562
9961248,9961248,10004562
9962349,9962349,10004562
9963462,9963462,10004562
9963850,9963850,10004562
9964937,9964937,10004562
9964952,9964952,10004562
9964978,9964978,10004562
9965072,9965072,10004562
9965188,9965188,10004562
9965357,9965357,10004562
9966226,9966226,10004562
9967266,9967266,10004562
9967860,9967860,10004562
9968627,9968627,10004562
9968706,9968706,10004562
9968851,9968851,10004562
9970105,9970105,10004562
9970448,9970448,10004562
9972901,9972901,10004562
9973037,9973037,10004562
9973624,9973624,10004562
9973740,9973740,10004562
9974195,9974195,10004562
9974494,9974494,10004562
9975246,9975246,10004562
9975975,9975975,10004562
9976216,9976216,10004562
9976333,9976333,10004562
9976449,9976449,10004562
9976623,9976623,10004562
9977034,9977034,10004562
9977934,9977934,10004562
9977996,9977996,10004562
9979055,9979055,10004562
9979266,9979266,10004562
9979480,9979480,10004562
9979646,9979646,10004562
9979915,9979915,10004562
9981170,9981170,10004562
9981721,9981721,10004562
9982513,9982513,10004562
9982559,9982559,10004562
9982837,9982837,10004562
9983019,9983019,10004562
9983521,9983521,10004562
9983550,9983550,10004562
9983841,9983841,10004562
9984332,9984332,10004562
9984365,9984365,10004562
9984368,9984368,10004562
9984942,9984942,10004562
9985650,9985650,10004562
9985697,9985697,10004562
9985941,9985941,10004562
9986182,9986182,10004562
9987448,9987448,10004562
9987723,9987723,10004562
9987746,9987746,10004562
9987794,9987794,10004562
9987850,9987850,10004562
9988486,9988486,10004562
9988900,9988900,10004562
9989014,9989014,10004562
9989110,9989110,10004562
9989839,9989839,10004562
9990209,9990209,10004562
9990450,9990450,10004562
9991150,9991150,10004562
9991352,9991352,10004562
9992444,9992444,10004562
9993157,9993157,10004562
9993350,9993350,10004562
9994468,9994468,10004562
9994562,9994562,10004562
9994696,9994696,10004562
9995133,9995133,10004562
9995686,9995686,10004562
9995746,9995746,10004562
9996347,9996347,10004562
9996428,9996428,10004562
9996639,9996639,10004562
9996870,9996870,10004562
9997024,9997024,10004562
9997134,9997134,10004562
9997864,9997864,10004562
9998888,9998888,10004562
9999552,9999552,10004562
9999617,9999617,10004562
9999661,9999661,10004562
10000101,10000101,10004562
10000160,10000160,10004562
10000232,10000232,10004562
10000831,10000831,10004562
10000832,10000832,10004562
10001673,10001673,10004562
10001780,10001780,10004562
10001796,10001796,10004562
10001949,10001949,10004562
10002084,10002084,10004562
10002413,10002413,10004562
10003084,10003084,10004562
10003247,10003247,10004562
10003864,10003864,10004562
10003891,10003891,10004562
10004542,10004542,10004562
10005111,10005111,11973920
10005967,10005967,11973920
10006034,10006034,11973920
10006416,10006416,11973920
10007359,10007359,11973920
10008374,10008374,11973920
10010170,10010170,11973920
10010493,10010493,11973920
10012274,10012274,11973920
10012620,10012620,11973920
10014145,10014145,11973920
10014472,10014472,11973920
10016159,10016159,11973920
10016362,10016362,11973920
10016553,10016553,11973920
10016835,10016835,11973920
10017105,10017105,11973920
10017737,10017737,11973920
10018709,10018709,11973920
10018968,10018968,11973920
10019018,10019018,11973920
10019732,10019732,11973920
10020081,10020081,11973920
10020292,10020292,11973920
10020318,10020318,11973920
10020613,10020613,11973920
10021802,10021802,11973920
10022280,10022280,11973920
10022315,10022315,11973920
10022464,10022464,11973920
10023042,10023042,11973920
10023441,10023441,11973920
10023474,10023474,11973920
10025110,10025110,11973920
10025448,10025448,11973920
10028589,10028589,11973920
10028828,10028828,11973920
10029980,10029980,11973920
10030047,10030047,11973920
10030556,10030556,11973920
10031254,10031254,11973920
10031756,10031756,11973920
10031807,10031807,11973920
10032135,10032135,11973920
10032790,10032790,11973920
10032966,10032966,11973920
10033264,10033264,11973920
10033521,10033521,11973920
10033894,10033894,11973920
10033977,10033977,11973920
10035361,10035361,11973920
10035564,10035564,11973920
10036422,10036422,11973920
10037282,10037282,11973920
10037770,10037770,11973920
10038254,10038254,11973920
10038686,10038686,11973920
10039020,10039020,11973920
10039080,10039080,11973920
10039994,10039994,11973920
10040632,10040632,11973920
10040832,10040832,11973920
10041331,10041331,11973920
10041493,10041493,11973920
10041912,10041912,11973920
10042074,10042074,11973920
10042129,10042129,11973920
10042363,10042363,11973920
10042640,10042640,11973920
10043655,10043655,11973920
10044173,10044173,11973920
10044381,10044381,11973920
10044533,10044533,11973920
10044949,10044949,11973920
10045099,10045099,11973920
10045890,10045890,11973920
10046860,10046860,11973920
10047287,10047287,11973920
10047339,10047339,11973920
10047407,10047407,11973920
10047552,10047552,11973920
10048392,10048392,11973920
10048427,10048427,11973920
10048561,10048561,11973920
10048857,10048857,11973920
10049244,10049244,11973920
10050599,10050599,11973920
10050810,10050810,11973920
10052249,10052249,11973920
10053892,10053892,11973920
10055007,10055007,11973920
10055504,10055504,11973920
10056891,10056891,11973920
10057592,10057592,11973920
10058825,10058825,11973920
10058971,10058971,11973920
10059247,10059247,11973920
10059253,10059253,11973920
10060033,10060033,11973920
10060080,10060080,11973920
10060149,10060149,11973920
10060209,10060209,11973920
10061196,10061196,11973920
10061361,10061361,11973920
10061532,10061532,11973920
10062205,10062205,11973920
10063153,10063153,11973920
10063767,10063767,11973920
10064006,10064006,11973920
10064846,10064846,11973920
10065354,10065354,11973920
10065445,10065445,11973920
10065748,10065748,11973920
10065906,10065906,11973920
10066280,10066280,11973920
10066471,10066471,11973920
10066737,10066737,11973920
10066888,10066888,11973920
10067066,10067066,11973920
10067710,10067710,11973920
10067721,10067721,11973920
10068083,10068083,11973920
10068305,10068305,11973920
10068338,10068338,11973920
10068353,10068353,11973920
10068926,10068926,11973920
10069097,10069097,11973920
10069134,10069134,11973920
10070227,10070227,11973920
10070662,10070662,11973920
10071425,10071425,11973920
10071559,10071559,11973920
10072053,10072053,11973920
10072303,10072303,11973920
10073805,10073805,11973920
10076599,10076599,11973920
10077410,10077410,11973920
10077822,10077822,11973920
10078374,10078374,11973920
10078632,10078632,11973920
10079374,10079374,11973920
10079681,10079681,11973920
10079750,10079750,11973920
10079830,10079830,11973920
10081965,10081965,11973920
10083509,10083509,11973920
10084624,10084624,11973920
10084889,10084889,11973920
10085530,10085530,11973920
10085932,10085932,11973920
10086764,10086764,11973920
10087176,10087176,11973920
10088392,10088392,11973920
10088905,10088905,11973920
10089479,10089479,11973920
10089819,10089819,11973920
10089835,10089835,11973920
10089923,10089923,11973920
10090005,10090005,11973920
10090048,10090048,11973920
10090619,10090619,11973920
10091682,10091682,11973920
10092046,10092046,11973920
10092196,10092196,11973920
10092203,10092203,11973920
10092257,10092257,11973920
10092669,10092669,11973920
10092796,10092796,11973920
10095203,10095203,11973920
10095362,10095362,11973920
10095435,10095435,11973920
10095491,10095491,11973920
10095608,10095608,11973920
10095739,10095739,11973920
10095804,10095804,11973920
10096044,10096044,11973920
10096582,10096582,11973920
10097285,10097285,11973920
10098075,10098075,11973920
10098181,10098181,11973920
10098296,10098296,11973920
10099001,10099001,11973920
10100254,10100254,11973920
10101141,10101141,11973920
10102266,10102266,11973920
10102497,10102497,11973920
10102595,10102595,11973920
10102757,10102757,11973920
10102801,10102801,11973920
10103179,10103179,11973920
10103988,10103988,11973920
10104193,10104193,11973920
10104913,10104913,11973920
10105358,10105358,11973920
10106136,10106136,11973920
10106294,10106294,11973920
10106977,10106977,11973920
10107630,10107630,11973920
10107677,10107677,11973920
10108267,10108267,11973920
10109537,10109537,11973920
10109948,10109948,11973920
10109985,10109985,11973920
10109991,10109991,11973920
10110919,10110919,11973920
10111322,10111322,11973920
10112860,10112860,11973920
10113831,10113831,11973920
10114277,10114277,11973920
10114938,10114938,11973920
10114956,10114956,11973920
10117061,10117061,11973920
10117479,10117479,11973920
10118277,10118277,11973920
10118376,10118376,11973920
10119432,10119432,11973920
10119896,10119896,11973920
10120087,10120087,11973920
10120343,10120343,11973920
10121736,10121736,11973920
10121803,10121803,11973920
10122099,10122099,11973920
10122126,10122126,11973920
10122752,10122752,11973920
10122921,10122921,11973920
10123913,10123913,11973920
10127307,10127307,11973920
10127743,10127743,11973920
10128877,10128877,11973920
10129669,10129669,11973920
10130935,10130935,11973920
10131602,10131602,11973920
10132767,10132767,11973920
10132851,10132851,11973920
10133965,10133965,11973920
10135569,10135569,11973920
10136112,10136112,11973920
10137349,10137349,11973920
10137826,10137826,11973920
10138060,10138060,11973920
10138096,10138096,11973920
10138204,10138204,11973920
10138236,10138236,11973920
10139135,10139135,11973920
10139876,10139876,11973920
10140536,10140536,11973920
10140751,10140751,11973920
10140869,10140869,11973920
10141002,10141002,11973920
10141387,10141387,11973920
10142714,10142714,11973920
10143022,10143022,11973920
10143085,10143085,11973920
10143702,10143702,11973920
10144646,10144646,11973920
10144740,10144740,11973920
10144756,10144756,11973920
10145389,10145389,11973920
10145596,10145596,11973920
10145787,10145787,11973920
10145804,10145804,11973920
10146197,10146197,11973920
10146466,10146466,11973920
10146600,10146600,11973920
10146640,10146640,11973920
10146913,10146913,11973920
10146937,10146937,11973920
10147294,10147294,11973920
10147322,10147322,11973920
10147382,10147382,11973920
10147589,10147589,11973920
10147759,10147759,11973920
10148369,10148369,11973920
10149019,10149019,11973920
10149199,10149199,11973920
10149912,10149912,11973920
10150134,10150134,11973920
10151485,10151485,11973920
10152318,10152318,11973920
10152323,10152323,11973920
10154778,10154778,11973920
10155598,10155598,11973920
10156523,10156523,11973920
10157105,10157105,11973920
10157304,10157304,11973920
10157745,10157745,11973920
10158087,10158087,11973920
10158195,10158195,11973920
10158255,10158255,11973920
10158400,10158400,11973920
10158636,10158636,11973920
10159060,10159060,11973920
10159401,10159401,11973920
10159473,10159473,11973920
10159812,10159812,11973920
10159918,10159918,11973920
10160328,10160328,11973920
10161003,10161003,11973920
10161575,10161575,11973920
10162375,10162375,11973920
10162407,10162407,11973920
10162433,10162433,11973920
10162562,10162562,11973920
10163206,10163206,11973920
10163324,10163324,11973920
10163931,10163931,11973920
10164125,10164125,11973920
10164792,10164792,11973920
10164803,10164803,11973920
10165913,10165913,11973920
10165964,10165964,11973920
10166738,10166738,11973920
10167368,10167368,11973920
10167701,10167701,11973920
10168162,10168162,11973920
10168704,10168704,11973920
10168737,10168737,11973920
10168850,10168850,11973920
10169020,10169020,11973920
10169491,10169491,11973920
10169689,10169689,11973920
10169970,10169970,11973920
10170325,10170325,11973920
10170369,10170369,11973920
10170534,10170534,11973920
10170582,10170582,11973920
10170895,10170895,11973920
10171252,10171252,11973920
10171277,10171277,11973920
10172035,10172035,11973920
10172258,10172258,11973920
10173170,10173170,11973920
10174074,10174074,11973920
10174630,10174630,11973920
10174892,10174892,11973920
10175128,10175128,11973920
10175789,10175789,11973920
10177099,10177099,11973920
10177486,10177486,11973920
10177986,10177986,11973920
10178732,10178732,11973920
10179258,10179258,11973920
10179264,10179264,11973920
10179525,10179525,11973920
10180739,10180739,11973920
10181009,10181009,11973920
10181103,10181103,11973920
10181156,10181156,11973920
10181960,10181960,11973920
10181965,10181965,11973920
10182057,10182057,11973920
10182097,10182097,11973920
10184052,10184052,11973920
10184133,10184133,11973920
10184436,10184436,11973920
10185118,10185118,11973920
10185545,10185545,11973920
10185925,10185925,11973920
10186421,10186421,11973920
10187227,10187227,11973920
10189524,10189524,11973920
10189584,10189584,11973920
10190063,10190063,11973920
10192614,10192614,11973920
10192779,10192779,11973920
10192830,10192830,11973920
10193936,10193936,11973920
10194006,10194006,11973920
10194742,10194742,11973920
10194924,10194924,11973920
10196184,10196184,11973920
10196252,10196252,11973920
10196294,10196294,11973920
10196490,10196490,11973920
10197844,10197844,11973920
10198799,10198799,11973920
10199693,10199693,11973920
10199804,10199804,11973920
10199812,10199812,11973920
10200721,10200721,11973920
10201323,10201323,11973920
10202879,10202879,11973920
10203351,10203351,11973920
10203742,10203742,11973920
10203853,10203853,11973920
10203917,10203917,11973920
10203972,10203972,11973920
10204199,10204199,11973920
10204687,10204687,11973920
10205207,10205207,11973920
10206066,10206066,11973920
10206404,10206404,11973920
10206538,10206538,11973920
10206743,10206743,11973920
10206927,10206927,11973920
10207563,10207563,11973920
10207594,10207594,11973920
10208571,10208571,11973920
10209054,10209054,11973920
10209189,10209189,11973920
10209341,10209341,11973920
10209962,10209962,11973920
10210240,10210240,11973920
10210349,10210349,11973920
10210867,10210867,11973920
10211229,10211229,11973920
10211691,10211691,11973920
10211699,10211699,11973920
10212137,10212137,11973920
10212719,10212719,11973920
10213204,10213204,11973920
10213329,10213329,11973920
10213964,10213964,11973920
10214843,10214843,11973920
10216190,10216190,11973920
10216432,10216432,11973920
10216575,10216575,11973920
10217625,10217625,11973920
10218045,10218045,11973920
10218641,10218641,11973920
10218999,10218999,11973920
10219415,10219415,11973920
10220356,10220356,11973920
10220722,10220722,11973920
10221761,10221761,11973920
10222344,10222344,11973920
10223015,10223015,11973920
10224094,10224094,11973920
10224222,10224222,11973920
10224233,10224233,11973920
10225045,10225045,11973920
10225842,10225842,11973920
10226627,10226627,11973920
10226988,10226988,11973920
10228406,10228406,11973920
10229426,10229426,11973920
10229514,10229514,11973920
10229561,10229561,11973920
10229632,10229632,11973920
10230531,10230531,11973920
10231610,10231610,11973920
10232206,10232206,11973920
10232960,10232960,11973920
10233752,10233752,11973920
10233871,10233871,11973920
10234202,10234202,11973920
10234348,10234348,11973920
10234465,10234465,11973920
10234772,10234772,11973920
10234911,10234911,11973920
10235233,10235233,11973920
10235555,10235555,11973920
10235780,10235780,11973920
10236666,10236666,11973920
10237112,10237112,11973920
10237440,10237440,11973920
10237652,10237652,11973920
10237679,10237679,11973920
10237866,10237866,11973920
10238258,10238258,11973920
10238385,10238385,11973920
10239000,10239000,11973920
10239124,10239124,11973920
10239866,10239866,11973920
10239896,10239896,11973920
10240649,10240649,11973920
10240724,10240724,11973920
10240912,10240912,11973920
10241066,10241066,11973920
10241954,10241954,11973920
10242294,10242294,11973920
10242336,10242336,11973920
10242383,10242383,11973920
10242509,10242509,11973920
10242543,10242543,11973920
10243035,10243035,11973920
10243807,10243807,11973920
10243841,10243841,11973920
10244963,10244963,11973920
10245036,10245036,11973920
10245078,10245078,11973920
10245287,10245287,11973920
10245315,10245315,11973920
10245713,10245713,11973920
10247045,10247045,11973920
10247423,10247423,11973920
10247655,10247655,11973920
10247756,10247756,11973920
10248987,10248987,11973920
10249577,10249577,11973920
10249789,10249789,11973920
10250245,10250245,11973920
10250476,10250476,11973920
10250522,10250522,11973920
10250614,10250614,11973920
10250978,10250978,11973920
10251467,10251467,11973920
10252246,10252246,11973920
10252862,10252862,11973920
10253826,10253826,11973920
10253968,10253968,11973920
10254204,10254204,11973920
10254932,10254932,11973920
10254946,10254946,11973920
10255398,10255398,11973920
10255727,10255727,11973920
10256117,10256117,11973920
10256596,10256596,11973920
10257261,10257261,11973920
10257944,10257944,11973920
10257946,10257946,11973920
10258266,10258266,11973920
10258573,10258573,11973920
10259025,10259025,11973920
10259469,10259469,11973920
10260864,10260864,11973920
10261359,10261359,11973920
10261498,10261498,11973920
10261529,10261529,11973920
10261638,10261638,11973920
10262375,10262375,11973920
10262520,10262520,11973920
10262852,10262852,11973920
10262932,10262932,11973920
10262988,10262988,11973920
10263073,10263073,11973920
10263494,10263494,11973920
10263496,10263496,11973920
10264366,10264366,11973920
10264487,10264487,11973920
10264812,10264812,11973920
10264960,10264960,11973920
10265554,10265554,11973920
10265926,10265926,11973920
10266249,10266249,11973920
10266298,10266298,11973920
10266561,10266561,11973920
10267607,10267607,11973920
10268578,10268578,11973920
10268814,10268814,11973920
10268998,10268998,11973920
10269035,10269035,11973920
10269507,10269507,11973920
10269911,10269911,11973920
10269929,10269929,11973920
10270170,10270170,11973920
10270278,10270278,11973920
10270914,10270914,11973920
10271176,10271176,11973920
10271254,10271254,11973920
10271442,10271442,11973920
10271563,10271563,11973920
10272009,10272009,11973920
10272237,10272237,11973920
10272585,10272585,11973920
10274010,10274010,11973920
10274842,10274842,11973920
10276023,10276023,11973920
10276652,10276652,11973920
10277284,10277284,11973920
10277286,10277286,11973920
10279110,10279110,11973920
10280155,10280155,11973920
10280772,10280772,11973920
10281106,10281106,11973920
10281317,10281317,11973920
10281534,10281534,11973920
10281544,10281544,11973920
10281793,10281793,11973920
10281951,10281951,11973920
10281977,10281977,11973920
10282864,10282864,11973920
10283772,10283772,11973920
10284571,10284571,11973920
10284932,10284932,11973920
10285255,10285255,11973920
10285321,10285321,11973920
10285875,10285875,11973920
10285939,10285939,11973920
10286187,10286187,11973920
10286841,10286841,11973920
10286859,10286859,11973920
10287414,10287414,11973920
10287630,10287630,11973920
10288506,10288506,11973920
10288576,10288576,11973920
10288824,10288824,11973920
10289350,10289350,11973920
10290152,10290152,11973920
10290521,10290521,11973920
10292184,10292184,11973920
10292330,10292330,11973920
10293278,10293278,11973920
10293363,10293363,11973920
10294878,10294878,11973920
10295750,10295750,11973920
10295868,10295868,11973920
10297221,10297221,11973920
10297231,10297231,11973920
10297244,10297244,11973920
10297289,10297289,11973920
10297972,10297972,11973920
10298095,10298095,11973920
10298246,10298246,11973920
10298505,10298505,11973920
10298530,10298530,11973920
10299207,10299207,11973920
10300583,10300583,11973920
10300732,10300732,11973920
10300894,10300894,11973920
10302180,10302180,11973920
10302508,10302508,11973920
10302804,10302804,11973920
10302882,10302882,11973920
10303963,10303963,11973920
10304264,10304264,11973920
10304665,10304665,11973920
10305603,10305603,11973920
10305960,10305960,11973920
10306442,10306442,11973920
10306866,10306866,11973920
10307201,10307201,11973920
10307273,10307273,11973920
10307361,10307361,11973920
10307709,10307709,11973920
10307836,10307836,11973920
10309302,10309302,11973920
10309806,10309806,11973920
10309870,10309870,11973920
10310050,10310050,11973920
10312574,10312574,11973920
10313403,10313403,11973920
10314536,10314536,11973920
10314695,10314695,11973920
10314876,10314876,11973920
10316008,10316008,11973920
10316289,10316289,11973920
10317592,10317592,11973920
10319250,10319250,11973920
10320594,10320594,11973920
10320720,10320720,11973920
10320824,10320824,11973920
10321037,10321037,11973920
10321643,10321643,11973920
10321688,10321688,11973920
10321966,10321966,11973920
10322335,10322335,11973920
10323122,10323122,11973920
10323575,10323575,11973920
10324331,10324331,11973920
10324643,10324643,11973920
10324939,10324939,11973920
10325333,10325333,11973920
10325365,10325365,11973920
10325495,10325495,11973920
10325619,10325619,11973920
10326243,10326243,11973920
10326968,10326968,11973920
10327003,10327003,11973920
10327069,10327069,11973920
10327432,10327432,11973920
10328234,10328234,11973920
10328884,10328884,11973920
10329204,10329204,11973920
10330067,10330067,11973920
10330129,10330129,11973920
10330351,10330351,11973920
10330440,10330440,11973920
10331233,10331233,11973920
10331255,10331255,11973920
10331692,10331692,11973920
10332962,10332962,11973920
10333102,10333102,11973920
10334575,10334575,11973920
10335022,10335022,11973920
10335094,10335094,11973920
10335728,10335728,11973920
10335924,10335924,11973920
10336260,10336260,11973920
10336801,10336801,11973920
10336942,10336942,11973920
10337281,10337281,11973920
10337608,10337608,11973920
10338042,10338042,11973920
10338453,10338453,11973920
10338942,10338942,11973920
10339995,10339995,11973920
10340104,10340104,11973920
10340332,10340332,11973920
10340647,10340647,11973920
10341361,10341361,11973920
10342930,10342930,11973920
10343315,10343315,11973920
10343629,10343629,11973920
10344109,10344109,11973920
10344248,10344248,11973920
10344401,10344401,11973920
10344411,10344411,11973920
10344435,10344435,11973920
10344603,10344603,11973920
10345531,10345531,11973920
10345663,10345663,11973920
10345689,10345689,11973920
10347202,10347202,11973920
10347293,10347293,11973920
10347433,10347433,11973920
10349087,10349087,11973920
10349457,10349457,11973920
10351433,10351433,11973920
10351523,10351523,11973920
10351661,10351661,11973920
10352094,10352094,11973920
10352978,10352978,11973920
10353356,10353356,11973920
10353555,10353555,11973920
10353891,10353891,11973920
10355551,10355551,11973920
10355722,10355722,11973920
10355766,10355766,11973920
10356178,10356178,11973920
10356236,10356236,11973920
10356574,10356574,11973920
10357113,10357113,11973920
10357481,10357481,11973920
10357677,10357677,11973920
10357760,10357760,11973920
10358298,10358298,11973920
10358545,10358545,11973920
10358894,10358894,11973920
10360572,10360572,11973920
10360628,10360628,11973920
10360863,10360863,11973920
10361294,10361294,11973920
10362317,10362317,11973920
10362628,10362628,11973920
10362634,10362634,11973920
10363248,10363248,11973920
10363332,10363332,11973920
10363394,10363394,11973920
10364204,10364204,11973920
10364850,10364850,11973920
10365381,10365381,11973920
10365924,10365924,11973920
10366455,10366455,11973920
10366457,10366457,11973920
10366895,10366895,11973920
10367633,10367633,11973920
10367666,10367666,11973920
10367798,10367798,11973920
10368098,10368098,11973920
10368099,10368099,11973920
10368269,10368269,11973920
10368693,10368693,11973920
10369672,10369672,11973920
10370702,10370702,11973920
10372981,10372981,11973920
10373073,10373073,11973920
10373816,10373816,11973920
10374387,10374387,11973920
10374529,10374529,11973920
10374919,10374919,11973920
10375086,10375086,11973920
10375477,10375477,11973920
10376327,10376327,11973920
10376447,10376447,11973920
10377388,10377388,11973920
10377849,10377849,11973920
10378285,10378285,11973920
10378328,10378328,11973920
10379092,10379092,11973920
10379408,10379408,11973920
10379763,10379763,11973920
10379773,10379773,11973920
10381305,10381305,11973920
10381362,10381362,11973920
10381548,10381548,11973920
10382055,10382055,11973920
10382511,10382511,11973920
10382923,10382923,11973920
10382972,10382972,11973920
10384704,10384704,11973920
10384723,10384723,11973920
10384748,10384748,11973920
10384797,10384797,11973920
10384966,10384966,11973920
10385130,10385130,11973920
10385487,10385487,11973920
10385725,10385725,11973920
10385879,10385879,11973920
10385985,10385985,11973920
10386079,10386079,11973920
10386418,10386418,11973920
10386479,10386479,11973920
10386743,10386743,11973920
10387319,10387319,11973920
10387514,10387514,11973920
10388135,10388135,11973920
10390665,10390665,11973920
10391902,10391902,11973920
10392018,10392018,11973920
10393087,10393087,11973920
10393133,10393133,11973920
10393197,10393197,11973920
10394095,10394095,11973920
10394812,10394812,11973920
10395334,10395334,11973920
10395768,10395768,11973920
10396045,10396045,11973920
10396084,10396084,11973920
10397256,10397256,11973920
10397436,10397436,11973920
10397488,10397488,11973920
10397647,10397647,11973920
10398377,10398377,11973920
10398720,10398720,11973920
10398886,10398886,11973920
10399396,10399396,11973920
10400765,10400765,11973920
10402552,10402552,11973920
10402939,10402939,11973920
10403000,10403000,11973920
10403054,10403054,11973920
10403511,10403511,11973920
10403775,10403775,11973920
10403916,10403916,11973920
10403958,10403958,11973920
10403992,10403992,11973920
10405407,10405407,11973920
10405829,10405829,11973920
10407395,10407395,11973920
10407527,10407527,11973920
10408235,10408235,11973920
10409799,10409799,11973920
10410098,10410098,11973920
10410583,10410583,11973920
10411272,10411272,11973920
10412385,10412385,11973920
10413058,10413058,11973920
10413276,10413276,11973920
10414275,10414275,11973920
10415214,10415214,11973920
10415281,10415281,11973920
10416079,10416079,11973920
10417205,10417205,11973920
10417688,10417688,11973920
10417730,10417730,11973920
10417834,10417834,11973920
10418888,10418888,11973920
10419074,10419074,11973920
10419919,10419919,11973920
10420020,10420020,11973920
10420435,10420435,11973920
10421275,10421275,11973920
10421446,10421446,11973920
10421853,10421853,11973920
10422609,10422609,11973920
10423024,10423024,11973920
10424853,10424853,11973920
10426959,10426959,11973920
10427106,10427106,11973920
10427375,10427375,11973920
10427397,10427397,11973920
10427647,10427647,11973920
10428741,10428741,11973920
10429070,10429070,11973920
10430127,10430127,11973920
10430802,10430802,11973920
10430914,10430914,11973920
10431000,10431000,11973920
10431335,10431335,11973920
10431593,10431593,11973920
10432102,10432102,11973920
10432481,10432481,11973920
10432532,10432532,11973920
10432681,10432681,11973920
10432837,10432837,11973920
10432861,10432861,11973920
10434086,10434086,11973920
10434710,10434710,11973920
10435002,10435002,11973920
10435328,10435328,11973920
10436335,10436335,11973920
10436359,10436359,11973920
10436364,10436364,11973920
10436924,10436924,11973920
10437434,10437434,11973920
10437576,10437576,11973920
10437938,10437938,11973920
10438020,10438020,11973920
10438837,10438837,11973920
10439002,10439002,11973920
10439602,10439602,11973920
10439808,10439808,11973920
10441230,10441230,11973920
10441320,10441320,11973920
10441394,10441394,11973920
10441414,10441414,11973920
10441596,10441596,11973920
10441696,10441696,11973920
10442658,10442658,11973920
10442802,10442802,11973920
10443194,10443194,11973920
10443352,10443352,11973920
10444264,10444264,11973920
10444524,10444524,11973920
10444713,10444713,11973920
10445303,10445303,11973920
10445497,10445497,11973920
10445692,10445692,11973920
10447330,10447330,11973920
10447548,10447548,11973920
10447652,10447652,11973920
10448284,10448284,11973920
10448385,10448385,11973920
10448493,10448493,11973920
10449717,10449717,11973920
10450324,10450324,11973920
10450419,10450419,11973920
10451577,10451577,11973920
10451704,10451704,11973920
10451770,10451770,11973920
10452945,10452945,11973920
10453099,10453099,11973920
10453177,10453177,11973920
10453252,10453252,11973920
10453287,10453287,11973920
10453795,10453795,11973920
10453828,10453828,11973920
10453890,10453890,11973920
10454699,10454699,11973920
10456040,10456040,11973920
10456168,10456168,11973920
10456630,10456630,11973920
10457321,10457321,11973920
10458253,10458253,11973920
10458414,10458414,11973920
10459577,10459577,11973920
10461133,10461133,11973920
10461398,10461398,11973920
10461438,10461438,11973920
10462558,10462558,11973920
10462986,10462986,11973920
10462999,10462999,11973920
10463485,10463485,11973920
10463645,10463645,11973920
10463751,10463751,11973920
10464078,10464078,11973920
10464221,10464221,11973920
10464916,10464916,11973920
10466160,10466160,11973920
10466799,10466799,11973920
10466829,10466829,11973920
10467096,10467096,11973920
10467810,10467810,11973920
10467892,10467892,11973920
10468571,10468571,11973920
10469305,10469305,11973920
10469631,10469631,11973920
10469787,10469787,11973920
10469911,10469911,11973920
10470308,10470308,11973920
10470666,10470666,11973920
10471036,10471036,11973920
10471313,10471313,11973920
10471423,10471423,11973920
10472285,10472285,11973920
10472693,10472693,11973920
10473100,10473100,11973920
10473733,10473733,11973920
10473793,10473793,11973920
10475185,10475185,11973920
10475704,10475704,11973920
10476294,10476294,11973920
10476394,10476394,11973920
10477010,10477010,11973920
10477493,10477493,11973920
10478403,10478403,11973920
10478569,10478569,11973920
10478957,10478957,11973920
10479044,10479044,11973920
10479990,10479990,11973920
10480232,10480232,11973920
10480265,10480265,11973920
10480283,10480283,11973920
10480692,10480692,11973920
10481326,10481326,11973920
10481871,10481871,11973920
10482443,10482443,11973920
10483952,10483952,11973920
10484175,10484175,11973920
10484481,10484481,11973920
10484524,10484524,11973920
10485507,10485507,11973920
10486535,10486535,11973920
10486725,10486725,11973920
10487208,10487208,11973920
10488258,10488258,11973920
10488796,10488796,11973920
10489751,10489751,11973920
10491162,10491162,11973920
10491344,10491344,11973920
10491427,10491427,11973920
10491823,10491823,11973920
10492036,10492036,11973920
10493738,10493738,11973920
10495129,10495129,11973920
10495771,10495771,11973920
10495862,10495862,11973920
10496614,10496614,11973920
10497539,10497539,11973920
10498121,10498121,11973920
10499885,10499885,11973920
10502051,10502051,11973920
10502068,10502068,11973920
10502368,10502368,11973920
10502799,10502799,11973920
10503346,10503346,11973920
10504109,10504109,11973920
10504225,10504225,11973920
10504599,10504599,11973920
10506134,10506134,11973920
10506150,10506150,11973920
10506439,10506439,11973920
10506745,10506745,11973920
10506959,10506959,11973920
10506977,10506977,11973920
10507397,10507397,11973920
10508497,10508497,11973920
10509017,10509017,11973920
10509120,10509120,11973920
10509617,10509617,11973920
10510945,10510945,11973920
10511386,10511386,11973920
10511434,10511434,11973920
10511572,10511572,11973920
10511867,10511867,11973920
10513111,10513111,11973920
10514783,10514783,11973920
10514876,10514876,11973920
10515288,10515288,11973920
10515333,10515333,11973920
10515533,10515533,11973920
10515981,10515981,11973920
10515995,10515995,11973920
10516037,10516037,11973920
10517005,10517005,11973920
10517608,10517608,11973920
10517829,10517829,11973920
10517880,10517880,11973920
10518171,10518171,11973920
10518191,10518191,11973920
10518717,10518717,11973920
10518798,10518798,11973920
10518942,10518942,11973920
10519846,10519846,11973920
10519959,10519959,11973920
10520214,10520214,11973920
10520260,10520260,11973920
10521003,10521003,11973920
10521586,10521586,11973920
10522489,10522489,11973920
10522875,10522875,11973920
10523041,10523041,11973920
10524788,10524788,11973920
10524928,10524928,11973920
10525269,10525269,11973920
10525383,10525383,11973920
10525509,10525509,11973920
10525941,10525941,11973920
10526561,10526561,11973920
10527239,10527239,11973920
10527749,10527749,11973920
10528104,10528104,11973920
10528146,10528146,11973920
10529275,10529275,11973920
10529974,10529974,11973920
10530334,10530334,11973920
10530563,10530563,11973920
10531202,10531202,11973920
10531290,10531290,11973920
10532172,10532172,11973920
10532181,10532181,11973920
10532380,10532380,11973920
10533157,10533157,11973920
10534328,10534328,11973920
10534990,10534990,11973920
10535082,10535082,11973920
10535189,10535189,11973920
10535639,10535639,11973920
10536316,10536316,11973920
10536333,10536333,11973920
10536597,10536597,11973920
10536767,10536767,11973920
10537178,10537178,11973920
10537184,10537184,11973920
10537189,10537189,11973920
10537591,10537591,11973920
10537891,10537891,11973920
10538381,10538381,11973920
10539078,10539078,11973920
10539275,10539275,11973920
10540037,10540037,11973920
10540205,10540205,11973920
10540261,10540261,11973920
10540287,10540287,11973920
10540533,10540533,11973920
10541904,10541904,11973920
10543359,10543359,11973920
10543592,10543592,11973920
10544257,10544257,11973920
10544964,10544964,11973920
10546172,10546172,11973920
10546600,10546600,11973920
10546732,10546732,11973920
10547257,10547257,11973920
10547689,10547689,11973920
10547707,10547707,11973920
10548370,10548370,11973920
10548800,10548800,11973920
10549067,10549067,11973920
10549145,10549145,11973920
10549611,10549611,11973920
10549854,10549854,11973920
10550385,10550385,11973920
10551662,10551662,11973920
10551687,10551687,11973920
10551786,10551786,11973920
10553169,10553169,11973920
10554064,10554064,11973920
10554378,10554378,11973920
10554416,10554416,11973920
10554524,10554524,11973920
10554881,10554881,11973920
10556203,10556203,11973920
10556206,10556206,11973920
10556824,10556824,11973920
10556937,10556937,11973920
10557189,10557189,11973920
10558439,10558439,11973920
10558684,10558684,11973920
10558753,10558753,11973920
10559503,10559503,11973920
10559960,10559960,11973920
10560217,10560217,11973920
10560416,10560416,11973920
10561661,10561661,11973920
10561816,10561816,11973920
10562125,10562125,11973920
10562534,10562534,11973920
10563046,10563046,11973920
10563906,10563906,11973920
10563960,10563960,11973920
10564647,10564647,11973920
10565086,10565086,11973920
10565412,10565412,11973920
10566158,10566158,11973920
10566347,10566347,11973920
10566555,10566555,11973920
10566743,10566743,11973920
10567101,10567101,11973920
10567569,10567569,11973920
10567810,10567810,11973920
10568334,10568334,11973920
10568359,10568359,11973920
10568547,10568547,11973920
10568606,10568606,11973920
10569108,10569108,11973920
10569433,10569433,11973920
10569856,10569856,11973920
10570129,10570129,11973920
10573194,10573194,11973920
10573247,10573247,11973920
10574040,10574040,11973920
10574054,10574054,11973920
10574627,10574627,11973920
10575359,10575359,11973920
10575534,10575534,11973920
10576933,10576933,11973920
10577843,10577843,11973920
10577919,10577919,11973920
10578153,10578153,11973920
10578265,10578265,11973920
10578390,10578390,11973920
10579227,10579227,11973920
10579424,10579424,11973920
10579902,10579902,11973920
10579963,10579963,11973920
10581025,10581025,11973920
10582198,10582198,11973920
10582508,10582508,11973920
10583731,10583731,11973920
10584171,10584171,11973920
10584420,10584420,11973920
10584434,10584434,11973920
10584533,10584533,11973920
10584761,10584761,11973920
10585824,10585824,11973920
10586929,10586929,11973920
10587192,10587192,11973920
10587902,10587902,11973920
10588477,10588477,11973920
10588657,10588657,11973920
10589156,10589156,11973920
10589255,10589255,11973920
10590403,10590403,11973920
10590691,10590691,11973920
10590768,10590768,11973920
10591928,10591928,11973920
10591967,10591967,11973920
10592608,10592608,11973920
10592649,10592649,11973920
10592839,10592839,11973920
10594524,10594524,11973920
10595072,10595072,11973920
10595455,10595455,11973920
10595776,10595776,11973920
10596152,10596152,11973920
10596323,10596323,11973920
10599072,10599072,11973920
10599704,10599704,11973920
10599937,10599937,11973920
10599982,10599982,11973920
10601338,10601338,11973920
10601582,10601582,11973920
10602268,10602268,11973920
10602277,10602277,11973920
10602280,10602280,11973920
10603678,10603678,11973920
10603699,10603699,11973920
10603782,10603782,11973920
10603783,10603783,11973920
10604161,10604161,11973920
10605661,10605661,11973920
10606766,10606766,11973920
10608307,10608307,11973920
10608369,10608369,11973920
10609324,10609324,11973920
10609457,10609457,11973920
10609916,10609916,11973920
10611153,10611153,11973920
10611512,10611512,11973920
10611851,10611851,11973920
10612130,10612130,11973920
10612615,10612615,11973920
10612692,10612692,11973920
10612928,10612928,11973920
10613228,10613228,11973920
10613338,10613338,11973920
10613701,10613701,11973920
10615334,10615334,11973920
10615473,10615473,11973920
10615495,10615495,11973920
10615908,10615908,11973920
10616365,10616365,11973920
10616625,10616625,11973920
10617149,10617149,11973920
10617705,10617705,11973920
10617730,10617730,11973920
10617736,10617736,11973920
10618247,10618247,11973920
10618494,10618494,11973920
10618716,10618716,11973920
10618983,10618983,11973920
10619160,10619160,11973920
10619534,10619534,11973920
10620184,10620184,11973920
10620479,10620479,11973920
10620903,10620903,11973920
10621447,10621447,11973920
10621618,10621618,11973920
10621945,10621945,11973920
10622106,10622106,11973920
10622700,10622700,11973920
10622763,10622763,11973920
10622864,10622864,11973920
10623179,10623179,11973920
10623345,10623345,11973920
10623840,10623840,11973920
10623928,10623928,11973920
10625277,10625277,11973920
10625351,10625351,11973920
10626161,10626161,11973920
10626314,10626314,11973920
10626569,10626569,11973920
10626716,10626716,11973920
10628003,10628003,11973920
10628229,10628229,11973920
10628260,10628260,11973920
10628805,10628805,11973920
10629572,10629572,11973920
10630658,10630658,11973920
10630672,10630672,11973920
10630921,10630921,11973920
10631381,10631381,11973920
10631820,10631820,11973920
10631896,10631896,11973920
10632333,10632333,11973920
10633539,10633539,11973920
10633576,10633576,11973920
10633661,10633661,11973920
10633905,10633905,11973920
10634491,10634491,11973920
10634586,10634586,11973920
10634863,10634863,11973920
10634884,10634884,11973920
10635053,10635053,11973920
10635186,10635186,11973920
10635325,10635325,11973920
10635632,10635632,11973920
10635704,10635704,11973920
10635991,10635991,11973920
10636076,10636076,11973920
10636404,10636404,11973920
10636935,10636935,11973920
10637308,10637308,11973920
10637820,10637820,11973920
10638933,10638933,11973920
10639719,10639719,11973920
10640306,10640306,11973920
10640804,10640804,11973920
10641868,10641868,11973920
10641920,10641920,11973920
10642539,10642539,11973920
10642914,10642914,11973920
10643122,10643122,11973920
10643539,10643539,11973920
10643580,10643580,11973920
10643664,10643664,11973920
10643977,10643977,11973920
10644349,10644349,11973920
10644888,10644888,11973920
10644923,10644923,11973920
10645250,10645250,11973920
10645305,10645305,11973920
10645822,10645822,11973920
10646441,10646441,11973920
10646561,10646561,11973920
10647081,10647081,11973920
10648285,10648285,11973920
10648343,10648343,11973920
10648606,10648606,11973920
10648646,10648646,11973920
10649042,10649042,11973920
10649100,10649100,11973920
10650692,10650692,11973920
10651001,10651001,11973920
10651011,10651011,11973920
10651573,10651573,11973920
10652159,10652159,11973920
10652940,10652940,11973920
10653488,10653488,11973920
10653906,10653906,11973920
10654071,10654071,11973920
10655087,10655087,11973920
10655145,10655145,11973920
10655307,10655307,11973920
10655796,10655796,11973920
10655875,10655875,11973920
10656118,10656118,11973920
10656609,10656609,11973920
10657386,10657386,11973920
10657509,10657509,11973920
10658360,10658360,11973920
10658379,10658379,11973920
10658561,10658561,11973920
10658875,10658875,11973920
10658990,10658990,11973920
10659423,10659423,11973920
10659461,10659461,11973920
10659633,10659633,11973920
10660014,10660014,11973920
10660152,10660152,11973920
10661125,10661125,11973920
10661199,10661199,11973920
10662434,10662434,11973920
10662918,10662918,11973920
10665576,10665576,11973920
10666638,10666638,11973920
10666914,10666914,11973920
10666994,10666994,11973920
10667125,10667125,11973920
10668385,10668385,11973920
10668493,10668493,11973920
10668502,10668502,11973920
10670992,10670992,11973920
10671112,10671112,11973920
10671468,10671468,11973920
10672269,10672269,11973920
10672417,10672417,11973920
10672617,10672617,11973920
10672673,10672673,11973920
10672807,10672807,11973920
10674412,10674412,11973920
10674780,10674780,11973920
10675924,10675924,11973920
10675961,10675961,11973920
10676123,10676123,11973920
10676313,10676313,11973920
10676687,10676687,11973920
10676951,10676951,11973920
10677284,10677284,11973920
10677633,10677633,11973920
10677701,10677701,11973920
10677872,10677872,11973920
10677940,10677940,11973920
10677986,10677986,11973920
10678385,10678385,11973920
10678546,10678546,11973920
10680276,10680276,11973920
10680290,10680290,11973920
10680409,10680409,11973920
10680435,10680435,11973920
10680645,10680645,11973920
10681016,10681016,11973920
10681195,10681195,11973920
10682452,10682452,11973920
10683507,10683507,11973920
10684927,10684927,11973920
10685706,10685706,11973920
10686794,10686794,11973920
10687287,10687287,11973920
10687831,10687831,11973920
10688066,10688066,11973920
10688404,10688404,11973920
10688833,10688833,11973920
10689579,10689579,11973920
10690095,10690095,11973920
10690338,10690338,11973920
10691291,10691291,11973920
10691419,10691419,11973920
10691577,10691577,11973920
10692347,10692347,11973920
10693396,10693396,11973920
10693916,10693916,11973920
10693951,10693951,11973920
10694010,10694010,11973920
10694524,10694524,11973920
10694739,10694739,11973920
10695499,10695499,11973920
10696027,10696027,11973920
10697306,10697306,11973920
10697318,10697318,11973920
10697462,10697462,11973920
10697679,10697679,11973920
10697861,10697861,11973920
10698994,10698994,11973920
10699099,10699099,11973920
10699531,10699531,11973920
10699572,10699572,11973920
10699663,10699663,11973920
10700546,10700546,11973920
10701036,10701036,11973920
10701250,10701250,11973920
10702111,10702111,11973920
10702463,10702463,11973920
10703133,10703133,11973920
10703293,10703293,11973920
10703451,10703451,11973920
10704213,10704213,11973920
10704989,10704989,11973920
10705417,10705417,11973920
10705472,10705472,11973920
10705670,10705670,11973920
10705826,10705826,11973920
10705851,10705851,11973920
10706188,10706188,11973920
10706725,10706725,11973920
10707172,10707172,11973920
10708426,10708426,11973920
10709115,10709115,11973920
10709352,10709352,11973920
10709506,10709506,11973920
10710636,10710636,11973920
10710720,10710720,11973920
10710739,10710739,11973920
10711033,10711033,11973920
10711434,10711434,11973920
10711870,10711870,11973920
10711912,10711912,11973920
10711944,10711944,11973920
10714159,10714159,11973920
10715110,10715110,11973920
10715145,10715145,11973920
10715312,10715312,11973920
10715776,10715776,11973920
10715957,10715957,11973920
10717130,10717130,11973920
10717182,10717182,11973920
10717862,10717862,11973920
10718837,10718837,11973920
10720226,10720226,11973920
10721042,10721042,11973920
10721157,10721157,11973920
10721423,10721423,11973920
10722000,10722000,11973920
10723331,10723331,11973920
10724045,10724045,11973920
10724337,10724337,11973920
10724778,10724778,11973920
10724988,10724988,11973920
10725379,10725379,11973920
10725642,10725642,11973920
10725797,10725797,11973920
10726097,10726097,11973920
10726742,10726742,11973920
10727661,10727661,11973920
10727793,10727793,11973920
10727813,10727813,11973920
10729560,10729560,11973920
10729661,10729661,11973920
10730141,10730141,11973920
10730432,10730432,11973920
10731179,10731179,11973920
10731203,10731203,11973920
10732143,10732143,11973920
10732381,10732381,11973920
10733295,10733295,11973920
10733347,10733347,11973920
10733711,10733711,11973920
10734200,10734200,11973920
10734303,10734303,11973920
10734555,10734555,11973920
10735019,10735019,11973920
10736376,10736376,11973920
10736483,10736483,11973920
10736567,10736567,11973920
10736658,10736658,11973920
10736751,10736751,11973920
10737202,10737202,11973920
10737724,10737724,11973920
10738524,10738524,11973920
10739103,10739103,11973920
10739761,10739761,11973920
10740994,10740994,11973920
10741268,10741268,11973920
10742547,10742547,11973920
10742566,10742566,11973920
10743098,10743098,11973920
10743328,10743328,11973920
10744106,10744106,11973920
10744358,10744358,11973920
10744381,10744381,11973920
10744578,10744578,11973920
10745531,10745531,11973920
10745971,10745971,11973920
10746555,10746555,11973920
10747182,10747182,11973920
10747383,10747383,11973920
10748707,10748707,11973920
10748873,10748873,11973920
10749362,10749362,11973920
10751410,10751410,11973920
10751900,10751900,11973920
10752179,10752179,11973920
10752258,10752258,11973920
10752583,10752583,11973920
10753123,10753123,11973920
10754451,10754451,11973920
10754972,10754972,11973920
10755056,10755056,11973920
10755225,10755225,11973920
10755247,10755247,11973920
10755725,10755725,11973920
10755873,10755873,11973920
10756050,10756050,11973920
10756494,10756494,11973920
10757014,10757014,11973920
10757017,10757017,11973920
10757215,10757215,11973920
10759795,10759795,11973920
10760199,10760199,11973920
10760559,10760559,11973920
10761884,10761884,11973920
10761927,10761927,11973920
10762207,10762207,11973920
10764985,10764985,11973920
10765401,10765401,11973920
10765904,10765904,11973920
10765965,10765965,11973920
10767321,10767321,11973920
10768124,10768124,11973920
10768751,10768751,11973920
10768773,10768773,11973920
10768990,10768990,11973920
10770420,10770420,11973920
10771630,10771630,11973920
10771673,10771673,11973920
10772692,10772692,11973920
10772816,10772816,11973920
10773055,10773055,11973920
10773497,10773497,11973920
10773922,10773922,11973920
10775103,10775103,11973920
10775511,10775511,11973920
10776429,10776429,11973920
10777668,10777668,11973920
10779276,10779276,11973920
10779395,10779395,11973920
10780006,10780006,11973920
10780072,10780072,11973920
10780103,10780103,11973920
10780114,10780114,11973920
10780488,10780488,11973920
10781154,10781154,11973920
10781260,10781260,11973920
10781610,10781610,11973920
10782922,10782922,11973920
10783010,10783010,11973920
10783855,10783855,11973920
10783885,10783885,11973920
10784682,10784682,11973920
10784755,10784755,11973920
10784774,10784774,11973920
10784833,10784833,11973920
10785347,10785347,11973920
10786676,10786676,11973920
10786678,10786678,11973920
10787402,10787402,11973920
10787893,10787893,11973920
10788757,10788757,11973920
10789384,10789384,11973920
10789705,10789705,11973920
10789856,10789856,11973920
10790502,10790502,11973920
10790852,10790852,11973920
10791396,10791396,11973920
10792617,10792617,11973920
10793298,10793298,11973920
10793362,10793362,11973920
10793390,10793390,11973920
10794219,10794219,11973920
10794460,10794460,11973920
10794743,10794743,11973920
10795232,10795232,11973920
10795306,10795306,11973920
10795548,10795548,11973920
10796125,10796125,11973920
10796246,10796246,11973920
10796546,10796546,11973920
10796987,10796987,11973920
10797119,10797119,11973920
10797265,10797265,11973920
10798044,10798044,11973920
10798599,10798599,11973920
10798634,10798634,11973920
10799943,10799943,11973920
10800328,10800328,11973920
10800548,10800548,11973920
10800932,10800932,11973920
10801008,10801008,11973920
10801189,10801189,11973920
10802614,10802614,11973920
10802715,10802715,11973920
10803586,10803586,11973920
10803750,10803750,11973920
10804085,10804085,11973920
10804724,10804724,11973920
10804770,10804770,11973920
10804838,10804838,11973920
10805699,10805699,11973920
10805754,10805754,11973920
10805791,10805791,11973920
10805892,10805892,11973920
10806033,10806033,11973920
10806428,10806428,11973920
10807407,10807407,11973920
10807719,10807719,11973920
10808001,10808001,11973920
10808291,10808291,11973920
10808362,10808362,11973920
10808808,10808808,11973920
10808909,10808909,11973920
10809406,10809406,11973920
10811197,10811197,11973920
10812007,10812007,11973920
10812012,10812012,11973920
10812024,10812024,11973920
10813110,10813110,11973920
10814815,10814815,11973920
10816129,10816129,11973920
10817114,10817114,11973920
10817991,10817991,11973920
10819244,10819244,11973920
10819322,10819322,11973920
10819466,10819466,11973920
10819863,10819863,11973920
10819886,10819886,11973920
10820105,10820105,11973920
10820415,10820415,11973920
10820706,10820706,11973920
10821944,10821944,11973920
10822382,10822382,11973920
10823883,10823883,11973920
10823970,10823970,11973920
10823992,10823992,11973920
10828263,10828263,11973920
10828501,10828501,11973920
10828950,10828950,11973920
10831190,10831190,11973920
10832613,10832613,11973920
10832773,10832773,11973920
10834678,10834678,11973920
10836694,10836694,11973920
10837227,10837227,11973920
10838497,10838497,11973920
10838694,10838694,11973920
10838737,10838737,11973920
10838995,10838995,11973920
10840064,10840064,11973920
10840344,10840344,11973920
10841252,10841252,11973920
10841310,10841310,11973920
10841381,10841381,11973920
10842866,10842866,11973920
10842924,10842924,11973920
10843285,10843285,11973920
10844269,10844269,11973920
10845441,10845441,11973920
10845640,10845640,11973920
10846443,10846443,11973920
10847335,10847335,11973920
10847342,10847342,11973920
10847968,10847968,11973920
10848662,10848662,11973920
10849006,10849006,11973920
10849977,10849977,11973920
10850321,10850321,11973920
10850527,10850527,11973920
10851885,10851885,11973920
10851951,10851951,11973920
10852757,10852757,11973920
10853013,10853013,11973920
10853249,10853249,11973920
10853862,10853862,11973920
10854220,10854220,11973920
10854478,10854478,11973920
10855317,10855317,11973920
10855643,10855643,11973920
10856340,10856340,11973920
10856848,10856848,11973920
10857182,10857182,11973920
10857302,10857302,11973920
10857495,10857495,11973920
10858201,10858201,11973920
10859410,10859410,11973920
10859414,10859414,11973920
10859490,10859490,11973920
10859510,10859510,11973920
10860381,10860381,11973920
10860526,10860526,11973920
10860889,10860889,11973920
10860985,10860985,11973920
10861271,10861271,11973920
10861630,10861630,11973920
10862964,10862964,11973920
10863446,10863446,11973920
10863480,10863480,11973920
10863666,10863666,11973920
10863958,10863958,11973920
10864301,10864301,11973920
10865044,10865044,11973920
10865061,10865061,11973920
10865103,10865103,11973920
10865152,10865152,11973920
10865164,10865164,11973920
10865345,10865345,11973920
10865807,10865807,11973920
10865936,10865936,11973920
10866113,10866113,11973920
10866918,10866918,11973920
10868995,10868995,11973920
10869050,10869050,11973920
10869250,10869250,11973920
10869574,10869574,11973920
10870520,10870520,11973920
10870655,10870655,11973920
10871500,10871500,11973920
10871615,10871615,11973920
10871821,10871821,11973920
10872393,10872393,11973920
10873026,10873026,11973920
10873276,10873276,11973920
10873616,10873616,11973920
10873966,10873966,11973920
10874772,10874772,11973920
10876126,10876126,11973920
10876286,10876286,11973920
10876630,10876630,11973920
10877044,10877044,11973920
10879262,10879262,11973920
10879514,10879514,11973920
10879517,10879517,11973920
10880009,10880009,11973920
10880507,10880507,11973920
10880675,10880675,11973920
10880784,10880784,11973920
10881149,10881149,11973920
10881308,10881308,11973920
10881376,10881376,11973920
10881460,10881460,11973920
10881700,10881700,11973920
10882566,10882566,11973920
10882657,10882657,11973920
10883043,10883043,11973920
10883184,10883184,11973920
10883399,10883399,11973920
10883623,10883623,11973920
10883648,10883648,11973920
10883906,10883906,11973920
10884231,10884231,11973920
10884392,10884392,11973920
10884775,10884775,11973920
10884914,10884914,11973920
10884939,10884939,11973920
10885000,10885000,11973920
10885315,10885315,11973920
10885555,10885555,11973920
10887788,10887788,11973920
10888293,10888293,11973920
10891076,10891076,11973920
10891208,10891208,11973920
10891264,10891264,11973920
10892616,10892616,11973920
10893511,10893511,11973920
10893661,10893661,11973920
10894250,10894250,11973920
10895905,10895905,11973920
10895972,10895972,11973920
10896329,10896329,11973920
10897141,10897141,11973920
10897150,10897150,11973920
10898028,10898028,11973920
10898916,10898916,11973920
10899947,10899947,11973920
10900530,10900530,11973920
10900550,10900550,11973920
10901317,10901317,11973920
10901331,10901331,11973920
10901362,10901362,11973920
10903028,10903028,11973920
10903075,10903075,11973920
10903282,10903282,11973920
10905070,10905070,11973920
10905556,10905556,11973920
10906245,10906245,11973920
10906584,10906584,11973920
10906809,10906809,11973920
10907319,10907319,11973920
10908519,10908519,11973920
10908711,10908711,11973920
10909565,10909565,11973920
10909604,10909604,11973920
10911187,10911187,11973920
10911419,10911419,11973920
10911985,10911985,11973920
10912525,10912525,11973920
10912700,10912700,11973920
10912716,10912716,11973920
10913246,10913246,11973920
10913583,10913583,11973920
10914464,10914464,11973920
10914542,10914542,11973920
10914776,10914776,11973920
10915024,10915024,11973920
10915956,10915956,11973920
10916489,10916489,11973920
10916520,10916520,11973920
10916718,10916718,11973920
10916720,10916720,11973920
10916868,10916868,11973920
10917081,10917081,11973920
10917167,10917167,11973920
10918262,10918262,11973920
10918574,10918574,11973920
10918722,10918722,11973920
10919380,10919380,11973920
10920607,10920607,11973920
10920913,10920913,11973920
10921080,10921080,11973920
10921216,10921216,11973920
10921318,10921318,11973920
10922659,10922659,11973920
10922739,10922739,11973920
10922916,10922916,11973920
10923570,10923570,11973920
10923968,10923968,11973920
10924135,10924135,11973920
10924318,10924318,11973920
10925287,10925287,11973920
10925492,10925492,11973920
10926374,10926374,11973920
10926514,10926514,11973920
10927183,10927183,11973920
10927490,10927490,11973920
10927962,10927962,11973920
10928037,10928037,11973920
10928108,10928108,11973920
10928272,10928272,11973920
10929021,10929021,11973920
10929394,10929394,11973920
10931511,10931511,11973920
10931570,10931570,11973920
10931882,10931882,11973920
10932183,10932183,11973920
10932407,10932407,11973920
10933855,10933855,11973920
10934166,10934166,11973920
10935054,10935054,11973920
10935256,10935256,11973920
10935379,10935379,11973920
10935391,10935391,11973920
10935400,10935400,11973920
10935927,10935927,11973920
10936204,10936204,11973920
10936390,10936390,11973920
10936754,10936754,11973920
10937891,10937891,11973920
10939355,10939355,11973920
10939606,10939606,11973920
10941254,10941254,11973920
10941660,10941660,11973920
10941679,10941679,11973920
10942409,10942409,11973920
10943599,10943599,11973920
10943774,10943774,11973920
10944695,10944695,11973920
10944703,10944703,11973920
10944716,10944716,11973920
10945378,10945378,11973920
10945751,10945751,11973920
10945815,10945815,11973920
10945933,10945933,11973920
10946314,10946314,11973920
10947240,10947240,11973920
10949109,10949109,11973920
10949135,10949135,11973920
10949701,10949701,11973920
10951165,10951165,11973920
10951270,10951270,11973920
10951413,10951413,11973920
10951492,10951492,11973920
10952180,10952180,11973920
10952637,10952637,11973920
10953433,10953433,11973920
10955440,10955440,11973920
10958207,10958207,11973920
10958363,10958363,11973920
10961612,10961612,11973920
10962229,10962229,11973920
10962344,10962344,11973920
10962500,10962500,11973920
10962995,10962995,11973920
10963377,10963377,11973920
10964260,10964260,11973920
10964720,10964720,11973920
10965501,10965501,11973920
10965519,10965519,11973920
10965649,10965649,11973920
10967818,10967818,11973920
10967950,10967950,11973920
10968367,10968367,11973920
10968661,10968661,11973920
10968869,10968869,11973920
10969767,10969767,11973920
10969918,10969918,11973920
10970233,10970233,11973920
10971815,10971815,11973920
10972056,10972056,11973920
10972390,10972390,11973920
10972679,10972679,11973920
10972757,10972757,11973920
10972838,10972838,11973920
10972984,10972984,11973920
10973732,10973732,11973920
10974298,10974298,11973920
10974430,10974430,11973920
10974621,10974621,11973920
10975361,10975361,11973920
10975525,10975525,11973920
10976288,10976288,11973920
10977067,10977067,11973920
10977580,10977580,11973920
10977599,10977599,11973920
10977665,10977665,11973920
10978119,10978119,11973920
10978535,10978535,11973920
10978695,10978695,11973920
10978950,10978950,11973920
10980188,10980188,11973920
10981034,10981034,11973920
10981677,10981677,11973920
10984138,10984138,11973920
10984324,10984324,11973920
10984984,10984984,11973920
10985518,10985518,11973920
10986369,10986369,11973920
10986594,10986594,11973920
10986612,10986612,11973920
10986647,10986647,11973920
10986745,10986745,11973920
10987713,10987713,11973920
10987785,10987785,11973920
10989200,10989200,11973920
10989872,10989872,11973920
10991131,10991131,11973920
10991699,10991699,11973920
10992720,10992720,11973920
10993403,10993403,11973920
10994615,10994615,11973920
10996403,10996403,11973920
10996405,10996405,11973920
10996571,10996571,11973920
10996830,10996830,11973920
10997133,10997133,11973920
10998318,10998318,11973920
10998612,10998612,11973920
10998992,10998992,11973920
11001556,11001556,11973920
11002097,11002097,11973920
11003504,11003504,11973920
11005255,11005255,11973920
11005630,11005630,11973920
11005942,11005942,11973920
11006540,11006540,11973920
11007865,11007865,11973920
11008093,11008093,11973920
11008320,11008320,11973920
11008323,11008323,11973920
11008731,11008731,11973920
11009336,11009336,11973920
11009466,11009466,11973920
11010009,11010009,11973920
11010049,11010049,11973920
11010628,11010628,11973920
11011457,11011457,11973920
11013407,11013407,11973920
11013588,11013588,11973920
11013835,11013835,11973920
11014654,11014654,11973920
11014791,11014791,11973920
11015368,11015368,11973920
11016250,11016250,11973920
11016402,11016402,11973920
11016455,11016455,11973920
11017175,11017175,11973920
11017878,11017878,11973920
11018302,11018302,11973920
11018361,11018361,11973920
11018541,11018541,11973920
11020993,11020993,11973920
11021231,11021231,11973920
11021617,11021617,11973920
11021711,11021711,11973920
11021784,11021784,11973920
11021844,11021844,11973920
11022021,11022021,11973920
11023517,11023517,11973920
11024539,11024539,11973920
11024944,11024944,11973920
11025421,11025421,11973920
11025471,11025471,11973920
11026321,11026321,11973920
11026330,11026330,11973920
11026961,11026961,11973920
11027449,11027449,11973920
11027504,11027504,11973920
11029967,11029967,11973920
11030500,11030500,11973920
11030847,11030847,11973920
11031894,11031894,11973920
11031944,11031944,11973920
11031945,11031945,11973920
11032038,11032038,11973920
11033916,11033916,11973920
11033962,11033962,11973920
11034310,11034310,11973920
11034654,11034654,11973920
11034730,11034730,11973920
11035300,11035300,11973920
11036375,11036375,11973920
11036598,11036598,11973920
11036693,11036693,11973920
11036899,11036899,11973920
11036966,11036966,11973920
11037032,11037032,11973920
11037203,11037203,11973920
11037228,11037228,11973920
11037997,11037997,11973920
11038726,11038726,11973920
11039852,11039852,11973920
11040283,11040283,11973920
11040299,11040299,11973920
11040330,11040330,11973920
11040495,11040495,11973920
11040976,11040976,11973920
11041604,11041604,11973920
11042475,11042475,11973920
11042908,11042908,11973920
11044454,11044454,11973920
11044570,11044570,11973920
11045148,11045148,11973920
11046744,11046744,11973920
11046828,11046828,11973920
11046972,11046972,11973920
11047871,11047871,11973920
11048868,11048868,11973920
11048970,11048970,11973920
11049244,11049244,11973920
11049325,11049325,11973920
11049558,11049558,11973920
11049765,11049765,11973920
11051172,11051172,11973920
11051393,11051393,11973920
11052291,11052291,11973920
11052343,11052343,11973920
11052513,11052513,11973920
11052527,11052527,11973920
11055029,11055029,11973920
11055039,11055039,11973920
11055317,11055317,11973920
11055469,11055469,11973920
11055855,11055855,11973920
11056765,11056765,11973920
11056915,11056915,11973920
11057515,11057515,11973920
11057654,11057654,11973920
11059719,11059719,11973920
11060004,11060004,11973920
11060727,11060727,11973920
11061125,11061125,11973920
11061332,11061332,11973920
11062513,11062513,11973920
11062629,11062629,11973920
11063331,11063331,11973920
11063448,11063448,11973920
11063693,11063693,11973920
11064316,11064316,11973920
11064610,11064610,11973920
11065679,11065679,11973920
11066084,11066084,11973920
11066674,11066674,11973920
11066958,11066958,11973920
11068309,11068309,11973920
11068590,11068590,11973920
11068657,11068657,11973920
11069071,11069071,11973920
11069380,11069380,11973920
11069744,11069744,11973920
11070113,11070113,11973920
11070628,11070628,11973920
11070630,11070630,11973920
11071135,11071135,11973920
11072620,11072620,11973920
11073024,11073024,11973920
11073085,11073085,11973920
11073219,11073219,11973920
11073236,11073236,11973920
11073661,11073661,11973920
11074990,11074990,11973920
11075059,11075059,11973920
11075578,11075578,11973920
11075631,11075631,11973920
11075661,11075661,11973920
11075853,11075853,11973920
11075992,11075992,11973920
11076076,11076076,11973920
11078690,11078690,11973920
11079805,11079805,11973920
11079887,11079887,11973920
11080259,11080259,11973920
11080923,11080923,11973920
11081224,11081224,11973920
11081806,11081806,11973920
11081998,11081998,11973920
11082361,11082361,11973920
11083086,11083086,11973920
11083487,11083487,11973920
11083660,11083660,11973920
11084277,11084277,11973920
11084300,11084300,11973920
11084613,11084613,11973920
11085197,11085197,11973920
11085326,11085326,11973920
11085994,11085994,11973920
11087288,11087288,11973920
11088614,11088614,11973920
11088675,11088675,11973920
11088807,11088807,11973920
11089383,11089383,11973920
11090013,11090013,11973920
11090674,11090674,11973920
11092816,11092816,11973920
11092977,11092977,11973920
11093078,11093078,11973920
11093697,11093697,11973920
11094003,11094003,11973920
11094132,11094132,11973920
11094257,11094257,11973920
11094383,11094383,11973920
11095412,11095412,11973920
11095650,11095650,11973920
11096201,11096201,11973920
11096221,11096221,11973920
11096707,11096707,11973920
11096740,11096740,11973920
11097309,11097309,11973920
11097848,11097848,11973920
11098609,11098609,11973920
11099167,11099167,11973920
11099374,11099374,11973920
11100085,11100085,11973920
11100432,11100432,11973920
11100450,11100450,11973920
11100792,11100792,11973920
11102643,11102643,11973920
11103335,11103335,11973920
11103424,11103424,11973920
11103493,11103493,11973920
11103831,11103831,11973920
11104167,11104167,11973920
11104268,11104268,11973920
11104742,11104742,11973920
11105155,11105155,11973920
11105630,11105630,11973920
11105661,11105661,11973920
11106088,11106088,11973920
11106322,11106322,11973920
11106719,11106719,11973920
11106780,11106780,11973920
11107098,11107098,11973920
11107140,11107140,11973920
11107280,11107280,11973920
11107812,11107812,11973920
11108018,11108018,11973920
11108191,11108191,11973920
11109773,11109773,11973920
11110265,11110265,11973920
11110917,11110917,11973920
11111780,11111780,11973920
11112210,11112210,11973920
11112782,11112782,11973920
11112863,11112863,11973920
11113003,11113003,11973920
11113151,11113151,11973920
11114376,11114376,11973920
11115250,11115250,11973920
11116252,11116252,11973920
11116279,11116279,11973920
11116791,11116791,11973920
11117077,11117077,11973920
11117134,11117134,11973920
11117189,11117189,11973920
11117410,11117410,11973920
11118306,11118306,11973920
11118345,11118345,11973920
11118558,11118558,11973920
11118613,11118613,11973920
11118652,11118652,11973920
11118935,11118935,11973920
11118954,11118954,11973920
11119598,11119598,11973920
11119628,11119628,11973920
11119635,11119635,11973920
11120288,11120288,11973920
11120332,11120332,11973920
11120379,11120379,11973920
11120512,11120512,11973920
11122137,11122137,11973920
11122519,11122519,11973920
11123006,11123006,11973920
11123131,11123131,11973920
11124139,11124139,11973920
11124427,11124427,11973920
11124534,11124534,11973920
11125347,11125347,11973920
11126395,11126395,11973920
11127011,11127011,11973920
11127045,11127045,11973920
11127061,11127061,11973920
11127616,11127616,11973920
11128214,11128214,11973920
11129262,11129262,11973920
11129402,11129402,11973920
11130004,11130004,11973920
11130238,11130238,11973920
11130521,11130521,11973920
11131915,11131915,11973920
11132155,11132155,11973920
11132521,11132521,11973920
11132792,11132792,11973920
11133154,11133154,11973920
11133584,11133584,11973920
11134113,11134113,11973920
11134283,11134283,11973920
11134336,11134336,11973920
11134724,11134724,11973920
11135047,11135047,11973920
11135779,11135779,11973920
11136018,11136018,11973920
11136443,11136443,11973920
11136725,11136725,11973920
11137818,11137818,11973920
11137937,11137937,11973920
11138661,11138661,11973920
11138935,11138935,11973920
11139852,11139852,11973920
11140424,11140424,11973920
11141147,11141147,11973920
11141775,11141775,11973920
11141860,11141860,11973920
11141975,11141975,11973920
11142022,11142022,11973920
11142159,11142159,11973920
11142943,11142943,11973920
11143223,11143223,11973920
11143766,11143766,11973920
11143892,11143892,11973920
11144509,11144509,11973920
11145064,11145064,11973920
11145198,11145198,11973920
11145872,11145872,11973920
11147176,11147176,11973920
11147353,11147353,11973920
11147387,11147387,11973920
11147502,11147502,11973920
11148610,11148610,11973920
11148860,11148860,11973920
11149223,11149223,11973920
11149355,11149355,11973920
11149581,11149581,11973920
11149794,11149794,11973920
11149897,11149897,11973920
11149902,11149902,11973920
11149997,11149997,11973920
11150715,11150715,11973920
11150907,11150907,11973920
11152950,11152950,11973920
11153093,11153093,11973920
11153175,11153175,11973920
11153413,11153413,11973920
11153435,11153435,11973920
11153581,11153581,11973920
11156310,11156310,11973920
11156509,11156509,11973920
11156714,11156714,11973920
11157038,11157038,11973920
11157473,11157473,11973920
11157646,11157646,11973920
11158331,11158331,11973920
11158945,11158945,11973920
11159777,11159777,11973920
11160712,11160712,11973920
11160866,11160866,11973920
11161702,11161702,11973920
11162581,11162581,11973920
11163840,11163840,11973920
11164076,11164076,11973920
11164175,11164175,11973920
11164451,11164451,11973920
11164692,11164692,11973920
11164864,11164864,11973920
11165220,11165220,11973920
11166725,11166725,11973920
11167260,11167260,11973920
11167627,11167627,11973920
11168023,11168023,11973920
11168316,11168316,11973920
11168814,11168814,11973920
11169255,11169255,11973920
11169841,11169841,11973920
11170019,11170019,11973920
11170476,11170476,11973920
11170749,11170749,11973920
11171567,11171567,11973920
11171815,11171815,11973920
11171834,11171834,11973920
11173885,11173885,11973920
11174880,11174880,11973920
11175332,11175332,11973920
11175473,11175473,11973920
11176931,11176931,11973920
11177350,11177350,11973920
11177381,11177381,11973920
11178044,11178044,11973920
11178354,11178354,11973920
11178663,11178663,11973920
11179608,11179608,11973920
11179670,11179670,11973920
11179991,11179991,11973920
11180925,11180925,11973920
11181296,11181296,11973920
11181739,11181739,11973920
11182373,11182373,11973920
11182828,11182828,11973920
11183006,11183006,11973920
11183250,11183250,11973920
11183374,11183374,11973920
11183658,11183658,11973920
11184169,11184169,11973920
11185432,11185432,11973920
11185490,11185490,11973920
11185578,11185578,11973920
11185757,11185757,11973920
11186611,11186611,11973920
11186707,11186707,11973920
11186785,11186785,11973920
11187592,11187592,11973920
11188115,11188115,11973920
11188129,11188129,11973920
11188503,11188503,11973920
11188959,11188959,11973920
11189555,11189555,11973920
11190103,11190103,11973920
11191397,11191397,11973920
11191844,11191844,11973920
11193098,11193098,11973920
11194200,11194200,11973920
11194256,11194256,11973920
11194767,11194767,11973920
11195983,11195983,11973920
11196071,11196071,11973920
11196322,11196322,11973920
11196543,11196543,11973920
11196942,11196942,11973920
11197083,11197083,11973920
11197439,11197439,11973920
11197840,11197840,11973920
11198713,11198713,11973920
11199281,11199281,11973920
11199372,11199372,11973920
11199806,11199806,11973920
11201134,11201134,11973920
11201444,11201444,11973920
11201470,11201470,11973920
11202400,11202400,11973920
11203209,11203209,11973920
11203296,11203296,11973920
11203479,11203479,11973920
11203868,11203868,11973920
11203975,11203975,11973920
11204340,11204340,11973920
11204989,11204989,11973920
11206081,11206081,11973920
11206183,11206183,11973920
11206642,11206642,11973920
11206710,11206710,11973920
11208750,11208750,11973920
11208998,11208998,11973920
11209268,11209268,11973920
11209589,11209589,11973920
11210143,11210143,11973920
11210635,11210635,11973920
11210697,11210697,11973920
11210747,11210747,11973920
11210782,11210782,11973920
11211805,11211805,11973920
11211905,11211905,11973920
11211935,11211935,11973920
11212471,11212471,11973920
11212970,11212970,11973920
11213234,11213234,11973920
11213901,11213901,11973920
11214048,11214048,11973920
11214699,11214699,11973920
11215134,11215134,11973920
11215148,11215148,11973920
11215499,11215499,11973920
11216946,11216946,11973920
11217618,11217618,11973920
11217757,11217757,11973920
11218161,11218161,11973920
11218195,11218195,11973920
11219194,11219194,11973920
11220106,11220106,11973920
11220266,11220266,11973920
11220663,11220663,11973920
11221211,11221211,11973920
11221224,11221224,11973920
11221359,11221359,11973920
11221400,11221400,11973920
11223602,11223602,11973920
11223894,11223894,11973920
11224281,11224281,11973920
11224443,11224443,11973920
11225849,11225849,11973920
11226286,11226286,11973920
11227018,11227018,11973920
11227040,11227040,11973920
11227527,11227527,11973920
11227861,11227861,11973920
11228605,11228605,11973920
11228634,11228634,11973920
11229170,11229170,11973920
11229496,11229496,11973920
11229816,11229816,11973920
11230254,11230254,11973920
11230418,11230418,11973920
11231046,11231046,11973920
11231179,11231179,11973920
11232789,11232789,11973920
11233438,11233438,11973920
11235150,11235150,11973920
11235587,11235587,11973920
11235635,11235635,11973920
11235847,11235847,11973920
11236070,11236070,11973920
11236129,11236129,11973920
11236995,11236995,11973920
11238463,11238463,11973920
11239021,11239021,11973920
11239183,11239183,11973920
11239223,11239223,11973920
11239458,11239458,11973920
11239528,11239528,11973920
11239637,11239637,11973920
11239958,11239958,11973920
11240425,11240425,11973920
11240994,11240994,11973920
11241235,11241235,11973920
11241289,11241289,11973920
11242316,11242316,11973920
11242432,11242432,11973920
11242910,11242910,11973920
11243370,11243370,11973920
11243752,11243752,11973920
11243760,11243760,11973920
11243812,11243812,11973920
11243912,11243912,11973920
11243984,11243984,11973920
11244117,11244117,11973920
11244814,11244814,11973920
11244901,11244901,11973920
11245839,11245839,11973920
11246037,11246037,11973920
11246861,11246861,11973920
11247828,11247828,11973920
11247891,11247891,11973920
11248496,11248496,11973920
11249365,11249365,11973920
11249924,11249924,11973920
11250301,11250301,11973920
11250322,11250322,11973920
11250625,11250625,11973920
11250721,11250721,11973920
11250832,11250832,11973920
11251518,11251518,11973920
11251614,11251614,11973920
11252028,11252028,11973920
11252079,11252079,11973920
11252472,11252472,11973920
11253709,11253709,11973920
11253902,11253902,11973920
11254197,11254197,11973920
11254351,11254351,11973920
11254730,11254730,11973920
11256598,11256598,11973920
11257180,11257180,11973920
11257717,11257717,11973920
11258170,11258170,11973920
11258260,11258260,11973920
11258799,11258799,11973920
11259368,11259368,11973920
11259423,11259423,11973920
11259696,11259696,11973920
11259832,11259832,11973920
11259852,11259852,11973920
11261162,11261162,11973920
11261246,11261246,11973920
11261781,11261781,11973920
11262059,11262059,11973920
11262587,11262587,11973920
11262739,11262739,11973920
11263857,11263857,11973920
11264164,11264164,11973920
11264276,11264276,11973920
11264851,11264851,11973920
11265034,11265034,11973920
11265378,11265378,11973920
11265511,11265511,11973920
11265789,11265789,11973920
11265828,11265828,11973920
11265910,11265910,11973920
11266250,11266250,11973920
11266453,11266453,11973920
11266799,11266799,11973920
11266948,11266948,11973920
11266983,11266983,11973920
11267579,11267579,11973920
11267694,11267694,11973920
11268140,11268140,11973920
11268306,11268306,11973920
11268319,11268319,11973920
11268361,11268361,11973920
11268697,11268697,11973920
11269085,11269085,11973920
11269120,11269120,11973920
11269370,11269370,11973920
11269628,11269628,11973920
11272614,11272614,11973920
11273771,11273771,11973920
11276283,11276283,11973920
11276366,11276366,11973920
11276488,11276488,11973920
11276640,11276640,11973920
11277131,11277131,11973920
11278265,11278265,11973920
11278351,11278351,11973920
11280029,11280029,11973920
11280241,11280241,11973920
11280300,11280300,11973920
11280403,11280403,11973920
11280668,11280668,11973920
11280788,11280788,11973920
11280959,11280959,11973920
11282014,11282014,11973920
11282769,11282769,11973920
11283051,11283051,11973920
11283054,11283054,11973920
11283280,11283280,11973920
11283629,11283629,11973920
11283742,11283742,11973920
11283854,11283854,11973920
11284227,11284227,11973920
11284243,11284243,11973920
11286099,11286099,11973920
11286939,11286939,11973920
11287988,11287988,11973920
11288120,11288120,11973920
11288853,11288853,11973920
11291517,11291517,11973920
11291519,11291519,11973920
11291944,11291944,11973920
11293838,11293838,11973920
11293894,11293894,11973920
11294836,11294836,11973920
11294901,11294901,11973920
11295135,11295135,11973920
11295510,11295510,11973920
11295843,11295843,11973920
11296069,11296069,11973920
11297346,11297346,11973920
11297474,11297474,11973920
11298241,11298241,11973920
11298742,11298742,11973920
11298937,11298937,11973920
11299031,11299031,11973920
11299307,11299307,11973920
11299339,11299339,11973920
11299389,11299389,11973920
11299502,11299502,11973920
11299675,11299675,11973920
11300275,11300275,11973920
11301493,11301493,11973920
11302066,11302066,11973920
11302559,11302559,11973920
11302606,11302606,11973920
11302749,11302749,11973920
11303137,11303137,11973920
11304463,11304463,11973920
11304740,11304740,11973920
11305811,11305811,11973920
11305893,11305893,11973920
11306386,11306386,11973920
11306599,11306599,11973920
11307362,11307362,11973920
11307649,11307649,11973920
11308301,11308301,11973920
11309730,11309730,11973920
11310392,11310392,11973920
11310538,11310538,11973920
11311228,11311228,11973920
11312126,11312126,11973920
11312835,11312835,11973920
11313153,11313153,11973920
11313349,11313349,11973920
11314045,11314045,11973920
11314170,11314170,11973920
11314259,11314259,11973920
11314524,11314524,11973920
11314595,11314595,11973920
11314834,11314834,11973920
11315004,11315004,11973920
11315004,11315004,11973920
11315240,11315240,11973920
11315291,11315291,11973920
11315794,11315794,11973920
11316142,11316142,11973920
11316362,11316362,11973920
11316555,11316555,11973920
11317096,11317096,11973920
11319057,11319057,11973920
11319530,11319530,11973920
11319614,11319614,11973920
11319831,11319831,11973920
11319876,11319876,11973920
11320151,11320151,11973920
11320561,11320561,11973920
11320636,11320636,11973920
11320648,11320648,11973920
11320898,11320898,11973920
11321133,11321133,11973920
11321515,11321515,11973920
11322122,11322122,11973920
11322174,11322174,11973920
11323374,11323374,11973920
11323471,11323471,11973920
11323546,11323546,11973920
11324869,11324869,11973920
11325191,11325191,11973920
11325520,11325520,11973920
11325564,11325564,11973920
11326200,11326200,11973920
11327377,11327377,11973920
11327896,11327896,11973920
11329790,11329790,11973920
11329820,11329820,11973920
11330357,11330357,11973920
11330512,11330512,11973920
11332738,11332738,11973920
11333298,11333298,11973920
11333941,11333941,11973920
11334263,11334263,11973920
11334789,11334789,11973920
11334973,11334973,11973920
11335071,11335071,11973920
11335312,11335312,11973920
11335705,11335705,11973920
11335822,11335822,11973920
11335857,11335857,11973920
11335921,11335921,11973920
11335954,11335954,11973920
11336944,11336944,11973920
11337515,11337515,11973920
11338110,11338110,11973920
11338146,11338146,11973920
11338406,11338406,11973920
11338979,11338979,11973920
11340140,11340140,11973920
11341518,11341518,11973920
11341802,11341802,11973920
11342484,11342484,11973920
11343111,11343111,11973920
11343394,11343394,11973920
11343971,11343971,11973920
11344511,11344511,11973920
11344548,11344548,11973920
11344872,11344872,11973920
11346475,11346475,11973920
11346897,11346897,11973920
11347633,11347633,11973920
11347826,11347826,11973920
11348218,11348218,11973920
11350049,11350049,11973920
11350503,11350503,11973920
11350895,11350895,11973920
11351602,11351602,11973920
11351905,11351905,11973920
11352204,11352204,11973920
11352210,11352210,11973920
11352292,11352292,11973920
11352348,11352348,11973920
11352792,11352792,11973920
11352894,11352894,11973920
11353084,11353084,11973920
11353086,11353086,11973920
11353434,11353434,11973920
11354102,11354102,11973920
11354116,11354116,11973920
11354226,11354226,11973920
11354304,11354304,11973920
11354378,11354378,11973920
11354572,11354572,11973920
11354730,11354730,11973920
11354781,11354781,11973920
11354922,11354922,11973920
11355180,11355180,11973920
11355644,11355644,11973920
11355661,11355661,11973920
11356026,11356026,11973920
11356146,11356146,11973920
11356685,11356685,11973920
11356797,11356797,11973920
11356847,11356847,11973920
11356854,11356854,11973920
11357467,11357467,11973920
11357506,11357506,11973920
11358103,11358103,11973920
11358284,11358284,11973920
11359827,11359827,11973920
11359979,11359979,11973920
11360166,11360166,11973920
11360400,11360400,11973920
11360529,11360529,11973920
11360749,11360749,11973920
11361494,11361494,11973920
11363237,11363237,11973920
11363651,11363651,11973920
11364521,11364521,11973920
11364550,11364550,11973920
11364795,11364795,11973920
11366115,11366115,11973920
11366218,11366218,11973920
11366339,11366339,11973920
11366518,11366518,11973920
11366898,11366898,11973920
11367434,11367434,11973920
11367646,11367646,11973920
11368410,11368410,11973920
11370271,11370271,11973920
11371133,11371133,11973920
11371609,11371609,11973920
11372000,11372000,11973920
11372046,11372046,11973920
11374680,11374680,11973920
11375046,11375046,11973920
11375430,11375430,11973920
11375474,11375474,11973920
11375482,11375482,11973920
11375594,11375594,11973920
11375651,11375651,11973920
11375903,11375903,11973920
11375980,11375980,11973920
11376541,11376541,11973920
11376859,11376859,11973920
11376905,11376905,11973920
11376977,11376977,11973920
11377602,11377602,11973920
11378896,11378896,11973920
11379077,11379077,11973920
11379873,11379873,11973920
11380254,11380254,11973920
11380391,11380391,11973920
11380966,11380966,11973920
11381175,11381175,11973920
11381259,11381259,11973920
11381845,11381845,11973920
11382302,11382302,11973920
11382421,11382421,11973920
11384035,11384035,11973920
11384257,11384257,11973920
11384309,11384309,11973920
11384787,11384787,11973920
11385233,11385233,11973920
11385905,11385905,11973920
11386888,11386888,11973920
11387049,11387049,11973920
11387165,11387165,11973920
11387633,11387633,11973920
11389149,11389149,11973920
11389703,11389703,11973920
11390253,11390253,11973920
11390317,11390317,11973920
11390993,11390993,11973920
11391098,11391098,11973920
11392529,11392529,11973920
11393114,11393114,11973920
11394198,11394198,11973920
11394218,11394218,11973920
11394289,11394289,11973920
11395062,11395062,11973920
11395220,11395220,11973920
11395266,11395266,11973920
11395867,11395867,11973920
11396065,11396065,11973920
11396376,11396376,11973920
11396617,11396617,11973920
11397597,11397597,11973920
11397769,11397769,11973920
11398160,11398160,11973920
11398408,11398408,11973920
11399000,11399000,11973920
11399829,11399829,11973920
11400335,11400335,11973920
11400649,11400649,11973920
11400742,11400742,11973920
11401360,11401360,11973920
11401634,11401634,11973920
11403959,11403959,11973920
11404102,11404102,11973920
11404121,11404121,11973920
11404267,11404267,11973920
11404499,11404499,11973920
11405328,11405328,11973920
11405593,11405593,11973920
11405954,11405954,11973920
11406377,11406377,11973920
11406400,11406400,11973920
11406806,11406806,11973920
11407270,11407270,11973920
11407510,11407510,11973920
11407786,11407786,11973920
11408146,11408146,11973920
11409638,11409638,11973920
11410118,11410118,11973920
11410516,11410516,11973920
11411109,11411109,11973920
11411965,11411965,11973920
11412263,11412263,11973920
11412709,11412709,11973920
11412806,11412806,11973920
11413221,11413221,11973920
11413384,11413384,11973920
11414026,11414026,11973920
11414109,11414109,11973920
11414412,11414412,11973920
11415270,11415270,11973920
11415352,11415352,11973920
11415619,11415619,11973920
11416103,11416103,11973920
11416560,11416560,11973920
11416589,11416589,11973920
11416883,11416883,11973920
11417465,11417465,11973920
11418325,11418325,11973920
11419014,11419014,11973920
11419150,11419150,11973920
11419212,11419212,11973920
11419963,11419963,11973920
11421800,11421800,11973920
11422887,11422887,11973920
11423956,11423956,11973920
11424555,11424555,11973920
11424889,11424889,11973920
11425412,11425412,11973920
11426297,11426297,11973920
11426886,11426886,11973920
11427363,11427363,11973920
11427737,11427737,11973920
11428263,11428263,11973920
11428321,11428321,11973920
11428487,11428487,11973920
11428504,11428504,11973920
11428583,11428583,11973920
11430629,11430629,11973920
11430835,11430835,11973920
11432225,11432225,11973920
11432841,11432841,11973920
11433006,11433006,11973920
11434602,11434602,11973920
11434906,11434906,11973920
11435864,11435864,11973920
11436040,11436040,11973920
11437459,11437459,11973920
11439886,11439886,11973920
11439924,11439924,11973920
11440393,11440393,11973920
11441680,11441680,11973920
11441796,11441796,11973920
11443113,11443113,11973920
11443661,11443661,11973920
11443825,11443825,11973920
11444217,11444217,11973920
11445174,11445174,11973920
11445966,11445966,11973920
11446729,11446729,11973920
11447896,11447896,11973920
11448234,11448234,11973920
11448238,11448238,11973920
11448379,11448379,11973920
11448490,11448490,11973920
11448572,11448572,11973920
11449771,11449771,11973920
11450560,11450560,11973920
11451053,11451053,11973920
11451387,11451387,11973920
11451907,11451907,11973920
11451937,11451937,11973920
11452254,11452254,11973920
11453103,11453103,11973920
11453602,11453602,11973920
11453648,11453648,11973920
11454403,11454403,11973920
11454715,11454715,11973920
11454764,11454764,11973920
11455813,11455813,11973920
11456741,11456741,11973920
11457585,11457585,11973920
11457779,11457779,11973920
11458083,11458083,11973920
11458396,11458396,11973920
11458428,11458428,11973920
11458454,11458454,11973920
11458661,11458661,11973920
11459110,11459110,11973920
11459137,11459137,11973920
11459253,11459253,11973920
11459443,11459443,11973920
11460042,11460042,11973920
11460060,11460060,11973920
11460632,11460632,11973920
11460694,11460694,11973920
11462362,11462362,11973920
11462540,11462540,11973920
11463626,11463626,11973920
11464462,11464462,11973920
11465971,11465971,11973920
11466211,11466211,11973920
11466296,11466296,11973920
11466384,11466384,11973920
11466548,11466548,11973920
11467736,11467736,11973920
11467912,11467912,11973920
11468367,11468367,11973920
11468794,11468794,11973920
11469033,11469033,11973920
11469901,11469901,11973920
11469996,11469996,11973920
11470411,11470411,11973920
11471717,11471717,11973920
11471783,11471783,11973920
11471817,11471817,11973920
11471979,11471979,11973920
11472476,11472476,11973920
11472909,11472909,11973920
11475076,11475076,11973920
11475442,11475442,11973920
11475983,11475983,11973920
11476137,11476137,11973920
11476325,11476325,11973920
11478097,11478097,11973920
11478485,11478485,11973920
11479006,11479006,11973920
11479167,11479167,11973920
11479389,11479389,11973920
11479411,11479411,11973920
11481268,11481268,11973920
11481330,11481330,11973920
11481639,11481639,11973920
11481698,11481698,11973920
11481966,11481966,11973920
11483231,11483231,11973920
11483380,11483380,11973920
11483988,11483988,11973920
11484267,11484267,11973920
11484592,11484592,11973920
11484706,11484706,11973920
11484753,11484753,11973920
11485414,11485414,11973920
11485576,11485576,11973920
11485965,11485965,11973920
11486704,11486704,11973920
11487224,11487224,11973920
11487956,11487956,11973920
11488198,11488198,11973920
11488414,11488414,11973920
11488454,11488454,11973920
11488820,11488820,11973920
11489225,11489225,11973920
11489599,11489599,11973920
11489774,11489774,11973920
11490307,11490307,11973920
11490365,11490365,11973920
11490403,11490403,11973920
11490702,11490702,11973920
11491261,11491261,11973920
11491280,11491280,11973920
11491322,11491322,11973920
11491413,11491413,11973920
11492638,11492638,11973920
11493145,11493145,11973920
11494275,11494275,11973920
11494838,11494838,11973920
11495166,11495166,11973920
11495690,11495690,11973920
11495693,11495693,11973920
11496353,11496353,11973920
11497988,11497988,11973920
11498165,11498165,11973920
11498392,11498392,11973920
11498636,11498636,11973920
11499645,11499645,11973920
11499971,11499971,11973920
11500161,11500161,11973920
11500194,11500194,11973920
11501206,11501206,11973920
11502165,11502165,11973920
11502274,11502274,11973920
11502518,11502518,11973920
11502538,11502538,11973920
11502637,11502637,11973920
11503241,11503241,11973920
11503580,11503580,11973920
11504017,11504017,11973920
11504356,11504356,11973920
11504410,11504410,11973920
11504850,11504850,11973920
11506152,11506152,11973920
11506625,11506625,11973920
11506926,11506926,11973920
11507933,11507933,11973920
11509042,11509042,11973920
11509185,11509185,11973920
11510977,11510977,11973920
11511476,11511476,11973920
11513969,11513969,11973920
11514273,11514273,11973920
11514640,11514640,11973920
11518997,11518997,11973920
11519646,11519646,11973920
11519829,11519829,11973920
11519859,11519859,11973920
11520248,11520248,11973920
11520480,11520480,11973920
11520597,11520597,11973920
11520807,11520807,11973920
11520874,11520874,11973920
11521152,11521152,11973920
11521363,11521363,11973920
11521383,11521383,11973920
11521535,11521535,11973920
11521960,11521960,11973920
11522805,11522805,11973920
11523030,11523030,11973920
11523842,11523842,11973920
11524039,11524039,11973920
11525438,11525438,11973920
11525586,11525586,11973920
11525900,11525900,11973920
11526174,11526174,11973920
11526495,11526495,11973920
11526508,11526508,11973920
11526585,11526585,11973920
11527903,11527903,11973920
11528713,11528713,11973920
11528813,11528813,11973920
11528850,11528850,11973920
11530714,11530714,11973920
11531624,11531624,11973920
11532535,11532535,11973920
11533255,11533255,11973920
11533263,11533263,11973920
11533284,11533284,11973920
11534438,11534438,11973920
11534587,11534587,11973920
11535893,11535893,11973920
11536097,11536097,11973920
11536436,11536436,11973920
11537200,11537200,11973920
11537489,11537489,11973920
11537737,11537737,11973920
11540901,11540901,11973920
11540909,11540909,11973920
11541057,11541057,11973920
11541243,11541243,11973920
11541445,11541445,11973920
11542287,11542287,11973920
11542808,11542808,11973920
11542947,11542947,11973920
11543918,11543918,11973920
11543924,11543924,11973920
11544240,11544240,11973920
11544817,11544817,11973920
11545012,11545012,11973920
11545053,11545053,11973920
11545805,11545805,11973920
11545979,11545979,11973920
11546173,11546173,11973920
11546365,11546365,11973920
11547769,11547769,11973920
11548239,11548239,11973920
11549199,11549199,11973920
11549372,11549372,11973920
11549626,11549626,11973920
11549640,11549640,11973920
11549842,11549842,11973920
11549969,11549969,11973920
11551668,11551668,11973920
11551770,11551770,11973920
11552609,11552609,11973920
11552722,11552722,11973920
11553283,11553283,11973920
11553490,11553490,11973920
11553833,11553833,11973920
11554595,11554595,11973920
11554871,11554871,11973920
11554953,11554953,11973920
11555122,11555122,11973920
11555137,11555137,11973920
11555141,11555141,11973920
11555169,11555169,11973920
11555399,11555399,11973920
11555567,11555567,11973920
11555729,11555729,11973920
11555744,11555744,11973920
11556094,11556094,11973920
11556901,11556901,11973920
11557186,11557186,11973920
11557313,11557313,11973920
11558259,11558259,11973920
11558416,11558416,11973920
11559558,11559558,11973920
11559827,11559827,11973920
11559925,11559925,11973920
11560115,11560115,11973920
11560939,11560939,11973920
11561580,11561580,11973920
11561888,11561888,11973920
11562268,11562268,11973920
11563532,11563532,11973920
11564117,11564117,11973920
11565528,11565528,11973920
11565531,11565531,11973920
11565859,11565859,11973920
11565881,11565881,11973920
11566069,11566069,11973920
11566119,11566119,11973920
11566226,11566226,11973920
11566322,11566322,11973920
11568357,11568357,11973920
11569244,11569244,11973920
11569683,11569683,11973920
11570527,11570527,11973920
11571278,11571278,11973920
11573438,11573438,11973920
11573707,11573707,11973920
11574102,11574102,11973920
11574159,11574159,11973920
11574810,11574810,11973920
11575118,11575118,11973920
11575379,11575379,11973920
11576722,11576722,11973920
11576968,11576968,11973920
11577447,11577447,11973920
11577954,11577954,11973920
11579910,11579910,11973920
11580113,11580113,11973920
11580616,11580616,11973920
11580811,11580811,11973920
11582435,11582435,11973920
11582458,11582458,11973920
11583041,11583041,11973920
11583940,11583940,11973920
11584527,11584527,11973920
11584614,11584614,11973920
11584651,11584651,11973920
11585433,11585433,11973920
11585576,11585576,11973920
11586413,11586413,11973920
11586933,11586933,11973920
11587272,11587272,11973920
11587988,11587988,11973920
11588223,11588223,11973920
11588237,11588237,11973920
11588738,11588738,11973920
11589140,11589140,11973920
11589254,11589254,11973920
11589264,11589264,11973920
11589862,11589862,11973920
11590332,11590332,11973920
11590629,11590629,11973920
11591434,11591434,11973920
11591805,11591805,11973920
11592644,11592644,11973920
11592707,11592707,11973920
11593771,11593771,11973920
11594907,11594907,11973920
11594979,11594979,11973920
11595211,11595211,11973920
11595391,11595391,11973920
11595876,11595876,11973920
11595878,11595878,11973920
11598380,11598380,11973920
11599036,11599036,11973920
11599555,11599555,11973920
11599952,11599952,11973920
11600982,11600982,11973920
11601044,11601044,11973920
11601052,11601052,11973920
11601502,11601502,11973920
11601576,11601576,11973920
11601931,11601931,11973920
11602224,11602224,11973920
11602588,11602588,11973920
11602840,11602840,11973920
11603282,11603282,11973920
11603458,11603458,11973920
11603612,11603612,11973920
11603612,11603612,11973920
11604255,11604255,11973920
11604854,11604854,11973920
11605764,11605764,11973920
11606635,11606635,11973920
11606887,11606887,11973920
11607237,11607237,11973920
11607373,11607373,11973920
11607391,11607391,11973920
11607496,11607496,11973920
11607860,11607860,11973920
11608339,11608339,11973920
11608341,11608341,11973920
11608537,11608537,11973920
11611543,11611543,11973920
11612294,11612294,11973920
11612671,11612671,11973920
11612787,11612787,11973920
11613317,11613317,11973920
11613769,11613769,11973920
11614859,11614859,11973920
11615176,11615176,11973920
11615269,11615269,11973920
11615379,11615379,11973920
11615653,11615653,11973920
11617797,11617797,11973920
11619427,11619427,11973920
11621034,11621034,11973920
11623400,11623400,11973920
11623641,11623641,11973920
11623742,11623742,11973920
11623993,11623993,11973920
11625343,11625343,11973920
11625536,11625536,11973920
11626185,11626185,11973920
11626464,11626464,11973920
11626625,11626625,11973920
11626977,11626977,11973920
11627455,11627455,11973920
11627582,11627582,11973920
11627962,11627962,11973920
11627977,11627977,11973920
11628158,11628158,11973920
11628495,11628495,11973920
11629196,11629196,11973920
11629310,11629310,11973920
11629625,11629625,11973920
11629818,11629818,11973920
11630468,11630468,11973920
11630482,11630482,11973920
11630745,11630745,11973920
11631360,11631360,11973920
11631406,11631406,11973920
11631529,11631529,11973920
11631818,11631818,11973920
11632438,11632438,11973920
11633905,11633905,11973920
11634759,11634759,11973920
11635827,11635827,11973920
11636256,11636256,11973920
11636269,11636269,11973920
11636498,11636498,11973920
11637925,11637925,11973920
11638629,11638629,11973920
11638969,11638969,11973920
11639808,11639808,11973920
11641378,11641378,11973920
11641451,11641451,11973920
11642341,11642341,11973920
11643050,11643050,11973920
11643595,11643595,11973920
11643651,11643651,11973920
11643833,11643833,11973920
11644359,11644359,11973920
11645229,11645229,11973920
11645519,11645519,11973920
11645570,11645570,11973920
11646228,11646228,11973920
11646831,11646831,11973920
11647876,11647876,11973920
11647943,11647943,11973920
11648723,11648723,11973920
11648794,11648794,11973920
11649368,11649368,11973920
11652017,11652017,11973920
11652210,11652210,11973920
11652461,11652461,11973920
11652520,11652520,11973920
11652863,11652863,11973920
11653498,11653498,11973920
11653659,11653659,11973920
11655130,11655130,11973920
11655691,11655691,11973920
11657035,11657035,11973920
11657239,11657239,11973920
11658221,11658221,11973920
11658983,11658983,11973920
11659623,11659623,11973920
11659777,11659777,11973920
11660745,11660745,11973920
11661761,11661761,11973920
11662168,11662168,11973920
11663156,11663156,11973920
11663278,11663278,11973920
11664063,11664063,11973920
11664208,11664208,11973920
11664342,11664342,11973920
11664680,11664680,11973920
11664948,11664948,11973920
11665095,11665095,11973920
11665154,11665154,11973920
11665421,11665421,11973920
11665592,11665592,11973920
11666549,11666549,11973920
11666798,11666798,11973920
11667735,11667735,11973920
11669177,11669177,11973920
11669404,11669404,11973920
11669517,11669517,11973920
11669827,11669827,11973920
11669906,11669906,11973920
11671291,11671291,11973920
11672435,11672435,11973920
11672623,11672623,11973920
11675163,11675163,11973920
11675700,11675700,11973920
11675895,11675895,11973920
11675923,11675923,11973920
11676305,11676305,11973920
11676509,11676509,11973920
11677302,11677302,11973920
11678513,11678513,11973920
11679027,11679027,11973920
11679286,11679286,11973920
11679325,11679325,11973920
11679699,11679699,11973920
11680206,11680206,11973920
11680812,11680812,11973920
11681017,11681017,11973920
11681940,11681940,11973920
11682040,11682040,11973920
11682742,11682742,11973920
11682798,11682798,11973920
11683200,11683200,11973920
11684264,11684264,11973920
11686196,11686196,11973920
11686624,11686624,11973920
11686937,11686937,11973920
11687251,11687251,11973920
11687778,11687778,11973920
11687936,11687936,11973920
11688406,11688406,11973920
11688869,11688869,11973920
11689182,11689182,11973920
11690047,11690047,11973920
11690089,11690089,11973920
11691515,11691515,11973920
11692254,11692254,11973920
11692714,11692714,11973920
11693066,11693066,11973920
11693173,11693173,11973920
11693838,11693838,11973920
11694733,11694733,11973920
11695473,11695473,11973920
11695578,11695578,11973920
11695964,11695964,11973920
11697225,11697225,11973920
11697633,11697633,11973920
11697874,11697874,11973920
11698118,11698118,11973920
11698590,11698590,11973920
11700373,11700373,11973920
11701051,11701051,11973920
11701091,11701091,11973920
11701364,11701364,11973920
11701424,11701424,11973920
11701587,11701587,11973920
11702911,11702911,11973920
11705205,11705205,11973920
11705903,11705903,11973920
11706126,11706126,11973920
11706230,11706230,11973920
11706957,11706957,11973920
11707133,11707133,11973920
11707528,11707528,11973920
11707812,11707812,11973920
11707826,11707826,11973920
11708425,11708425,11973920
11708905,11708905,11973920
11709723,11709723,11973920
11710498,11710498,11973920
11710503,11710503,11973920
11711358,11711358,11973920
11711998,11711998,11973920
11712563,11712563,11973920
11713220,11713220,11973920
11713312,11713312,11973920
11713453,11713453,11973920
11713984,11713984,11973920
11714097,11714097,11973920
11714830,11714830,11973920
11714929,11714929,11973920
11715286,11715286,11973920
11715948,11715948,11973920
11717666,11717666,11973920
11718628,11718628,11973920
11719075,11719075,11973920
11719684,11719684,11973920
11721473,11721473,11973920
11721953,11721953,11973920
11722413,11722413,11973920
11722613,11722613,11973920
11722710,11722710,11973920
11724061,11724061,11973920
11724234,11724234,11973920
11726511,11726511,11973920
11726713,11726713,11973920
11727386,11727386,11973920
11727909,11727909,11973920
11728150,11728150,11973920
11728612,11728612,11973920
11728930,11728930,11973920
11730870,11730870,11973920
11731167,11731167,11973920
11731773,11731773,11973920
11732270,11732270,11973920
11733093,11733093,11973920
11733172,11733172,11973920
11733854,11733854,11973920
11733933,11733933,11973920
11734157,11734157,11973920
11734373,11734373,11973920
11735179,11735179,11973920
11736838,11736838,11973920
11736859,11736859,11973920
11737818,11737818,11973920
11738163,11738163,11973920
11738663,11738663,11973920
11739036,11739036,11973920
11739071,11739071,11973920
11739095,11739095,11973920
11739189,11739189,11973920
11739859,11739859,11973920
11740897,11740897,11973920
11741399,11741399,11973920
11742466,11742466,11973920
11743020,11743020,11973920
11743077,11743077,11973920
11743536,11743536,11973920
11743870,11743870,11973920
11744429,11744429,11973920
11745237,11745237,11973920
11746313,11746313,11973920
11746826,11746826,11973920
11747774,11747774,11973920
11748038,11748038,11973920
11748108,11748108,11973920
11748604,11748604,11973920
11748742,11748742,11973920
11749059,11749059,11973920
11749801,11749801,11973920
11750233,11750233,11973920
11750571,11750571,11973920
11751378,11751378,11973920
11751546,11751546,11973920
11751586,11751586,11973920
11751915,11751915,11973920
11752036,11752036,11973920
11752107,11752107,11973920
11752260,11752260,11973920
11752674,11752674,11973920
11752790,11752790,11973920
11752791,11752791,11973920
11753644,11753644,11973920
11754057,11754057,11973920
11754342,11754342,11973920
11754699,11754699,11973920
11755096,11755096,11973920
11755327,11755327,11973920
11755337,11755337,11973920
11755483,11755483,11973920
11755811,11755811,11973920
11756048,11756048,11973920
11756325,11756325,11973920
11756399,11756399,11973920
11756906,11756906,11973920
11758061,11758061,11973920
11758230,11758230,11973920
11758613,11758613,11973920
11758892,11758892,11973920
11759303,11759303,11973920
11759534,11759534,11973920
11759896,11759896,11973920
11760038,11760038,11973920
11761192,11761192,11973920
11761455,11761455,11973920
11761781,11761781,11973920
11762578,11762578,11973920
11762723,11762723,11973920
11762775,11762775,11973920
11762829,11762829,11973920
11763386,11763386,11973920
11765004,11765004,11973920
11765251,11765251,11973920
11765814,11765814,11973920
11766014,11766014,11973920
11766688,11766688,11973920
11767342,11767342,11973920
11768891,11768891,11973920
11769235,11769235,11973920
11769298,11769298,11973920
11770029,11770029,11973920
11772680,11772680,11973920
11772716,11772716,11973920
11773592,11773592,11973920
11773784,11773784,11973920
11774665,11774665,11973920
11774787,11774787,11973920
11775054,11775054,11973920
11775259,11775259,11973920
11776361,11776361,11973920
11776488,11776488,11973920
11776962,11776962,11973920
11777211,11777211,11973920
11777373,11777373,11973920
11778570,11778570,11973920
11778803,11778803,11973920
11778965,11778965,11973920
11780621,11780621,11973920
11781153,11781153,11973920
11781863,11781863,11973920
11782083,11782083,11973920
11782610,11782610,11973920
11783369,11783369,11973920
11783495,11783495,11973920
11784130,11784130,11973920
11784325,11784325,11973920
11784434,11784434,11973920
11785130,11785130,11973920
11785453,11785453,11973920
11785470,11785470,11973920
11785561,11785561,11973920
11785842,11785842,11973920
11786029,11786029,11973920
11786305,11786305,11973920
11786435,11786435,11973920
11786649,11786649,11973920
11787669,11787669,11973920
11788827,11788827,11973920
11788852,11788852,11973920
11789236,11789236,11973920
11789313,11789313,11973920
11789335,11789335,11973920
11789951,11789951,11973920
11790785,11790785,11973920
11792442,11792442,11973920
11793481,11793481,11973920
11793710,11793710,11973920
11794177,11794177,11973920
11795564,11795564,11973920
11797948,11797948,11973920
11798126,11798126,11973920
11798203,11798203,11973920
11800245,11800245,11973920
11800912,11800912,11973920
11800990,11800990,11973920
11801297,11801297,11973920
11801814,11801814,11973920
11801853,11801853,11973920
11802594,11802594,11973920
11803944,11803944,11973920
11804268,11804268,11973920
11804866,11804866,11973920
11804943,11804943,11973920
11805278,11805278,11973920
11805499,11805499,11973920
11805861,11805861,11973920
11806116,11806116,11973920
11807020,11807020,11973920
11807495,11807495,11973920
11807671,11807671,11973920
11807790,11807790,11973920
11807852,11807852,11973920
11808482,11808482,11973920
11808818,11808818,11973920
11809563,11809563,11973920
11809658,11809658,11973920
11809995,11809995,11973920
11810617,11810617,11973920
11810756,11810756,11973920
11811119,11811119,11973920
11811247,11811247,11973920
11811362,11811362,11973920
11812576,11812576,11973920
11812905,11812905,11973920
11813837,11813837,11973920
11814208,11814208,11973920
11814376,11814376,11973920
11814721,11814721,11973920
11815122,11815122,11973920
11815291,11815291,11973920
11816640,11816640,11973920
11816976,11816976,11973920
11817330,11817330,11973920
11817430,11817430,11973920
11817847,11817847,11973920
11818783,11818783,11973920
11818940,11818940,11973920
11819095,11819095,11973920
11819491,11819491,11973920
11819946,11819946,11973920
11820308,11820308,11973920
11820433,11820433,11973920
11820718,11820718,11973920
11821408,11821408,11973920
11821591,11821591,11973920
11821766,11821766,11973920
11821876,11821876,11973920
11821894,11821894,11973920
11821929,11821929,11973920
11822688,11822688,11973920
11822983,11822983,11973920
11825222,11825222,11973920
11825493,11825493,11973920
11825670,11825670,11973920
11825802,11825802,11973920
11826010,11826010,11973920
11826618,11826618,11973920
11827595,11827595,11973920
11829170,11829170,11973920
11829568,11829568,11973920
11829892,11829892,11973920
11830563,11830563,11973920
11830924,11830924,11973920
11831282,11831282,11973920
11831289,11831289,11973920
11832545,11832545,11973920
11833331,11833331,11973920
11833563,11833563,11973920
11834340,11834340,11973920
11834434,11834434,11973920
11834687,11834687,11973920
11835382,11835382,11973920
11835390,11835390,11973920
11835792,11835792,11973920
11835925,11835925,11973920
11836068,11836068,11973920
11836577,11836577,11973920
11836788,11836788,11973920
11837440,11837440,11973920
11837460,11837460,11973920
11837747,11837747,11973920
11838092,11838092,11973920
11838219,11838219,11973920
11838491,11838491,11973920
11838508,11838508,11973920
11838736,11838736,11973920
11839678,11839678,11973920
11839704,11839704,11973920
11839718,11839718,11973920
11841526,11841526,11973920
11842042,11842042,11973920
11842585,11842585,11973920
11842607,11842607,11973920
11843117,11843117,11973920
11843354,11843354,11973920
11843462,11843462,11973920
11843559,11843559,11973920
11843672,11843672,11973920
11844507,11844507,11973920
11844618,11844618,11973920
11844856,11844856,11973920
11844863,11844863,11973920
11845360,11845360,11973920
11845601,11845601,11973920
11845957,11845957,11973920
11846158,11846158,11973920
11846265,11846265,11973920
11847572,11847572,11973920
11847821,11847821,11973920
11848756,11848756,11973920
11848767,11848767,11973920
11849209,11849209,11973920
11849682,11849682,11973920
11850937,11850937,11973920
11852208,11852208,11973920
11852370,11852370,11973920
11853671,11853671,11973920
11853972,11853972,11973920
11855169,11855169,11973920
11855909,11855909,11973920
11856374,11856374,11973920
11856514,11856514,11973920
11856534,11856534,11973920
11857094,11857094,11973920
11857228,11857228,11973920
11857521,11857521,11973920
11858175,11858175,11973920
11858677,11858677,11973920
11859474,11859474,11973920
11860425,11860425,11973920
11860924,11860924,11973920
11861443,11861443,11973920
11861510,11861510,11973920
11861913,11861913,11973920
11862251,11862251,11973920
11863540,11863540,11973920
11863618,11863618,11973920
11863774,11863774,11973920
11864785,11864785,11973920
11865280,11865280,11973920
11867519,11867519,11973920
11868300,11868300,11973920
11869851,11869851,11973920
11870816,11870816,11973920
11872172,11872172,11973920
11873408,11873408,11973920
11873437,11873437,11973920
11874028,11874028,11973920
11874080,11874080,11973920
11875090,11875090,11973920
11875929,11875929,11973920
11875977,11875977,11973920
11876207,11876207,11973920
11876829,11876829,11973920
11876951,11876951,11973920
11877026,11877026,11973920
11877223,11877223,11973920
11877296,11877296,11973920
11879780,11879780,11973920
11880354,11880354,11973920
11880803,11880803,11973920
11881243,11881243,11973920
11882136,11882136,11973920
11883108,11883108,11973920
11883364,11883364,11973920
11883425,11883425,11973920
11884166,11884166,11973920
11884420,11884420,11973920
11885372,11885372,11973920
11885518,11885518,11973920
11885666,11885666,11973920
11885915,11885915,11973920
11885926,11885926,11973920
11885940,11885940,11973920
11886183,11886183,11973920
11886323,11886323,11973920
11886817,11886817,11973920
11887606,11887606,11973920
11887987,11887987,11973920
11889012,11889012,11973920
11889096,11889096,11973920
11889638,11889638,11973920
11890219,11890219,11973920
11890894,11890894,11973920
11890944,11890944,11973920
11892095,11892095,11973920
11892098,11892098,11973920
11893780,11893780,11973920
11894511,11894511,11973920
11894958,11894958,11973920
11895483,11895483,11973920
11896263,11896263,11973920
11896382,11896382,11973920
11896531,11896531,11973920
11896791,11896791,11973920
11897483,11897483,11973920
11897709,11897709,11973920
11898177,11898177,11973920
11898382,11898382,11973920
11899373,11899373,11973920
11901227,11901227,11973920
11901659,11901659,11973920
11901927,11901927,11973920
11902959,11902959,11973920
11903402,11903402,11973920
11903436,11903436,11973920
11903480,11903480,11973920
11903903,11903903,11973920
11904740,11904740,11973920
11904929,11904929,11973920
11905647,11905647,11973920
11906248,11906248,11973920
11906651,11906651,11973920
11907042,11907042,11973920
11907427,11907427,11973920
11907708,11907708,11973920
11907785,11907785,11973920
11907873,11907873,11973920
11908004,11908004,11973920
11908016,11908016,11973920
11908272,11908272,11973920
11908428,11908428,11973920
11908536,11908536,11973920
11908807,11908807,11973920
11909312,11909312,11973920
11909325,11909325,11973920
11909887,11909887,11973920
11909959,11909959,11973920
11910230,11910230,11973920
11910277,11910277,11973920
11911405,11911405,11973920
11911665,11911665,11973920
11911734,11911734,11973920
11912713,11912713,11973920
11912896,11912896,11973920
11913957,11913957,11973920
11914085,11914085,11973920
11914882,11914882,11973920
11915609,11915609,11973920
11915678,11915678,11973920
11918052,11918052,11973920
11918180,11918180,11973920
11918617,11918617,11973920
11919140,11919140,11973920
11921878,11921878,11973920
11922835,11922835,11973920
11923394,11923394,11973920
11923644,11923644,11973920
11924168,11924168,11973920
11924726,11924726,11973920
11925151,11925151,11973920
11926055,11926055,11973920
11926275,11926275,11973920
11926531,11926531,11973920
11927665,11927665,11973920
11928154,11928154,11973920
11928166,11928166,11973920
11928439,11928439,11973920
11929252,11929252,11973920
11929348,11929348,11973920
11929786,11929786,11973920
11929997,11929997,11973920
11930083,11930083,11973920
11930206,11930206,11973920
11931454,11931454,11973920
11931902,11931902,11973920
11934806,11934806,11973920
11935097,11935097,11973920
11936392,11936392,11973920
11936471,11936471,11973920
11937059,11937059,11973920
11937070,11937070,11973920
11937733,11937733,11973920
11937790,11937790,11973920
11938323,11938323,11973920
11940479,11940479,11973920
11940661,11940661,11973920
11940924,11940924,11973920
11941133,11941133,11973920
11942029,11942029,11973920
11942405,11942405,11973920
11943855,11943855,11973920
11943889,11943889,11973920
11944691,11944691,11973920
11945523,11945523,11973920
11945923,11945923,11973920
11946111,11946111,11973920
11946638,11946638,11973920
11946651,11946651,11973920
11947463,11947463,11973920
11948633,11948633,11973920
11949016,11949016,11973920
11949169,11949169,11973920
11949891,11949891,11973920
11950484,11950484,11973920
11951073,11951073,11973920
11951236,11951236,11973920
11951609,11951609,11973920
11952427,11952427,11973920
11953083,11953083,11973920
11953823,11953823,11973920
11953823,11953823,11973920
11953827,11953827,11973920
11953852,11953852,11973920
11954606,11954606,11973920
11954987,11954987,11973920
11955790,11955790,11973920
11956356,11956356,11973920
11956676,11956676,11973920
11957069,11957069,11973920
11957726,11957726,11973920
11957912,11957912,11973920
11958040,11958040,11973920
11958931,11958931,11973920
11959975,11959975,11973920
11960140,11960140,11973920
11960230,11960230,11973920
11960238,11960238,11973920
11960566,11960566,11973920
11961404,11961404,11973920
11961738,11961738,11973920
11961775,11961775,11973920
11962081,11962081,11973920
11962517,11962517,11973920
11962781,11962781,11973920
11962986,11962986,11973920
11963024,11963024,11973920
11963650,11963650,11973920
11963941,11963941,11973920
11963987,11963987,11973920
11964220,11964220,11973920
11964625,11964625,11973920
11966343,11966343,11973920
11966382,11966382,11973920
11966391,11966391,11973920
11966960,11966960,11973920
11967300,11967300,11973920
11967679,11967679,11973920
11967706,11967706,11973920
11968313,11968313,11973920
11968948,11968948,11973920
11969132,11969132,11973920
11969271,11969271,11973920
11969417,11969417,11973920
11971585,11971585,11973920
11971749,11971749,11973920
11972069,11972069,11973920
11972241,11972241,11973920
11972931,11972931,11973920
11973285,11973285,11973920
11973385,11973385,11973920
11973893,11973893,11973920
11973976,11973976,13981077
11974361,11974361,13981077
11974651,11974651,13981077
11975758,11975758,13981077
11975978,11975978,13981077
11976098,11976098,13981077
11976387,11976387,13981077
11976424,11976424,13981077
11977163,11977163,13981077
11977221,11977221,13981077
11977377,11977377,13981077
11977407,11977407,13981077
11977661,11977661,13981077
11977966,11977966,13981077
11978318,11978318,13981077
11978380,11978380,13981077
11979033,11979033,13981077
11979215,11979215,13981077
11979305,11979305,13981077
11979511,11979511,13981077
11979729,11979729,13981077
11980144,11980144,13981077
11980258,11980258,13981077
11980775,11980775,13981077
11980939,11980939,13981077
11981609,11981609,13981077
11982563,11982563,13981077
11982618,11982618,13981077
11983191,11983191,13981077
11984476,11984476,13981077
11985496,11985496,13981077
11986612,11986612,13981077
11986705,11986705,13981077
11986739,11986739,13981077
11986748,11986748,13981077
11987062,11987062,13981077
11987107,11987107,13981077
11987267,11987267,13981077
11987627,11987627,13981077
11987922,11987922,13981077
11988142,11988142,13981077
11988297,11988297,13981077
11988866,11988866,13981077
11988904,11988904,13981077
11989119,11989119,13981077
11990316,11990316,13981077
11990316,11990316,13981077
11990800,11990800,13981077
11990838,11990838,13981077
11991038,11991038,13981077
11992349,11992349,13981077
11993640,11993640,13981077
11994271,11994271,13981077
11994373,11994373,13981077
11994466,11994466,13981077
11994570,11994570,13981077
11994588,11994588,13981077
11994819,11994819,13981077
11994862,11994862,13981077
11996318,11996318,13981077
11996664,11996664,13981077
11997091,11997091,13981077
11998576,11998576,13981077
11999319,11999319,13981077
11999621,11999621,13981077
12000125,12000125,13981077
12001001,12001001,13981077
12001655,12001655,13981077
12001765,12001765,13981077
12003337,12003337,13981077
12003502,12003502,13981077
12005932,12005932,13981077
12006763,12006763,13981077
12007035,12007035,13981077
12007108,12007108,13981077
12007966,12007966,13981077
12007980,12007980,13981077
12008090,12008090,13981077
12008855,12008855,13981077
12009441,12009441,13981077
12009650,12009650,13981077
12009756,12009756,13981077
12009825,12009825,13981077
12010325,12010325,13981077
12011399,12011399,13981077
12012013,12012013,13981077
12012115,12012115,13981077
12012425,12012425,13981077
12013884,12013884,13981077
12014182,12014182,13981077
12015539,12015539,13981077
12015782,12015782,13981077
12016685,12016685,13981077
12016705,12016705,13981077
12016734,12016734,13981077
12016773,12016773,13981077
12017118,12017118,13981077
12017687,12017687,13981077
12018638,12018638,13981077
12018647,12018647,13981077
12019456,12019456,13981077
12020075,12020075,13981077
12020160,12020160,13981077
12020371,12020371,13981077
12020765,12020765,13981077
12021162,12021162,13981077
12021875,12021875,13981077
12022350,12022350,13981077
12022366,12022366,13981077
12022374,12022374,13981077
12022709,12022709,13981077
12022823,12022823,13981077
12023276,12023276,13981077
12023926,12023926,13981077
12024328,12024328,13981077
12024886,12024886,13981077
12025043,12025043,13981077
12025201,12025201,13981077
12025916,12025916,13981077
12026217,12026217,13981077
12026286,12026286,13981077
12027034,12027034,13981077
12027287,12027287,13981077
12027503,12027503,13981077
12028151,12028151,13981077
12028299,12028299,13981077
12028418,12028418,13981077
12028794,12028794,13981077
12028993,12028993,13981077
12029797,12029797,13981077
12030985,12030985,13981077
12031876,12031876,13981077
12032001,12032001,13981077
12032367,12032367,13981077
12032640,12032640,13981077
12033012,12033012,13981077
12033614,12033614,13981077
12034175,12034175,13981077
12034201,12034201,13981077
12034879,12034879,13981077
12035397,12035397,13981077
12035822,12035822,13981077
12036333,12036333,13981077
12036525,12036525,13981077
12037881,12037881,13981077
12038746,12038746,13981077
12039068,12039068,13981077
12040121,12040121,13981077
12040633,12040633,13981077
12040866,12040866,13981077
12041918,12041918,13981077
12042030,12042030,13981077
12042120,12042120,13981077
12043693,12043693,13981077
12043983,12043983,13981077
12044675,12044675,13981077
12044947,12044947,13981077
12045007,12045007,13981077
12045753,12045753,13981077
12046311,12046311,13981077
12047340,12047340,13981077
12048587,12048587,13981077
12048848,12048848,13981077
12049049,12049049,13981077
12049290,12049290,13981077
12050129,12050129,13981077
12050184,12050184,13981077
12050345,12050345,13981077
12050634,12050634,13981077
12050720,12050720,13981077
12050782,12050782,13981077
12051189,12051189,13981077
12051285,12051285,13981077
12052511,12052511,13981077
12053266,12053266,13981077
12053469,12053469,13981077
12053514,12053514,13981077
12053760,12053760,13981077
12053958,12053958,13981077
12054012,12054012,13981077
12055011,12055011,13981077
12056045,12056045,13981077
12056395,12056395,13981077
12057193,12057193,13981077
12057267,12057267,13981077
12057569,12057569,13981077
12057918,12057918,13981077
12058970,12058970,13981077
12059059,12059059,13981077
12059541,12059541,13981077
12059853,12059853,13981077
12060219,12060219,13981077
12060333,12060333,13981077
12060341,12060341,13981077
12060675,12060675,13981077
12062603,12062603,13981077
12063111,12063111,13981077
12064195,12064195,13981077
12064848,12064848,13981077
12065133,12065133,13981077
12065272,12065272,13981077
12065495,12065495,13981077
12067291,12067291,13981077
12067548,12067548,13981077
12067736,12067736,13981077
12068189,12068189,13981077
12068995,12068995,13981077
12069977,12069977,13981077
12070090,12070090,13981077
12073318,12073318,13981077
12073417,12073417,13981077
12074464,12074464,13981077
12074824,12074824,13981077
12075726,12075726,13981077
12076557,12076557,13981077
12077120,12077120,13981077
12077229,12077229,13981077
12077347,12077347,13981077
12077459,12077459,13981077
12077910,12077910,13981077
12078869,12078869,13981077
12079915,12079915,13981077
12080413,12080413,13981077
12080455,12080455,13981077
12081651,12081651,13981077
12082124,12082124,13981077
12082246,12082246,13981077
12082310,12082310,13981077
12082633,12082633,13981077
12083275,12083275,13981077
12083594,12083594,13981077
12084476,12084476,13981077
12084570,12084570,13981077
12084783,12084783,13981077
12085762,12085762,13981077
12086102,12086102,13981077
12086122,12086122,13981077
12087008,12087008,13981077
12087076,12087076,13981077
12087810,12087810,13981077
12089490,12089490,13981077
12089833,12089833,13981077
12090178,12090178,13981077
12090636,12090636,13981077
12091189,12091189,13981077
12091274,12091274,13981077
12091373,12091373,13981077
12091640,12091640,13981077
12092235,12092235,13981077
12092261,12092261,13981077
12092539,12092539,13981077
12092650,12092650,13981077
12093246,12093246,13981077
12093726,12093726,13981077
12094374,12094374,13981077
12094608,12094608,13981077
12094725,12094725,13981077
12095818,12095818,13981077
12095836,12095836,13981077
12097063,12097063,13981077
12097125,12097125,13981077
12097647,12097647,13981077
12097789,12097789,13981077
12098426,12098426,13981077
12098973,12098973,13981077
12099331,12099331,13981077
12099492,12099492,13981077
12100165,12100165,13981077
12100621,12100621,13981077
12100830,12100830,13981077
12101089,12101089,13981077
12101703,12101703,13981077
12101831,12101831,13981077
12102466,12102466,13981077
12102656,12102656,13981077
12103728,12103728,13981077
12103755,12103755,13981077
12104124,12104124,13981077
12105577,12105577,13981077
12106436,12106436,13981077
12106679,12106679,13981077
12107130,12107130,13981077
12107746,12107746,13981077
12108624,12108624,13981077
12108808,12108808,13981077
12109937,12109937,13981077
12110143,12110143,13981077
12110532,12110532,13981077
12110569,12110569,13981077
12110954,12110954,13981077
12111597,12111597,13981077
12111640,12111640,13981077
12112928,12112928,13981077
12113033,12113033,13981077
12114670,12114670,13981077
12115372,12115372,13981077
12115529,12115529,13981077
12115619,12115619,13981077
12115734,12115734,13981077
12115881,12115881,13981077
12118723,12118723,13981077
12119337,12119337,13981077
12119943,12119943,13981077
12121164,12121164,13981077
12121293,12121293,13981077
12122693,12122693,13981077
12123573,12123573,13981077
12125703,12125703,13981077
12126208,12126208,13981077
12126417,12126417,13981077
12126868,12126868,13981077
12127102,12127102,13981077
12128056,12128056,13981077
12128260,12128260,13981077
12128403,12128403,13981077
12128437,12128437,13981077
12128526,12128526,13981077
12128756,12128756,13981077
12128969,12128969,13981077
12129935,12129935,13981077
12131119,12131119,13981077
12131746,12131746,13981077
12131763,12131763,13981077
12132231,12132231,13981077
12132409,12132409,13981077
12133046,12133046,13981077
12133736,12133736,13981077
12134041,12134041,13981077
12134327,12134327,13981077
12134965,12134965,13981077
12135938,12135938,13981077
12136156,12136156,13981077
12136257,12136257,13981077
12136338,12136338,13981077
12138229,12138229,13981077
12138577,12138577,13981077
12139191,12139191,13981077
12139534,12139534,13981077
12139666,12139666,13981077
12140595,12140595,13981077
12141133,12141133,13981077
12141813,12141813,13981077
12142481,12142481,13981077
12142612,12142612,13981077
12145190,12145190,13981077
12145387,12145387,13981077
12146196,12146196,13981077
12146694,12146694,13981077
12146788,12146788,13981077
12147087,12147087,13981077
12147137,12147137,13981077
12147378,12147378,13981077
12147666,12147666,13981077
12149570,12149570,13981077
12149785,12149785,13981077
12150075,12150075,13981077
12150585,12150585,13981077
12151492,12151492,13981077
12151650,12151650,13981077
12152132,12152132,13981077
12152658,12152658,13981077
12152923,12152923,13981077
12153148,12153148,13981077
12153223,12153223,13981077
12153779,12153779,13981077
12153903,12153903,13981077
12154009,12154009,13981077
12154032,12154032,13981077
12154205,12154205,13981077
12154353,12154353,13981077
12155355,12155355,13981077
12155613,12155613,13981077
12156165,12156165,13981077
12156202,12156202,13981077
12156355,12156355,13981077
12157012,12157012,13981077
12157475,12157475,13981077
12157605,12157605,13981077
12158271,12158271,13981077
12158474,12158474,13981077
12158577,12158577,13981077
12158719,12158719,13981077
12159213,12159213,13981077
12159528,12159528,13981077
12160475,12160475,13981077
12161742,12161742,13981077
12162735,12162735,13981077
12164133,12164133,13981077
12164561,12164561,13981077
12164978,12164978,13981077
12165180,12165180,13981077
12165414,12165414,13981077
12165738,12165738,13981077
12166792,12166792,13981077
12167775,12167775,13981077
12167961,12167961,13981077
12168876,12168876,13981077
12169967,12169967,13981077
12170384,12170384,13981077
12170487,12170487,13981077
12170607,12170607,13981077
12170767,12170767,13981077
12171086,12171086,13981077
12171430,12171430,13981077
12171693,12171693,13981077
12171820,12171820,13981077
12171863,12171863,13981077
12171992,12171992,13981077
12172068,12172068,13981077
12172323,12172323,13981077
12172377,12172377,13981077
12172421,12172421,13981077
12172627,12172627,13981077
12173441,12173441,13981077
12173612,12173612,13981077
12174324,12174324,13981077
12174356,12174356,13981077
12174780,12174780,13981077
12175972,12175972,13981077
12176176,12176176,13981077
12176415,12176415,13981077
12176496,12176496,13981077
12176606,12176606,13981077
12177200,12177200,13981077
12177621,12177621,13981077
12177897,12177897,13981077
12178513,12178513,13981077
12178888,12178888,13981077
12179727,12179727,13981077
12181550,12181550,13981077
12181579,12181579,13981077
12181930,12181930,13981077
12182252,12182252,13981077
12182333,12182333,13981077
12183958,12183958,13981077
12184636,12184636,13981077
12184653,12184653,13981077
12184900,12184900,13981077
12185205,12185205,13981077
12186403,12186403,13981077
12186608,12186608,13981077
12186858,12186858,13981077
12187007,12187007,13981077
12187248,12187248,13981077
12187322,12187322,13981077
12188588,12188588,13981077
12188612,12188612,13981077
12188715,12188715,13981077
12189490,12189490,13981077
12189581,12189581,13981077
12190554,12190554,13981077
12190904,12190904,13981077
12191792,12191792,13981077
12193308,12193308,13981077
12193435,12193435,13981077
12194028,12194028,13981077
12194158,12194158,13981077
12194325,12194325,13981077
12194348,12194348,13981077
12195189,12195189,13981077
12195481,12195481,13981077
12195512,12195512,13981077
12195791,12195791,13981077
12196443,12196443,13981077
12197936,12197936,13981077
12198602,12198602,13981077
12199117,12199117,13981077
12199412,12199412,13981077
12199838,12199838,13981077
12199841,12199841,13981077
12200260,12200260,13981077
12200290,12200290,13981077
12200339,12200339,13981077
12200369,12200369,13981077
12200467,12200467,13981077
12201542,12201542,13981077
12201704,12201704,13981077
12202119,12202119,13981077
12202713,12202713,13981077
12202746,12202746,13981077
12202926,12202926,13981077
12203539,12203539,13981077
12204210,12204210,13981077
12204339,12204339,13981077
12206037,12206037,13981077
12206757,12206757,13981077
12206968,12206968,13981077
12206976,12206976,13981077
12208265,12208265,13981077
12208502,12208502,13981077
12210579,12210579,13981077
12210666,12210666,13981077
12211569,12211569,13981077
12211754,12211754,13981077
12211804,12211804,13981077
12212265,12212265,13981077
12212502,12212502,13981077
12212873,12212873,13981077
12215322,12215322,13981077
12215396,12215396,13981077
12215944,12215944,13981077
12216751,12216751,13981077
12217263,12217263,13981077
12219567,12219567,13981077
12220930,12220930,13981077
12221000,12221000,13981077
12221188,12221188,13981077
12221539,12221539,13981077
12221661,12221661,13981077
12221861,12221861,13981077
12222076,12222076,13981077
12222097,12222097,13981077
12222664,12222664,13981077
12222962,12222962,13981077
12223102,12223102,13981077
12223155,12223155,13981077
12223734,12223734,13981077
12224474,12224474,13981077
12225032,12225032,13981077
12225099,12225099,13981077
12225514,12225514,13981077
12226032,12226032,13981077
12227073,12227073,13981077
12227092,12227092,13981077
12227185,12227185,13981077
12228338,12228338,13981077
12228432,12228432,13981077
12228527,12228527,13981077
12229374,12229374,13981077
12229510,12229510,13981077
12230098,12230098,13981077
12230177,12230177,13981077
12230354,12230354,13981077
12230763,12230763,13981077
12232040,12232040,13981077
12232500,12232500,13981077
12233810,12233810,13981077
12235146,12235146,13981077
12235391,12235391,13981077
12235500,12235500,13981077
12235761,12235761,13981077
12236389,12236389,13981077
12236560,12236560,13981077
12237454,12237454,13981077
12237578,12237578,13981077
12237813,12237813,13981077
12238523,12238523,13981077
12239038,12239038,13981077
12239558,12239558,13981077
12240099,12240099,13981077
12240558,12240558,13981077
12240634,12240634,13981077
12241331,12241331,13981077
12241609,12241609,13981077
12241628,12241628,13981077
12241658,12241658,13981077
12242095,12242095,13981077
12242932,12242932,13981077
12243302,12243302,13981077
12243820,12243820,13981077
12245394,12245394,13981077
12245980,12245980,13981077
12247012,12247012,13981077
12247079,12247079,13981077
12247136,12247136,13981077
12248331,12248331,13981077
12248516,12248516,13981077
12249021,12249021,13981077
12249772,12249772,13981077
12250813,12250813,13981077
12250989,12250989,13981077
12251211,12251211,13981077
12251260,12251260,13981077
12251748,12251748,13981077
12252290,12252290,13981077
12253420,12253420,13981077
12254625,12254625,13981077
12254674,12254674,13981077
12254698,12254698,13981077
12254855,12254855,13981077
12255085,12255085,13981077
12255621,12255621,13981077
12255646,12255646,13981077
12256891,12256891,13981077
12256914,12256914,13981077
12257074,12257074,13981077
12258281,12258281,13981077
12259208,12259208,13981077
12259501,12259501,13981077
12259767,12259767,13981077
12260110,12260110,13981077
12260418,12260418,13981077
12260620,12260620,13981077
12261439,12261439,13981077
12261577,12261577,13981077
12261900,12261900,13981077
12262344,12262344,13981077
12262815,12262815,13981077
12263010,12263010,13981077
12263353,12263353,13981077
12263556,12263556,13981077
12263787,12263787,13981077
12264264,12264264,13981077
12264289,12264289,13981077
12264526,12264526,13981077
12264561,12264561,13981077
12264576,12264576,13981077
12266874,12266874,13981077
12266947,12266947,13981077
12268154,12268154,13981077
12268427,12268427,13981077
12269048,12269048,13981077
12271228,12271228,13981077
12271895,12271895,13981077
12272101,12272101,13981077
12272327,12272327,13981077
12272373,12272373,13981077
12272378,12272378,13981077
12273352,12273352,13981077
12273548,12273548,13981077
12273638,12273638,13981077
12274500,12274500,13981077
12275244,12275244,13981077
12275560,12275560,13981077
12275687,12275687,13981077
12276130,12276130,13981077
12277865,12277865,13981077
12279273,12279273,13981077
12280253,12280253,13981077
12280338,12280338,13981077
12281190,12281190,13981077
12281782,12281782,13981077
12281880,12281880,13981077
12283427,12283427,13981077
12284019,12284019,13981077
12284032,12284032,13981077
12284344,12284344,13981077
12284640,12284640,13981077
12285371,12285371,13981077
12285400,12285400,13981077
12285687,12285687,13981077
12285767,12285767,13981077
12286202,12286202,13981077
12286253,12286253,13981077
12286547,12286547,13981077
12286963,12286963,13981077
12287612,12287612,13981077
12288286,12288286,13981077
12289350,12289350,13981077
12289402,12289402,13981077
12289432,12289432,13981077
12290975,12290975,13981077
12291045,12291045,13981077
12291300,12291300,13981077
12291313,12291313,13981077
12292287,12292287,13981077
12292443,12292443,13981077
12292677,12292677,13981077
12292949,12292949,13981077
12293408,12293408,13981077
12293523,12293523,13981077
12293709,12293709,13981077
12294806,12294806,13981077
12294948,12294948,13981077
12295694,12295694,13981077
12295904,12295904,13981077
12297162,12297162,13981077
12297457,12297457,13981077
12297721,12297721,13981077
12298176,12298176,13981077
12298441,12298441,13981077
12299144,12299144,13981077
12299195,12299195,13981077
12299656,12299656,13981077
12301295,12301295,13981077
12301843,12301843,13981077
12302898,12302898,13981077
12302923,12302923,13981077
12303540,12303540,13981077
12304973,12304973,13981077
12305031,12305031,13981077
12305150,12305150,13981077
12305307,12305307,13981077
12305736,12305736,13981077
12306013,12306013,13981077
12306811,12306811,13981077
12307145,12307145,13981077
12308138,12308138,13981077
12308391,12308391,13981077
12308975,12308975,13981077
12310087,12310087,13981077
12310233,12310233,13981077
12311577,12311577,13981077
12312375,12312375,13981077
12313215,12313215,13981077
12314211,12314211,13981077
12314323,12314323,13981077
12314650,12314650,13981077
12314758,12314758,13981077
12314959,12314959,13981077
12315760,12315760,13981077
12316929,12316929,13981077
12318339,12318339,13981077
12319506,12319506,13981077
12319645,12319645,13981077
12320078,12320078,13981077
12320950,12320950,13981077
12320998,12320998,13981077
12321111,12321111,13981077
12321198,12321198,13981077
12321519,12321519,13981077
12321559,12321559,13981077
12322172,12322172,13981077
12322179,12322179,13981077
12322572,12322572,13981077
12322592,12322592,13981077
12322630,12322630,13981077
12323391,12323391,13981077
12326231,12326231,13981077
12326837,12326837,13981077
12327046,12327046,13981077
12329086,12329086,13981077
12329207,12329207,13981077
12329493,12329493,13981077
12329501,12329501,13981077
12329810,12329810,13981077
12329859,12329859,13981077
12329994,12329994,13981077
12330118,12330118,13981077
12331093,12331093,13981077
12332391,12332391,13981077
12334557,12334557,13981077
12337308,12337308,13981077
12337337,12337337,13981077
12337413,12337413,13981077
12337594,12337594,13981077
12337717,12337717,13981077
12338210,12338210,13981077
12338211,12338211,13981077
12339041,12339041,13981077
12339583,12339583,13981077
12340906,12340906,13981077
12344910,12344910,13981077
12345562,12345562,13981077
12346417,12346417,13981077
12346554,12346554,13981077
12346809,12346809,13981077
12347743,12347743,13981077
12347878,12347878,13981077
12348292,12348292,13981077
12348672,12348672,13981077
12349279,12349279,13981077
12349409,12349409,13981077
12350416,12350416,13981077
12350754,12350754,13981077
12351617,12351617,13981077
12351763,12351763,13981077
12351958,12351958,13981077
12352096,12352096,13981077
12352735,12352735,13981077
12352749,12352749,13981077
12352801,12352801,13981077
12352826,12352826,13981077
12353036,12353036,13981077
12354108,12354108,13981077
12355065,12355065,13981077
12355304,12355304,13981077
12355658,12355658,13981077
12355997,12355997,13981077
12357010,12357010,13981077
12357332,12357332,13981077
12357950,12357950,13981077
12358097,12358097,13981077
12359040,12359040,13981077
12359424,12359424,13981077
12359540,12359540,13981077
12360380,12360380,13981077
12360859,12360859,13981077
12360927,12360927,13981077
12361667,12361667,13981077
12362162,12362162,13981077
12363170,12363170,13981077
12363271,12363271,13981077
12363297,12363297,13981077
12363736,12363736,13981077
12364319,12364319,13981077
12364599,12364599,13981077
12364964,12364964,13981077
12365086,12365086,13981077
12365090,12365090,13981077
12365294,12365294,13981077
12365740,12365740,13981077
12365786,12365786,13981077
12366461,12366461,13981077
12366947,12366947,13981077
12368086,12368086,13981077
12368274,12368274,13981077
12369008,12369008,13981077
12370238,12370238,13981077
12370246,12370246,13981077
12370254,12370254,13981077
12370305,12370305,13981077
12370733,12370733,13981077
12371280,12371280,13981077
12371943,12371943,13981077
12373893,12373893,13981077
12374700,12374700,13981077
12375610,12375610,13981077
12375757,12375757,13981077
12376183,12376183,13981077
12376578,12376578,13981077
12377701,12377701,13981077
12378343,12378343,13981077
12378837,12378837,13981077
12379212,12379212,13981077
12379597,12379597,13981077
12380577,12380577,13981077
12381705,12381705,13981077
12381805,12381805,13981077
12383196,12383196,13981077
12384021,12384021,13981077
12384044,12384044,13981077
12384290,12384290,13981077
12384476,12384476,13981077
12385320,12385320,13981077
12385988,12385988,13981077
12386567,12386567,13981077
12387352,12387352,13981077
12387905,12387905,13981077
12388313,12388313,13981077
12389291,12389291,13981077
12389546,12389546,13981077
12390064,12390064,13981077
12390085,12390085,13981077
12390171,12390171,13981077
12390528,12390528,13981077
12390881,12390881,13981077
12390997,12390997,13981077
12391142,12391142,13981077
12393375,12393375,13981077
12393874,12393874,13981077
12394697,12394697,13981077
12395225,12395225,13981077
12395982,12395982,13981077
12396317,12396317,13981077
12396337,12396337,13981077
12396648,12396648,13981077
12398479,12398479,13981077
12398656,12398656,13981077
12399424,12399424,13981077
12399710,12399710,13981077
12400642,12400642,13981077
12401451,12401451,13981077
12401823,12401823,13981077
12403248,12403248,13981077
12403698,12403698,13981077
12403793,12403793,13981077
12404027,12404027,13981077
12404360,12404360,13981077
12405231,12405231,13981077
12405328,12405328,13981077
12405697,12405697,13981077
12407229,12407229,13981077
12407329,12407329,13981077
12407663,12407663,13981077
12408146,12408146,13981077
12408431,12408431,13981077
12408748,12408748,13981077
12409041,12409041,13981077
12409114,12409114,13981077
12409213,12409213,13981077
12410660,12410660,13981077
12411887,12411887,13981077
12412310,12412310,13981077
12412934,12412934,13981077
12413526,12413526,13981077
12413914,12413914,13981077
12414543,12414543,13981077
12414725,12414725,13981077
12414845,12414845,13981077
12415551,12415551,13981077
12415724,12415724,13981077
12416008,12416008,13981077
12416325,12416325,13981077
12416478,12416478,13981077
12416906,12416906,13981077
12417269,12417269,13981077
12417337,12417337,13981077
12417499,12417499,13981077
12418221,12418221,13981077
12418640,12418640,13981077
12419113,12419113,13981077
12419649,12419649,13981077
12419773,12419773,13981077
12420069,12420069,13981077
12420525,12420525,13981077
12420528,12420528,13981077
12421216,12421216,13981077
12421611,12421611,13981077
12422686,12422686,13981077
12423504,12423504,13981077
12423531,12423531,13981077
12423972,12423972,13981077
12424208,12424208,13981077
12424212,12424212,13981077
12425033,12425033,13981077
12425265,12425265,13981077
12425365,12425365,13981077
12426071,12426071,13981077
12426551,12426551,13981077
12426751,12426751,13981077
12427331,12427331,13981077
12427990,12427990,13981077
12428652,12428652,13981077
12428734,12428734,13981077
12429469,12429469,13981077
12429731,12429731,13981077
12429789,12429789,13981077
12429876,12429876,13981077
12430542,12430542,13981077
12430848,12430848,13981077
12430942,12430942,13981077
12431213,12431213,13981077
12431327,12431327,13981077
12431487,12431487,13981077
12432534,12432534,13981077
12432540,12432540,13981077
12433028,12433028,13981077
12433349,12433349,13981077
12434129,12434129,13981077
12434476,12434476,13981077
12434654,12434654,13981077
12435028,12435028,13981077
12435133,12435133,13981077
12435270,12435270,13981077
12435719,12435719,13981077
12436318,12436318,13981077
12436616,12436616,13981077
12437089,12437089,13981077
12437459,12437459,13981077
12439258,12439258,13981077
12440419,12440419,13981077
12441043,12441043,13981077
12441442,12441442,13981077
12442100,12442100,13981077
12442338,12442338,13981077
12443472,12443472,13981077
12443559,12443559,13981077
12444530,12444530,13981077
12444568,12444568,13981077
12444666,12444666,13981077
12444674,12444674,13981077
12445653,12445653,13981077
12446595,12446595,13981077
12446604,12446604,13981077
12447929,12447929,13981077
12448699,12448699,13981077
12449057,12449057,13981077
12449596,12449596,13981077
12449681,12449681,13981077
12450203,12450203,13981077
12450207,12450207,13981077
12451658,12451658,13981077
12451730,12451730,13981077
12451825,12451825,13981077
12452051,12452051,13981077
12452634,12452634,13981077
12453840,12453840,13981077
12453929,12453929,13981077
12454316,12454316,13981077
12454830,12454830,13981077
12454958,12454958,13981077
12455241,12455241,13981077
12456170,12456170,13981077
12456792,12456792,13981077
12457717,12457717,13981077
12457968,12457968,13981077
12458401,12458401,13981077
12459071,12459071,13981077
12461166,12461166,13981077
12461387,12461387,13981077
12461572,12461572,13981077
12462713,12462713,13981077
12463387,12463387,13981077
12463397,12463397,13981077
12464909,12464909,13981077
12465562,12465562,13981077
12465877,12465877,13981077
12465928,12465928,13981077
12466955,12466955,13981077
12467561,12467561,13981077
12467768,12467768,13981077
12467947,12467947,13981077
12468881,12468881,13981077
12469512,12469512,13981077
12469936,12469936,13981077
12469961,12469961,13981077
12470840,12470840,13981077
12471529,12471529,13981077
12471655,12471655,13981077
12472636,12472636,13981077
12473896,12473896,13981077
12474125,12474125,13981077
12474319,12474319,13981077
12474638,12474638,13981077
12475577,12475577,13981077
12476050,12476050,13981077
12476971,12476971,13981077
12477323,12477323,13981077
12477915,12477915,13981077
12477966,12477966,13981077
12478646,12478646,13981077
12478955,12478955,13981077
12480592,12480592,13981077
12480695,12480695,13981077
12481053,12481053,13981077
12482201,12482201,13981077
12482232,12482232,13981077
12482891,12482891,13981077
12483786,12483786,13981077
12484532,12484532,13981077
12484789,12484789,13981077
12484905,12484905,13981077
12485603,12485603,13981077
12485919,12485919,13981077
12486713,12486713,13981077
12486911,12486911,13981077
12487696,12487696,13981077
12487847,12487847,13981077
12489041,12489041,13981077
12489181,12489181,13981077
12489530,12489530,13981077
12489809,12489809,13981077
12490336,12490336,13981077
12490451,12490451,13981077
12491455,12491455,13981077
12491858,12491858,13981077
12492175,12492175,13981077
12492821,12492821,13981077
12493037,12493037,13981077
12493220,12493220,13981077
12494204,12494204,13981077
12495299,12495299,13981077
12495475,12495475,13981077
12495615,12495615,13981077
12496204,12496204,13981077
12496490,12496490,13981077
12496731,12496731,13981077
12497150,12497150,13981077
12498486,12498486,13981077
12499336,12499336,13981077
12499835,12499835,13981077
12500086,12500086,13981077
12500583,12500583,13981077
12501958,12501958,13981077
12504270,12504270,13981077
12504829,12504829,13981077
12507015,12507015,13981077
12507027,12507027,13981077
12507184,12507184,13981077
12508215,12508215,13981077
12509867,12509867,13981077
12510331,12510331,13981077
12510789,12510789,13981077
12511899,12511899,13981077
12512421,12512421,13981077
12512878,12512878,13981077
12512920,12512920,13981077
12512959,12512959,13981077
12513095,12513095,13981077
12513704,12513704,13981077
12514501,12514501,13981077
12514926,12514926,13981077
12515756,12515756,13981077
12515893,12515893,13981077
12516416,12516416,13981077
12517052,12517052,13981077
12519299,12519299,13981077
12519357,12519357,13981077
12519970,12519970,13981077
12520300,12520300,13981077
12520353,12520353,13981077
12520566,12520566,13981077
12521390,12521390,13981077
12521448,12521448,13981077
12521511,12521511,13981077
12521966,12521966,13981077
12522145,12522145,13981077
12522288,12522288,13981077
12522371,12522371,13981077
12523006,12523006,13981077
12523269,12523269,13981077
12523442,12523442,13981077
12524232,12524232,13981077
12526297,12526297,13981077
12526531,12526531,13981077
12527195,12527195,13981077
12527625,12527625,13981077
12528030,12528030,13981077
12528583,12528583,13981077
12528691,12528691,13981077
12529878,12529878,13981077
12530139,12530139,13981077
12530206,12530206,13981077
12530679,12530679,13981077
12531092,12531092,13981077
12531391,12531391,13981077
12533518,12533518,13981077
12533827,12533827,13981077
12535383,12535383,13981077
12536173,12536173,13981077
12537029,12537029,13981077
12537509,12537509,13981077
12537679,12537679,13981077
12537762,12537762,13981077
12538082,12538082,13981077
12538371,12538371,13981077
12541160,12541160,13981077
12542337,12542337,13981077
12542690,12542690,13981077
12543528,12543528,13981077
12544961,12544961,13981077
12545520,12545520,13981077
12545812,12545812,13981077
12545821,12545821,13981077
12545991,12545991,13981077
12546690,12546690,13981077
12547354,12547354,13981077
12547761,12547761,13981077
12548107,12548107,13981077
12549025,12549025,13981077
12549424,12549424,13981077
12549433,12549433,13981077
12549553,12549553,13981077
12550355,12550355,13981077
12550657,12550657,13981077
12552274,12552274,13981077
12553157,12553157,13981077
12553638,12553638,13981077
12554521,12554521,13981077
12554973,12554973,13981077
12555294,12555294,13981077
12555463,12555463,13981077
12555646,12555646,13981077
12556471,12556471,13981077
12556731,12556731,13981077
12556931,12556931,13981077
12557472,12557472,13981077
12557662,12557662,13981077
12557839,12557839,13981077
12558450,12558450,13981077
12558799,12558799,13981077
12559694,12559694,13981077
12559981,12559981,13981077
12561020,12561020,13981077
12561132,12561132,13981077
12561283,12561283,13981077
12561415,12561415,13981077
12562636,12562636,13981077
12563005,12563005,13981077
12563597,12563597,13981077
12564251,12564251,13981077
12564630,12564630,13981077
12564794,12564794,13981077
12566889,12566889,13981077
12567125,12567125,13981077
12567265,12567265,13981077
12567583,12567583,13981077
12568596,12568596,13981077
12569506,12569506,13981077
12569688,12569688,13981077
12570152,12570152,13981077
12571265,12571265,13981077
12571952,12571952,13981077
12572333,12572333,13981077
12572554,12572554,13981077
12572959,12572959,13981077
12573180,12573180,13981077
12574271,12574271,13981077
12574660,12574660,13981077
12576035,12576035,13981077
12576194,12576194,13981077
12577805,12577805,13981077
12578330,12578330,13981077
12578542,12578542,13981077
12579034,12579034,13981077
12579050,12579050,13981077
12579440,12579440,13981077
12579509,12579509,13981077
12579701,12579701,13981077
12580259,12580259,13981077
12580381,12580381,13981077
12581915,12581915,13981077
12581998,12581998,13981077
12582131,12582131,13981077
12582650,12582650,13981077
12583739,12583739,13981077
12583849,12583849,13981077
12584105,12584105,13981077
12584120,12584120,13981077
12584864,12584864,13981077
12584958,12584958,13981077
12584961,12584961,13981077
12585434,12585434,13981077
12585521,12585521,13981077
12585660,12585660,13981077
12588287,12588287,13981077
12588405,12588405,13981077
12588617,12588617,13981077
12588819,12588819,13981077
12589052,12589052,13981077
12589518,12589518,13981077
12590043,12590043,13981077
12591788,12591788,13981077
12592529,12592529,13981077
12593519,12593519,13981077
12593639,12593639,13981077
12594084,12594084,13981077
12594151,12594151,13981077
12594719,12594719,13981077
12594752,12594752,13981077
12595468,12595468,13981077
12596518,12596518,13981077
12596553,12596553,13981077
12596945,12596945,13981077
12597056,12597056,13981077
12598050,12598050,13981077
12598520,12598520,13981077
12599226,12599226,13981077
12600643,12600643,13981077
12601004,12601004,13981077
12601698,12601698,13981077
12602388,12602388,13981077
12602829,12602829,13981077
12603685,12603685,13981077
12604134,12604134,13981077
12604519,12604519,13981077
12604681,12604681,13981077
12604812,12604812,13981077
12604928,12604928,13981077
12605655,12605655,13981077
12605769,12605769,13981077
12605944,12605944,13981077
12606254,12606254,13981077
12606340,12606340,13981077
12607143,12607143,13981077
12607151,12607151,13981077
12607223,12607223,13981077
12608690,12608690,13981077
12609929,12609929,13981077
12610251,12610251,13981077
12610483,12610483,13981077
12610947,12610947,13981077
12611107,12611107,13981077
12611775,12611775,13981077
12612035,12612035,13981077
12612805,12612805,13981077
12613591,12613591,13981077
12613741,12613741,13981077
12614614,12614614,13981077
12614863,12614863,13981077
12614948,12614948,13981077
12615038,12615038,13981077
12615353,12615353,13981077
12615687,12615687,13981077
12616878,12616878,13981077
12617449,12617449,13981077
12617825,12617825,13981077
12618533,12618533,13981077
12618552,12618552,13981077
12618938,12618938,13981077
12619540,12619540,13981077
12619613,12619613,13981077
12619614,12619614,13981077
12619627,12619627,13981077
12619775,12619775,13981077
12621280,12621280,13981077
12621718,12621718,13981077
12622488,12622488,13981077
12623358,12623358,13981077
12623994,12623994,13981077
12625035,12625035,13981077
12625108,12625108,13981077
12625464,12625464,13981077
12625697,12625697,13981077
12625701,12625701,13981077
12626006,12626006,13981077
12626390,12626390,13981077
12627908,12627908,13981077
12628187,12628187,13981077
12628534,12628534,13981077
12628879,12628879,13981077
12629676,12629676,13981077
12630527,12630527,13981077
12630846,12630846,13981077
12631015,12631015,13981077
12632025,12632025,13981077
12632129,12632129,13981077
12632133,12632133,13981077
12632744,12632744,13981077
12633066,12633066,13981077
12633216,12633216,13981077
12634334,12634334,13981077
12634620,12634620,13981077
12635420,12635420,13981077
12635763,12635763,13981077
12635782,12635782,13981077
12636030,12636030,13981077
12636764,12636764,13981077
12637180,12637180,13981077
12637360,12637360,13981077
12638164,12638164,13981077
12638290,12638290,13981077
12638592,12638592,13981077
12639052,12639052,13981077
12639578,12639578,13981077
12639688,12639688,13981077
12642714,12642714,13981077
12642866,12642866,13981077
12642921,12642921,13981077
12643103,12643103,13981077
12643960,12643960,13981077
12644031,12644031,13981077
12644220,12644220,13981077
12644676,12644676,13981077
12645353,12645353,13981077
12646310,12646310,13981077
12646914,12646914,13981077
12647594,12647594,13981077
12648930,12648930,13981077
12649457,12649457,13981077
12650692,12650692,13981077
12650771,12650771,13981077
12651154,12651154,13981077
12652087,12652087,13981077
12652979,12652979,13981077
12653254,12653254,13981077
12653493,12653493,13981077
12653680,12653680,13981077
12654062,12654062,13981077
12654127,12654127,13981077
12654152,12654152,13981077
12655601,12655601,13981077
12656022,12656022,13981077
12656335,12656335,13981077
12657376,12657376,13981077
12658489,12658489,13981077
12658829,12658829,13981077
12658944,12658944,13981077
12659070,12659070,13981077
12659456,12659456,13981077
12659458,12659458,13981077
12659795,12659795,13981077
12659931,12659931,13981077
12660137,12660137,13981077
12661538,12661538,13981077
12662200,12662200,13981077
12662420,12662420,13981077
12662634,12662634,13981077
12662861,12662861,13981077
12663037,12663037,13981077
12663125,12663125,13981077
12663831,12663831,13981077
12665110,12665110,13981077
12665304,12665304,13981077
12665347,12665347,13981077
12667374,12667374,13981077
12668314,12668314,13981077
12669120,12669120,13981077
12669290,12669290,13981077
12669622,12669622,13981077
12669651,12669651,13981077
12669919,12669919,13981077
12670856,12670856,13981077
12671601,12671601,13981077
12671846,12671846,13981077
12671901,12671901,13981077
12672470,12672470,13981077
12673169,12673169,13981077
12674606,12674606,13981077
12675416,12675416,13981077
12675573,12675573,13981077
12675851,12675851,13981077
12676174,12676174,13981077
12676343,12676343,13981077
12676553,12676553,13981077
12676651,12676651,13981077
12677761,12677761,13981077
12678046,12678046,13981077
12679546,12679546,13981077
12679925,12679925,13981077
12680199,12680199,13981077
12680555,12680555,13981077
12680971,12680971,13981077
12681001,12681001,13981077
12681208,12681208,13981077
12681316,12681316,13981077
12682076,12682076,13981077
12682113,12682113,13981077
12683539,12683539,13981077
12684023,12684023,13981077
12684531,12684531,13981077
12684539,12684539,13981077
12685657,12685657,13981077
12686380,12686380,13981077
12686780,12686780,13981077
12687259,12687259,13981077
12687427,12687427,13981077
12687526,12687526,13981077
12687578,12687578,13981077
12688589,12688589,13981077
12688729,12688729,13981077
12688948,12688948,13981077
12689308,12689308,13981077
12690175,12690175,13981077
12691086,12691086,13981077
12692297,12692297,13981077
12692470,12692470,13981077
12692910,12692910,13981077
12692961,12692961,13981077
12693166,12693166,13981077
12693204,12693204,13981077
12693642,12693642,13981077
12694097,12694097,13981077
12694365,12694365,13981077
12694431,12694431,13981077
12694903,12694903,13981077
12696803,12696803,13981077
12698111,12698111,13981077
12698422,12698422,13981077
12698460,12698460,13981077
12698623,12698623,13981077
12698856,12698856,13981077
12699126,12699126,13981077
12699705,12699705,13981077
12701148,12701148,13981077
12701177,12701177,13981077
12701932,12701932,13981077
12702948,12702948,13981077
12703252,12703252,13981077
12703514,12703514,13981077
12703518,12703518,13981077
12703557,12703557,13981077
12704311,12704311,13981077
12704452,12704452,13981077
12706046,12706046,13981077
12706082,12706082,13981077
12706295,12706295,13981077
12706399,12706399,13981077
12706451,12706451,13981077
12707035,12707035,13981077
12707117,12707117,13981077
12707970,12707970,13981077
12708088,12708088,13981077
12708169,12708169,13981077
12708442,12708442,13981077
12708491,12708491,13981077
12708679,12708679,13981077
12709030,12709030,13981077
12710601,12710601,13981077
12711479,12711479,13981077
12711718,12711718,13981077
12711836,12711836,13981077
12712264,12712264,13981077
12713481,12713481,13981077
12714559,12714559,13981077
12714603,12714603,13981077
12714630,12714630,13981077
12714636,12714636,13981077
12715208,12715208,13981077
12715261,12715261,13981077
12715776,12715776,13981077
12716666,12716666,13981077
12717327,12717327,13981077
12717676,12717676,13981077
12717897,12717897,13981077
12718266,12718266,13981077
12718541,12718541,13981077
12719304,12719304,13981077
12719324,12719324,13981077
12719476,12719476,13981077
12719656,12719656,13981077
12720062,12720062,13981077
12722963,12722963,13981077
12723100,12723100,13981077
12723134,12723134,13981077
12723145,12723145,13981077
12723479,12723479,13981077
12724851,12724851,13981077
12725268,12725268,13981077
12725709,12725709,13981077
12726178,12726178,13981077
12727001,12727001,13981077
12727604,12727604,13981077
12728274,12728274,13981077
12728282,12728282,13981077
12728308,12728308,13981077
12728313,12728313,13981077
12729393,12729393,13981077
12730901,12730901,13981077
12732223,12732223,13981077
12732735,12732735,13981077
12733369,12733369,13981077
12733429,12733429,13981077
12733526,12733526,13981077
12733588,12733588,13981077
12733664,12733664,13981077
12735126,12735126,13981077
12736213,12736213,13981077
12736502,12736502,13981077
12736757,12736757,13981077
12737032,12737032,13981077
12737231,12737231,13981077
12737720,12737720,13981077
12738157,12738157,13981077
12738162,12738162,13981077
12738936,12738936,13981077
12740482,12740482,13981077
12740509,12740509,13981077
12740650,12740650,13981077
12742025,12742025,13981077
12742753,12742753,13981077
12743571,12743571,13981077
12743858,12743858,13981077
12744324,12744324,13981077
12744507,12744507,13981077
12745735,12745735,13981077
12746257,12746257,13981077
12746977,12746977,13981077
12747081,12747081,13981077
12747094,12747094,13981077
12747587,12747587,13981077
12747608,12747608,13981077
12748422,12748422,13981077
12748883,12748883,13981077
12748964,12748964,13981077
12750205,12750205,13981077
12751028,12751028,13981077
12751102,12751102,13981077
12751143,12751143,13981077
12751230,12751230,13981077
12751385,12751385,13981077
12752251,12752251,13981077
12752791,12752791,13981077
12753151,12753151,13981077
12753500,12753500,13981077
12753773,12753773,13981077
12754195,12754195,13981077
12754424,12754424,13981077
12754591,12754591,13981077
12754862,12754862,13981077
12755161,12755161,13981077
12755534,12755534,13981077
12756232,12756232,13981077
12756475,12756475,13981077
12756560,12756560,13981077
12757307,12757307,13981077
12758318,12758318,13981077
12759701,12759701,13981077
12761259,12761259,13981077
12762572,12762572,13981077
12762763,12762763,13981077
12763464,12763464,13981077
12763614,12763614,13981077
12764067,12764067,13981077
12764221,12764221,13981077
12764684,12764684,13981077
12765389,12765389,13981077
12765675,12765675,13981077
12765831,12765831,13981077
12765948,12765948,13981077
12765983,12765983,13981077
12766359,12766359,13981077
12767100,12767100,13981077
12768407,12768407,13981077
12768627,12768627,13981077
12769153,12769153,13981077
12769559,12769559,13981077
12770137,12770137,13981077
12770947,12770947,13981077
12771215,12771215,13981077
12771631,12771631,13981077
12771882,12771882,13981077
12772401,12772401,13981077
12772413,12772413,13981077
12772797,12772797,13981077
12773313,12773313,13981077
12773565,12773565,13981077
12773999,12773999,13981077
12774793,12774793,13981077
12774864,12774864,13981077
12774890,12774890,13981077
12775136,12775136,13981077
12776113,12776113,13981077
12776806,12776806,13981077
12776824,12776824,13981077
12776981,12776981,13981077
12776981,12776981,13981077
12778172,12778172,13981077
12778424,12778424,13981077
12779276,12779276,13981077
12779308,12779308,13981077
12779362,12779362,13981077
12779573,12779573,13981077
12779963,12779963,13981077
12782134,12782134,13981077
12782579,12782579,13981077
12782709,12782709,13981077
12782866,12782866,13981077
12783220,12783220,13981077
12783348,12783348,13981077
12784036,12784036,13981077
12784165,12784165,13981077
12784493,12784493,13981077
12784653,12784653,13981077
12784660,12784660,13981077
12784756,12784756,13981077
12785003,12785003,13981077
12785985,12785985,13981077
12786040,12786040,13981077
12786189,12786189,13981077
12786203,12786203,13981077
12786405,12786405,13981077
12786542,12786542,13981077
12787051,12787051,13981077
12788310,12788310,13981077
12788769,12788769,13981077
12789054,12789054,13981077
12789531,12789531,13981077
12789895,12789895,13981077
12790396,12790396,13981077
12790407,12790407,13981077
12791512,12791512,13981077
12792559,12792559,13981077
12793551,12793551,13981077
12794235,12794235,13981077
12796535,12796535,13981077
12796659,12796659,13981077
12797209,12797209,13981077
12797627,12797627,13981077
12798571,12798571,13981077
12798573,12798573,13981077
12800614,12800614,13981077
12800920,12800920,13981077
12802382,12802382,13981077
12802417,12802417,13981077
12803158,12803158,13981077
12803774,12803774,13981077
12803809,12803809,13981077
12804185,12804185,13981077
12805582,12805582,13981077
12806636,12806636,13981077
12807109,12807109,13981077
12807531,12807531,13981077
12808799,12808799,13981077
12809094,12809094,13981077
12809247,12809247,13981077
12809356,12809356,13981077
12809746,12809746,13981077
12810163,12810163,13981077
12810480,12810480,13981077
12810507,12810507,13981077
12811064,12811064,13981077
12811135,12811135,13981077
12812575,12812575,13981077
12814312,12814312,13981077
12814499,12814499,13981077
12814576,12814576,13981077
12816008,12816008,13981077
12816105,12816105,13981077
12817303,12817303,13981077
12817367,12817367,13981077
12817860,12817860,13981077
12818022,12818022,13981077
12818435,12818435,13981077
12818553,12818553,13981077
12818739,12818739,13981077
12818753,12818753,13981077
12818851,12818851,13981077
12819026,12819026,13981077
12819106,12819106,13981077
12819440,12819440,13981077
12819833,12819833,13981077
12819934,12819934,13981077
12820810,12820810,13981077
12821812,12821812,13981077
12822436,12822436,13981077
12822974,12822974,13981077
12823093,12823093,13981077
12823376,12823376,13981077
12823958,12823958,13981077
12824268,12824268,13981077
12824834,12824834,13981077
12824945,12824945,13981077
12825363,12825363,13981077
12825429,12825429,13981077
12826689,12826689,13981077
12827194,12827194,13981077
12827800,12827800,13981077
12828225,12828225,13981077
12828373,12828373,13981077
12828959,12828959,13981077
12829031,12829031,13981077
12829835,12829835,13981077
12830014,12830014,13981077
12830237,12830237,13981077
12830566,12830566,13981077
12831125,12831125,13981077
12831231,12831231,13981077
12831554,12831554,13981077
12831828,12831828,13981077
12831850,12831850,13981077
12832097,12832097,13981077
12832863,12832863,13981077
12833084,12833084,13981077
12833633,12833633,13981077
12834806,12834806,13981077
12835272,12835272,13981077
12835588,12835588,13981077
12836164,12836164,13981077
12837187,12837187,13981077
12837636,12837636,13981077
12837904,12837904,13981077
12838312,12838312,13981077
12838347,12838347,13981077
12838759,12838759,13981077
12839142,12839142,13981077
12839980,12839980,13981077
12839999,12839999,13981077
12840054,12840054,13981077
12840674,12840674,13981077
12841400,12841400,13981077
12841709,12841709,13981077
12841845,12841845,13981077
12841920,12841920,13981077
12842468,12842468,13981077
12843308,12843308,13981077
12843574,12843574,13981077
12844052,12844052,13981077
12844580,12844580,13981077
12844631,12844631,13981077
12845555,12845555,13981077
12846019,12846019,13981077
12846071,12846071,13981077
12846076,12846076,13981077
12846896,12846896,13981077
12847607,12847607,13981077
12848270,12848270,13981077
12848528,12848528,13981077
12849179,12849179,13981077
12849591,12849591,13981077
12849735,12849735,13981077
12850030,12850030,13981077
12850270,12850270,13981077
12850771,12850771,13981077
12851072,12851072,13981077
12851329,12851329,13981077
12852549,12852549,13981077
12852702,12852702,13981077
12853067,12853067,13981077
12853290,12853290,13981077
12853423,12853423,13981077
12854197,12854197,13981077
12854327,12854327,13981077
12854951,12854951,13981077
12855029,12855029,13981077
12855232,12855232,13981077
12855273,12855273,13981077
12855286,12855286,13981077
12855974,12855974,13981077
12856606,12856606,13981077
12857191,12857191,13981077
12857278,12857278,13981077
12857906,12857906,13981077
12859132,12859132,13981077
12860258,12860258,13981077
12860283,12860283,13981077
12860534,12860534,13981077
12860949,12860949,13981077
12861421,12861421,13981077
12862143,12862143,13981077
12862275,12862275,13981077
12862903,12862903,13981077
12863273,12863273,13981077
12863290,12863290,13981077
12863368,12863368,13981077
12863478,12863478,13981077
12863741,12863741,13981077
12864425,12864425,13981077
12864603,12864603,13981077
12865276,12865276,13981077
12865791,12865791,13981077
12865942,12865942,13981077
12866988,12866988,13981077
12869147,12869147,13981077
12869459,12869459,13981077
12869476,12869476,13981077
12870002,12870002,13981077
12870369,12870369,13981077
12870531,12870531,13981077
12870574,12870574,13981077
12870630,12870630,13981077
12870943,12870943,13981077
12871486,12871486,13981077
12871663,12871663,13981077
12871901,12871901,13981077
12872244,12872244,13981077
12872364,12872364,13981077
12872369,12872369,13981077
12872426,12872426,13981077
12872658,12872658,13981077
12873599,12873599,13981077
12873909,12873909,13981077
12873935,12873935,13981077
12874442,12874442,13981077
12874705,12874705,13981077
12874723,12874723,13981077
12875107,12875107,13981077
12875124,12875124,13981077
12875572,12875572,13981077
12876289,12876289,13981077
12876500,12876500,13981077
12876706,12876706,13981077
12878647,12878647,13981077
12878670,12878670,13981077
12879751,12879751,13981077
12880171,12880171,13981077
12880584,12880584,13981077
12880692,12880692,13981077
12880784,12880784,13981077
12881006,12881006,13981077
12881238,12881238,13981077
12881338,12881338,13981077
12881630,12881630,13981077
12882132,12882132,13981077
12883806,12883806,13981077
12884139,12884139,13981077
12885057,12885057,13981077
12885161,12885161,13981077
12885285,12885285,13981077
12885709,12885709,13981077
12886058,12886058,13981077
12886826,12886826,13981077
12887336,12887336,13981077
12887392,12887392,13981077
12887801,12887801,13981077
12888000,12888000,13981077
12888228,12888228,13981077
12888282,12888282,13981077
12888463,12888463,13981077
12888833,12888833,13981077
12889194,12889194,13981077
12890299,12890299,13981077
12890659,12890659,13981077
12891049,12891049,13981077
12891378,12891378,13981077
12891790,12891790,13981077
12892197,12892197,13981077
12894115,12894115,13981077
12894312,12894312,13981077
12894328,12894328,13981077
12894722,12894722,13981077
12894831,12894831,13981077
12895250,12895250,13981077
12896095,12896095,13981077
12897582,12897582,13981077
12898996,12898996,13981077
12899190,12899190,13981077
12899308,12899308,13981077
12899929,12899929,13981077
12900053,12900053,13981077
12900493,12900493,13981077
12900571,12900571,13981077
12900612,12900612,13981077
12901782,12901782,13981077
12902329,12902329,13981077
12903126,12903126,13981077
12904438,12904438,13981077
12904759,12904759,13981077
12905125,12905125,13981077
12905207,12905207,13981077
12906257,12906257,13981077
12906708,12906708,13981077
12907459,12907459,13981077
12908701,12908701,13981077
12909443,12909443,13981077
12909818,12909818,13981077
12910561,12910561,13981077
12910798,12910798,13981077
12910907,12910907,13981077
12910915,12910915,13981077
12911284,12911284,13981077
12911414,12911414,13981077
12911700,12911700,13981077
12911819,12911819,13981077
12911992,12911992,13981077
12912595,12912595,13981077
12913922,12913922,13981077
12914101,12914101,13981077
12914560,12914560,13981077
12915039,12915039,13981077
12915110,12915110,13981077
12916707,12916707,13981077
12917115,12917115,13981077
12917347,12917347,13981077
12918210,12918210,13981077
12918286,12918286,13981077
12918375,12918375,13981077
12918647,12918647,13981077
12919318,12919318,13981077
12920536,12920536,13981077
12920574,12920574,13981077
12920908,12920908,13981077
12920979,12920979,13981077
12921044,12921044,13981077
12922361,12922361,13981077
12923210,12923210,13981077
12923213,12923213,13981077
12923893,12923893,13981077
12925427,12925427,13981077
12925489,12925489,13981077
12925875,12925875,13981077
12927574,12927574,13981077
12927731,12927731,13981077
12929737,12929737,13981077
12930144,12930144,13981077
12931618,12931618,13981077
12931759,12931759,13981077
12931901,12931901,13981077
12932004,12932004,13981077
12932232,12932232,13981077
12932514,12932514,13981077
12932836,12932836,13981077
12933916,12933916,13981077
12934229,12934229,13981077
12934437,12934437,13981077
12935733,12935733,13981077
12935841,12935841,13981077
12935875,12935875,13981077
12936040,12936040,13981077
12936605,12936605,13981077
12937459,12937459,13981077
12937870,12937870,13981077
12939006,12939006,13981077
12939205,12939205,13981077
12939794,12939794,13981077
12939804,12939804,13981077
12939846,12939846,13981077
12940372,12940372,13981077
12940582,12940582,13981077
12940819,12940819,13981077
12942912,12942912,13981077
12943063,12943063,13981077
12943094,12943094,13981077
12943580,12943580,13981077
12944335,12944335,13981077
12944448,12944448,13981077
12944832,12944832,13981077
12945732,12945732,13981077
12947130,12947130,13981077
12947539,12947539,13981077
12947646,12947646,13981077
12947878,12947878,13981077
12948134,12948134,13981077
12948589,12948589,13981077
12949631,12949631,13981077
12949636,12949636,13981077
12950397,12950397,13981077
12950490,12950490,13981077
12950866,12950866,13981077
12951563,12951563,13981077
12952562,12952562,13981077
12953430,12953430,13981077
12953649,12953649,13981077
12953923,12953923,13981077
12954305,12954305,13981077
12955042,12955042,13981077
12955588,12955588,13981077
12956700,12956700,13981077
12957704,12957704,13981077
12958091,12958091,13981077
12958316,12958316,13981077
12959337,12959337,13981077
12959689,12959689,13981077
12959710,12959710,13981077
12959733,12959733,13981077
12960221,12960221,13981077
12960256,12960256,13981077
12960417,12960417,13981077
12961149,12961149,13981077
12961362,12961362,13981077
12961399,12961399,13981077
12961809,12961809,13981077
12961904,12961904,13981077
12962409,12962409,13981077
12963630,12963630,13981077
12964828,12964828,13981077
12965202,12965202,13981077
12966324,12966324,13981077
12966591,12966591,13981077
12966696,12966696,13981077
12967095,12967095,13981077
12967131,12967131,13981077
12967333,12967333,13981077
12968350,12968350,13981077
12968841,12968841,13981077
12968998,12968998,13981077
12969900,12969900,13981077
12970003,12970003,13981077
12971026,12971026,13981077
12971674,12971674,13981077
12971772,12971772,13981077
12971873,12971873,13981077
12973885,12973885,13981077
12973901,12973901,13981077
12974327,12974327,13981077
12974484,12974484,13981077
12974796,12974796,13981077
12975580,12975580,13981077
12975665,12975665,13981077
12975701,12975701,13981077
12975793,12975793,13981077
12976182,12976182,13981077
12976535,12976535,13981077
12976890,12976890,13981077
12977289,12977289,13981077
12977555,12977555,13981077
12978696,12978696,13981077
12978741,12978741,13981077
12978907,12978907,13981077
12979244,12979244,13981077
12979542,12979542,13981077
12979784,12979784,13981077
12979889,12979889,13981077
12979920,12979920,13981077
12980380,12980380,13981077
12981839,12981839,13981077
12982070,12982070,13981077
12982872,12982872,13981077
12983053,12983053,13981077
12983962,12983962,13981077
12984479,12984479,13981077
12984552,12984552,13981077
12984576,12984576,13981077
12984836,12984836,13981077
12985239,12985239,13981077
12986352,12986352,13981077
12986386,12986386,13981077
12986615,12986615,13981077
12986627,12986627,13981077
12987629,12987629,13981077
12988178,12988178,13981077
12988705,12988705,13981077
12988771,12988771,13981077
12989105,12989105,13981077
12989441,12989441,13981077
12990171,12990171,13981077
12990403,12990403,13981077
12990471,12990471,13981077
12990968,12990968,13981077
12991222,12991222,13981077
12991494,12991494,13981077
12991738,12991738,13981077
12991986,12991986,13981077
12992011,12992011,13981077
12992348,12992348,13981077
12993099,12993099,13981077
12994990,12994990,13981077
12995758,12995758,13981077
12997366,12997366,13981077
12997459,12997459,13981077
12998041,12998041,13981077
12998975,12998975,13981077
12999770,12999770,13981077
13000464,13000464,13981077
13002844,13002844,13981077
13002979,13002979,13981077
13004510,13004510,13981077
13004761,13004761,13981077
13006187,13006187,13981077
13006418,13006418,13981077
13006783,13006783,13981077
13006927,13006927,13981077
13006992,13006992,13981077
13007581,13007581,13981077
13008637,13008637,13981077
13008733,13008733,13981077
13008992,13008992,13981077
13011022,13011022,13981077
13011293,13011293,13981077
13011299,13011299,13981077
13011436,13011436,13981077
13012363,13012363,13981077
13012628,13012628,13981077
13013413,13013413,13981077
13013583,13013583,13981077
13013605,13013605,13981077
13014025,13014025,13981077
13014194,13014194,13981077
13014276,13014276,13981077
13014509,13014509,13981077
13015266,13015266,13981077
13015858,13015858,13981077
13016723,13016723,13981077
13016892,13016892,13981077
13017191,13017191,13981077
13017347,13017347,13981077
13017505,13017505,13981077
13019933,13019933,13981077
13020046,13020046,13981077
13020673,13020673,13981077
13021455,13021455,13981077
13021618,13021618,13981077
13022269,13022269,13981077
13022575,13022575,13981077
13022619,13022619,13981077
13023497,13023497,13981077
13023915,13023915,13981077
13024115,13024115,13981077
13024286,13024286,13981077
13024753,13024753,13981077
13024778,13024778,13981077
13025045,13025045,13981077
13025247,13025247,13981077
13025489,13025489,13981077
13026777,13026777,13981077
13028274,13028274,13981077
13028478,13028478,13981077
13028795,13028795,13981077
13029143,13029143,13981077
13029643,13029643,13981077
13030772,13030772,13981077
13031097,13031097,13981077
13031362,13031362,13981077
13031505,13031505,13981077
13032845,13032845,13981077
13033033,13033033,13981077
13033737,13033737,13981077
13034307,13034307,13981077
13034603,13034603,13981077
13034640,13034640,13981077
13034788,13034788,13981077
13034814,13034814,13981077
13035034,13035034,13981077
13035295,13035295,13981077
13036580,13036580,13981077
13037420,13037420,13981077
13037751,13037751,13981077
13038084,13038084,13981077
13038480,13038480,13981077
13040416,13040416,13981077
13041457,13041457,13981077
13041652,13041652,13981077
13041748,13041748,13981077
13041772,13041772,13981077
13042348,13042348,13981077
13043419,13043419,13981077
13043653,13043653,13981077
13044467,13044467,13981077
13044718,13044718,13981077
13044915,13044915,13981077
13044957,13044957,13981077
13045728,13045728,13981077
13045916,13045916,13981077
13046021,13046021,13981077
13046104,13046104,13981077
13046812,13046812,13981077
13047115,13047115,13981077
13049266,13049266,13981077
13049840,13049840,13981077
13050281,13050281,13981077
13050638,13050638,13981077
13050792,13050792,13981077
13050881,13050881,13981077
13050967,13050967,13981077
13052384,13052384,13981077
13052738,13052738,13981077
13052865,13052865,13981077
13053319,13053319,13981077
13054349,13054349,13981077
13055888,13055888,13981077
13055997,13055997,13981077
13056555,13056555,13981077
13056653,13056653,13981077
13058472,13058472,13981077
13059140,13059140,13981077
13059352,13059352,13981077
13059953,13059953,13981077
13060643,13060643,13981077
13062119,13062119,13981077
13064221,13064221,13981077
13064717,13064717,13981077
13065154,13065154,13981077
13065169,13065169,13981077
13066722,13066722,13981077
13066736,13066736,13981077
13066750,13066750,13981077
13067010,13067010,13981077
13070366,13070366,13981077
13070858,13070858,13981077
13071165,13071165,13981077
13071256,13071256,13981077
13072093,13072093,13981077
13072751,13072751,13981077
13073703,13073703,13981077
13074036,13074036,13981077
13075076,13075076,13981077
13075158,13075158,13981077
13076626,13076626,13981077
13077125,13077125,13981077
13077429,13077429,13981077
13077462,13077462,13981077
13078336,13078336,13981077
13078703,13078703,13981077
13079093,13079093,13981077
13079533,13079533,13981077
13079796,13079796,13981077
13080146,13080146,13981077
13081287,13081287,13981077
13081879,13081879,13981077
13082087,13082087,13981077
13083499,13083499,13981077
13084117,13084117,13981077
13084224,13084224,13981077
13085205,13085205,13981077
13085665,13085665,13981077
13086642,13086642,13981077
13086875,13086875,13981077
13087291,13087291,13981077
13088316,13088316,13981077
13088654,13088654,13981077
13089161,13089161,13981077
13089172,13089172,13981077
13089711,13089711,13981077
13090005,13090005,13981077
13090361,13090361,13981077
13090553,13090553,13981077
13090841,13090841,13981077
13091267,13091267,13981077
13091360,13091360,13981077
13092863,13092863,13981077
13093060,13093060,13981077
13093614,13093614,13981077
13095103,13095103,13981077
13095411,13095411,13981077
13095928,13095928,13981077
13096628,13096628,13981077
13097007,13097007,13981077
13097676,13097676,13981077
13097723,13097723,13981077
13098242,13098242,13981077
13098459,13098459,13981077
13098661,13098661,13981077
13100114,13100114,13981077
13100630,13100630,13981077
13101106,13101106,13981077
13102045,13102045,13981077
13102791,13102791,13981077
13102852,13102852,13981077
13102961,13102961,13981077
13103028,13103028,13981077
13103727,13103727,13981077
13104097,13104097,13981077
13104156,13104156,13981077
13104313,13104313,13981077
13104318,13104318,13981077
13105361,13105361,13981077
13105924,13105924,13981077
13107346,13107346,13981077
13107813,13107813,13981077
13108610,13108610,13981077
13108798,13108798,13981077
13110224,13110224,13981077
13110830,13110830,13981077
13111484,13111484,13981077
13112288,13112288,13981077
13113038,13113038,13981077
13113907,13113907,13981077
13114024,13114024,13981077
13115453,13115453,13981077
13115679,13115679,13981077
13117042,13117042,13981077
13117104,13117104,13981077
13118584,13118584,13981077
13118920,13118920,13981077
13119722,13119722,13981077
13119985,13119985,13981077
13120347,13120347,13981077
13120820,13120820,13981077
13121515,13121515,13981077
13121622,13121622,13981077
13121796,13121796,13981077
13122609,13122609,13981077
13124030,13124030,13981077
13124136,13124136,13981077
13124172,13124172,13981077
13124411,13124411,13981077
13125222,13125222,13981077
13125253,13125253,13981077
13128548,13128548,13981077
13129104,13129104,13981077
13129261,13129261,13981077
13130194,13130194,13981077
13130295,13130295,13981077
13130359,13130359,13981077
13131209,13131209,13981077
13131998,13131998,13981077
13132228,13132228,13981077
13132522,13132522,13981077
13132757,13132757,13981077
13134165,13134165,13981077
13134525,13134525,13981077
13134676,13134676,13981077
13134709,13134709,13981077
13134966,13134966,13981077
13135044,13135044,13981077
13135201,13135201,13981077
13135664,13135664,13981077
13135974,13135974,13981077
13136363,13136363,13981077
13137325,13137325,13981077
13137504,13137504,13981077
13137526,13137526,13981077
13137994,13137994,13981077
13139419,13139419,13981077
13139894,13139894,13981077
13140468,13140468,13981077
13140797,13140797,13981077
13140914,13140914,13981077
13141354,13141354,13981077
13141958,13141958,13981077
13141990,13141990,13981077
13142004,13142004,13981077
13142905,13142905,13981077
13143146,13143146,13981077
13143377,13143377,13981077
13144425,13144425,13981077
13144994,13144994,13981077
13145497,13145497,13981077
13145963,13145963,13981077
13146060,13146060,13981077
13146895,13146895,13981077
13147134,13147134,13981077
13147355,13147355,13981077
13147704,13147704,13981077
13147830,13147830,13981077
13148372,13148372,13981077
13148397,13148397,13981077
13148439,13148439,13981077
13149211,13149211,13981077
13149229,13149229,13981077
13149896,13149896,13981077
13151254,13151254,13981077
13151578,13151578,13981077
13152258,13152258,13981077
13152457,13152457,13981077
13153139,13153139,13981077
13153654,13153654,13981077
13154547,13154547,13981077
13154867,13154867,13981077
13154933,13154933,13981077
13154966,13154966,13981077
13155721,13155721,13981077
13156019,13156019,13981077
13157648,13157648,13981077
13158142,13158142,13981077
13158144,13158144,13981077
13159097,13159097,13981077
13160177,13160177,13981077
13160366,13160366,13981077
13160433,13160433,13981077
13160614,13160614,13981077
13160790,13160790,13981077
13160900,13160900,13981077
13162010,13162010,13981077
13162670,13162670,13981077
13162809,13162809,13981077
13163237,13163237,13981077
13163272,13163272,13981077
13164225,13164225,13981077
13164393,13164393,13981077
13164399,13164399,13981077
13164951,13164951,13981077
13167777,13167777,13981077
13167843,13167843,13981077
13167968,13167968,13981077
13168677,13168677,13981077
13169229,13169229,13981077
13169699,13169699,13981077
13170937,13170937,13981077
13171604,13171604,13981077
13172922,13172922,13981077
13173609,13173609,13981077
13173789,13173789,13981077
13174136,13174136,13981077
13174575,13174575,13981077
13174656,13174656,13981077
13174931,13174931,13981077
13175671,13175671,13981077
13175674,13175674,13981077
13176722,13176722,13981077
13176932,13176932,13981077
13177232,13177232,13981077
13177237,13177237,13981077
13177411,13177411,13981077
13177444,13177444,13981077
13177686,13177686,13981077
13179543,13179543,13981077
13179959,13179959,13981077
13180165,13180165,13981077
13180362,13180362,13981077
13180573,13180573,13981077
13180820,13180820,13981077
13182004,13182004,13981077
13182462,13182462,13981077
13183366,13183366,13981077
13183603,13183603,13981077
13183714,13183714,13981077
13184061,13184061,13981077
13184527,13184527,13981077
13184832,13184832,13981077
13185873,13185873,13981077
13186275,13186275,13981077
13186297,13186297,13981077
13187084,13187084,13981077
13188524,13188524,13981077
13189986,13189986,13981077
13190670,13190670,13981077
13190715,13190715,13981077
13190845,13190845,13981077
13192431,13192431,13981077
13192452,13192452,13981077
13192801,13192801,13981077
13192951,13192951,13981077
13193005,13193005,13981077
13193385,13193385,13981077
13194008,13194008,13981077
13194350,13194350,13981077
13194614,13194614,13981077
13194670,13194670,13981077
13197082,13197082,13981077
13197372,13197372,13981077
13197550,13197550,13981077
13197663,13197663,13981077
13197828,13197828,13981077
13197835,13197835,13981077
13198194,13198194,13981077
13198196,13198196,13981077
13198927,13198927,13981077
13199527,13199527,13981077
13199572,13199572,13981077
13199705,13199705,13981077
13200198,13200198,13981077
13200526,13200526,13981077
13200661,13200661,13981077
13200907,13200907,13981077
13204237,13204237,13981077
13204762,13204762,13981077
13205625,13205625,13981077
13206301,13206301,13981077
13206519,13206519,13981077
13207048,13207048,13981077
13207221,13207221,13981077
13208276,13208276,13981077
13208343,13208343,13981077
13208601,13208601,13981077
13209187,13209187,13981077
13210679,13210679,13981077
13210855,13210855,13981077
13211062,13211062,13981077
13211072,13211072,13981077
13211507,13211507,13981077
13211517,13211517,13981077
13211660,13211660,13981077
13213063,13213063,13981077
13213919,13213919,13981077
13213976,13213976,13981077
13214004,13214004,13981077
13214217,13214217,13981077
13214876,13214876,13981077
13216079,13216079,13981077
13216459,13216459,13981077
13217148,13217148,13981077
13217846,13217846,13981077
13218311,13218311,13981077
13218332,13218332,13981077
13219644,13219644,13981077
13219770,13219770,13981077
13220027,13220027,13981077
13220186,13220186,13981077
13220323,13220323,13981077
13220996,13220996,13981077
13221690,13221690,13981077
13221827,13221827,13981077
13222401,13222401,13981077
13222638,13222638,13981077
13224948,13224948,13981077
13225903,13225903,13981077
13226675,13226675,13981077
13227205,13227205,13981077
13227346,13227346,13981077
13227904,13227904,13981077
13229206,13229206,13981077
13231483,13231483,13981077
13232160,13232160,13981077
13232643,13232643,13981077
13232726,13232726,13981077
13233051,13233051,13981077
13233395,13233395,13981077
13233666,13233666,13981077
13233981,13233981,13981077
13234093,13234093,13981077
13234733,13234733,13981077
13235088,13235088,13981077
13235579,13235579,13981077
13235685,13235685,13981077
13236200,13236200,13981077
13236623,13236623,13981077
13237241,13237241,13981077
13237838,13237838,13981077
13239579,13239579,13981077
13240281,13240281,13981077
13240321,13240321,13981077
13240535,13240535,13981077
13241106,13241106,13981077
13241840,13241840,13981077
13242135,13242135,13981077
13242901,13242901,13981077
13243064,13243064,13981077
13243244,13243244,13981077
13243407,13243407,13981077
13243556,13243556,13981077
13243844,13243844,13981077
13244407,13244407,13981077
13245343,13245343,13981077
13245701,13245701,13981077
13246513,13246513,13981077
13247147,13247147,13981077
13247162,13247162,13981077
13247223,13247223,13981077
13247579,13247579,13981077
13247653,13247653,13981077
13248183,13248183,13981077
13248432,13248432,13981077
13248979,13248979,13981077
13250604,13250604,13981077
13251553,13251553,13981077
13251684,13251684,13981077
13251718,13251718,13981077
13251947,13251947,13981077
13251950,13251950,13981077
13253352,13253352,13981077
13254205,13254205,13981077
13255905,13255905,13981077
13256919,13256919,13981077
13256949,13256949,13981077
13257181,13257181,13981077
13258222,13258222,13981077
13258785,13258785,13981077
13259076,13259076,13981077
13259419,13259419,13981077
13259569,13259569,13981077
13259942,13259942,13981077
13260114,13260114,13981077
13260893,13260893,13981077
13262248,13262248,13981077
13262320,13262320,13981077
13263029,13263029,13981077
13264196,13264196,13981077
13265497,13265497,13981077
13266007,13266007,13981077
13266134,13266134,13981077
13266135,13266135,13981077
13266397,13266397,13981077
13267187,13267187,13981077
13267811,13267811,13981077
13269776,13269776,13981077
13269961,13269961,13981077
13269965,13269965,13981077
13271706,13271706,13981077
13272047,13272047,13981077
13272462,13272462,13981077
13273275,13273275,13981077
13273813,13273813,13981077
13274121,13274121,13981077
13275883,13275883,13981077
13275968,13275968,13981077
13276207,13276207,13981077
13276672,13276672,13981077
13277574,13277574,13981077
13277641,13277641,13981077
13277766,13277766,13981077
13278802,13278802,13981077
13279693,13279693,13981077
13281125,13281125,13981077
13282197,13282197,13981077
13282500,13282500,13981077
13283401,13283401,13981077
13285693,13285693,13981077
13286039,13286039,13981077
13286419,13286419,13981077
13286561,13286561,13981077
13286631,13286631,13981077
13287202,13287202,13981077
13287914,13287914,13981077
13288511,13288511,13981077
13289078,13289078,13981077
13289116,13289116,13981077
13289123,13289123,13981077
13289349,13289349,13981077
13289978,13289978,13981077
13290187,13290187,13981077
13290486,13290486,13981077
13291016,13291016,13981077
13291021,13291021,13981077
13291845,13291845,13981077
13292375,13292375,13981077
13292436,13292436,13981077
13292737,13292737,13981077
13295118,13295118,13981077
13295408,13295408,13981077
13295492,13295492,13981077
13297586,13297586,13981077
13298076,13298076,13981077
13298171,13298171,13981077
13298709,13298709,13981077
13299285,13299285,13981077
13299419,13299419,13981077
13299700,13299700,13981077
13299760,13299760,13981077
13300278,13300278,13981077
13300600,13300600,13981077
13300980,13300980,13981077
13301048,13301048,13981077
13301277,13301277,13981077
13301341,13301341,13981077
13301590,13301590,13981077
13302513,13302513,13981077
13302949,13302949,13981077
13303177,13303177,13981077
13304569,13304569,13981077
13305596,13305596,13981077
13306341,13306341,13981077
13306750,13306750,13981077
13308160,13308160,13981077
13308712,13308712,13981077
13309555,13309555,13981077
13309919,13309919,13981077
13310694,13310694,13981077
13312242,13312242,13981077
13313726,13313726,13981077
13314039,13314039,13981077
13314143,13314143,13981077
13314785,13314785,13981077
13315803,13315803,13981077
13316067,13316067,13981077
13316754,13316754,13981077
13317216,13317216,13981077
13317338,13317338,13981077
13319149,13319149,13981077
13319338,13319338,13981077
13320313,13320313,13981077
13321297,13321297,13981077
13321451,13321451,13981077
13321946,13321946,13981077
13323003,13323003,13981077
13324482,13324482,13981077
13324834,13324834,13981077
13325453,13325453,13981077
13325642,13325642,13981077
13325746,13325746,13981077
13326075,13326075,13981077
13326579,13326579,13981077
13326793,13326793,13981077
13327110,13327110,13981077
13328420,13328420,13981077
13328989,13328989,13981077
13329466,13329466,13981077
13330049,13330049,13981077
13331081,13331081,13981077
13331115,13331115,13981077
13331704,13331704,13981077
13331934,13331934,13981077
13332409,13332409,13981077
13332581,13332581,13981077
13335071,13335071,13981077
13335943,13335943,13981077
13338456,13338456,13981077
13339035,13339035,13981077
13339590,13339590,13981077
13339909,13339909,13981077
13340432,13340432,13981077
13340460,13340460,13981077
13341603,13341603,13981077
13343164,13343164,13981077
13343229,13343229,13981077
13344179,13344179,13981077
13344355,13344355,13981077
13345181,13345181,13981077
13345507,13345507,13981077
13345646,13345646,13981077
13345748,13345748,13981077
13346204,13346204,13981077
13346748,13346748,13981077
13346954,13346954,13981077
13347571,13347571,13981077
13347683,13347683,13981077
13347771,13347771,13981077
13349125,13349125,13981077
13351379,13351379,13981077
13351842,13351842,13981077
13351889,13351889,13981077
13352625,13352625,13981077
13352937,13352937,13981077
13353465,13353465,13981077
13353859,13353859,13981077
13354028,13354028,13981077
13354103,13354103,13981077
13355706,13355706,13981077
13355884,13355884,13981077
13356120,13356120,13981077
13356870,13356870,13981077
13359407,13359407,13981077
13359590,13359590,13981077
13360744,13360744,13981077
13361058,13361058,13981077
13361129,13361129,13981077
13361820,13361820,13981077
13361867,13361867,13981077
13362275,13362275,13981077
13362354,13362354,13981077
13362357,13362357,13981077
13362847,13362847,13981077
13365407,13365407,13981077
13365502,13365502,13981077
13366563,13366563,13981077
13367500,13367500,13981077
13367529,13367529,13981077
13367765,13367765,13981077
13367984,13367984,13981077
13368243,13368243,13981077
13368511,13368511,13981077
13368740,13368740,13981077
13369517,13369517,13981077
13370245,13370245,13981077
13370456,13370456,13981077
13371353,13371353,13981077
13371456,13371456,13981077
13371689,13371689,13981077
13372017,13372017,13981077
13372967,13372967,13981077
13373531,13373531,13981077
13373770,13373770,13981077
13374136,13374136,13981077
13374791,13374791,13981077
13374959,13374959,13981077
13374975,13374975,13981077
13374975,13374975,13981077
13375363,13375363,13981077
13375392,13375392,13981077
13375626,13375626,13981077
13376084,13376084,13981077
13376329,13376329,13981077
13376795,13376795,13981077
13377254,13377254,13981077
13377322,13377322,13981077
13378211,13378211,13981077
13379565,13379565,13981077
13379602,13379602,13981077
13380570,13380570,13981077
13380911,13380911,13981077
13382073,13382073,13981077
13382489,13382489,13981077
13382565,13382565,13981077
13382584,13382584,13981077
13383186,13383186,13981077
13384691,13384691,13981077
13384935,13384935,13981077
13385238,13385238,13981077
13385280,13385280,13981077
13385354,13385354,13981077
13385521,13385521,13981077
13385641,13385641,13981077
13385714,13385714,13981077
13385751,13385751,13981077
13385921,13385921,13981077
13388284,13388284,13981077
13388868,13388868,13981077
13389012,13389012,13981077
13389095,13389095,13981077
13389743,13389743,13981077
13389878,13389878,13981077
13389990,13389990,13981077
13390122,13390122,13981077
13390957,13390957,13981077
13391415,13391415,13981077
13391674,13391674,13981077
13392555,13392555,13981077
13393450,13393450,13981077
13393617,13393617,13981077
13393904,13393904,13981077
13394239,13394239,13981077
13394256,13394256,13981077
13395218,13395218,13981077
13395583,13395583,13981077
13395742,13395742,13981077
13396543,13396543,13981077
13396739,13396739,13981077
13397894,13397894,13981077
13400860,13400860,13981077
13400981,13400981,13981077
13401178,13401178,13981077
13401822,13401822,13981077
13402206,13402206,13981077
13402618,13402618,13981077
13402782,13402782,13981077
13403454,13403454,13981077
13403608,13403608,13981077
13403616,13403616,13981077
13403649,13403649,13981077
13403722,13403722,13981077
13404758,13404758,13981077
13405155,13405155,13981077
13405550,13405550,13981077
13406057,13406057,13981077
13406061,13406061,13981077
13406203,13406203,13981077
13408259,13408259,13981077
13409686,13409686,13981077
13409811,13409811,13981077
13410422,13410422,13981077
13411005,13411005,13981077
13411039,13411039,13981077
13411370,13411370,13981077
13412187,13412187,13981077
13412258,13412258,13981077
13413488,13413488,13981077
13413834,13413834,13981077
13414038,13414038,13981077
13414661,13414661,13981077
13414977,13414977,13981077
13415518,13415518,13981077
13415724,13415724,13981077
13416379,13416379,13981077
13416402,13416402,13981077
13416567,13416567,13981077
13416699,13416699,13981077
13416759,13416759,13981077
13416853,13416853,13981077
13416892,13416892,13981077
13417205,13417205,13981077
13417381,13417381,13981077
13418143,13418143,13981077
13418358,13418358,13981077
13418519,13418519,13981077
13419022,13419022,13981077
13420018,13420018,13981077
13420246,13420246,13981077
13420572,13420572,13981077
13421577,13421577,13981077
13422662,13422662,13981077
13422683,13422683,13981077
13422900,13422900,13981077
13423706,13423706,13981077
13424232,13424232,13981077
13424717,13424717,13981077
13424742,13424742,13981077
13425354,13425354,13981077
13425707,13425707,13981077
13425994,13425994,13981077
13426587,13426587,13981077
13427139,13427139,13981077
13427713,13427713,13981077
13427941,13427941,13981077
13428662,13428662,13981077
13430424,13430424,13981077
13431924,13431924,13981077
13432160,13432160,13981077
13432290,13432290,13981077
13433235,13433235,13981077
13433274,13433274,13981077
13433430,13433430,13981077
13434079,13434079,13981077
13434385,13434385,13981077
13434393,13434393,13981077
13435875,13435875,13981077
13436632,13436632,13981077
13436634,13436634,13981077
13437220,13437220,13981077
13437966,13437966,13981077
13438267,13438267,13981077
13438888,13438888,13981077
13439175,13439175,13981077
13440128,13440128,13981077
13441005,13441005,13981077
13442365,13442365,13981077
13442787,13442787,13981077
13443765,13443765,13981077
13443931,13443931,13981077
13443950,13443950,13981077
13444481,13444481,13981077
13444623,13444623,13981077
13444691,13444691,13981077
13445249,13445249,13981077
13445644,13445644,13981077
13447477,13447477,13981077
13448535,13448535,13981077
13448626,13448626,13981077
13449405,13449405,13981077
13449659,13449659,13981077
13449939,13449939,13981077
13451597,13451597,13981077
13451864,13451864,13981077
13452042,13452042,13981077
13452154,13452154,13981077
13452159,13452159,13981077
13453103,13453103,13981077
13453962,13453962,13981077
13454107,13454107,13981077
13454274,13454274,13981077
13454841,13454841,13981077
13455241,13455241,13981077
13455345,13455345,13981077
13455355,13455355,13981077
13455602,13455602,13981077
13455676,13455676,13981077
13455765,13455765,13981077
13456204,13456204,13981077
13456243,13456243,13981077
13456243,13456243,13981077
13457065,13457065,13981077
13457467,13457467,13981077
13458026,13458026,13981077
13458168,13458168,13981077
13458604,13458604,13981077
13459057,13459057,13981077
13459091,13459091,13981077
13459537,13459537,13981077
13459594,13459594,13981077
13459652,13459652,13981077
13461125,13461125,13981077
13462723,13462723,13981077
13463174,13463174,13981077
13463728,13463728,13981077
13464899,13464899,13981077
13465506,13465506,13981077
13465917,13465917,13981077
13468075,13468075,13981077
13469993,13469993,13981077
13470129,13470129,13981077
13470658,13470658,13981077
13471535,13471535,13981077
13471656,13471656,13981077
13471717,13471717,13981077
13471905,13471905,13981077
13471987,13471987,13981077
13472013,13472013,13981077
13472061,13472061,13981077
13472745,13472745,13981077
13473055,13473055,13981077
13473172,13473172,13981077
13473269,13473269,13981077
13473800,13473800,13981077
13474246,13474246,13981077
13475624,13475624,13981077
13475742,13475742,13981077
13475876,13475876,13981077
13477066,13477066,13981077
13478266,13478266,13981077
13478537,13478537,13981077
13479142,13479142,13981077
13479452,13479452,13981077
13479856,13479856,13981077
13480413,13480413,13981077
13480942,13480942,13981077
13481152,13481152,13981077
13481278,13481278,13981077
13481486,13481486,13981077
13481491,13481491,13981077
13481604,13481604,13981077
13482141,13482141,13981077
13482526,13482526,13981077
13482747,13482747,13981077
13483368,13483368,13981077
13483589,13483589,13981077
13483673,13483673,13981077
13483744,13483744,13981077
13484074,13484074,13981077
13484238,13484238,13981077
13484287,13484287,13981077
13484990,13484990,13981077
13485261,13485261,13981077
13486741,13486741,13981077
13486885,13486885,13981077
13487164,13487164,13981077
13487351,13487351,13981077
13487566,13487566,13981077
13487813,13487813,13981077
13488015,13488015,13981077
13488374,13488374,13981077
13488727,13488727,13981077
13489354,13489354,13981077
13490399,13490399,13981077
13490769,13490769,13981077
13491430,13491430,13981077
13491787,13491787,13981077
13492029,13492029,13981077
13492060,13492060,13981077
13492676,13492676,13981077
13492771,13492771,13981077
13493144,13493144,13981077
13493951,13493951,13981077
13494367,13494367,13981077
13494462,13494462,13981077
13494880,13494880,13981077
13495132,13495132,13981077
13495161,13495161,13981077
13495442,13495442,13981077
13495521,13495521,13981077
13496031,13496031,13981077
13496717,13496717,13981077
13497457,13497457,13981077
13498312,13498312,13981077
13498369,13498369,13981077
13498885,13498885,13981077
13499261,13499261,13981077
13499708,13499708,13981077
13500094,13500094,13981077
13500332,13500332,13981077
13500642,13500642,13981077
13500880,13500880,13981077
13502236,13502236,13981077
13502298,13502298,13981077
13502661,13502661,13981077
13502703,13502703,13981077
13503395,13503395,13981077
13503730,13503730,13981077
13503856,13503856,13981077
13504315,13504315,13981077
13505203,13505203,13981077
13505223,13505223,13981077
13505306,13505306,13981077
13505510,13505510,13981077
13505687,13505687,13981077
13506017,13506017,13981077
13506562,13506562,13981077
13506601,13506601,13981077
13506828,13506828,13981077
13506951,13506951,13981077
13507951,13507951,13981077
13508292,13508292,13981077
13508672,13508672,13981077
13508724,13508724,13981077
13508898,13508898,13981077
13509058,13509058,13981077
13509658,13509658,13981077
13509711,13509711,13981077
13509889,13509889,13981077
13510886,13510886,13981077
13512638,13512638,13981077
13512701,13512701,13981077
13513044,13513044,13981077
13513810,13513810,13981077
13514408,13514408,13981077
13515255,13515255,13981077
13515580,13515580,13981077
13515783,13515783,13981077
13516391,13516391,13981077
13516690,13516690,13981077
13516774,13516774,13981077
13516909,13516909,13981077
13518721,13518721,13981077
13519329,13519329,13981077
13519344,13519344,13981077
13519490,13519490,13981077
13520118,13520118,13981077
13520180,13520180,13981077
13521115,13521115,13981077
13521657,13521657,13981077
13521768,13521768,13981077
13522369,13522369,13981077
13522553,13522553,13981077
13522566,13522566,13981077
13523373,13523373,13981077
13523678,13523678,13981077
13523816,13523816,13981077
13525488,13525488,13981077
13525690,13525690,13981077
13525941,13525941,13981077
13526579,13526579,13981077
13526743,13526743,13981077
13526805,13526805,13981077
13528133,13528133,13981077
13528720,13528720,13981077
13528919,13528919,13981077
13529382,13529382,13981077
13529576,13529576,13981077
13529787,13529787,13981077
13530285,13530285,13981077
13530841,13530841,13981077
13531569,13531569,13981077
13532407,13532407,13981077
13533013,13533013,13981077
13533533,13533533,13981077
13533791,13533791,13981077
13533947,13533947,13981077
13534594,13534594,13981077
13534686,13534686,13981077
13535895,13535895,13981077
13536235,13536235,13981077
13536552,13536552,13981077
13536688,13536688,13981077
13536970,13536970,13981077
13537001,13537001,13981077
13537020,13537020,13981077
13537256,13537256,13981077
13537754,13537754,13981077
13538621,13538621,13981077
13538755,13538755,13981077
13539813,13539813,13981077
13540214,13540214,13981077
13540311,13540311,13981077
13540402,13540402,13981077
13540872,13540872,13981077
13541515,13541515,13981077
13541980,13541980,13981077
13542276,13542276,13981077
13542893,13542893,13981077
13542942,13542942,13981077
13543001,13543001,13981077
13543892,13543892,13981077
13544162,13544162,13981077
13545041,13545041,13981077
13545995,13545995,13981077
13545998,13545998,13981077
13546272,13546272,13981077
13547309,13547309,13981077
13547992,13547992,13981077
13548199,13548199,13981077
13548470,13548470,13981077
13548665,13548665,13981077
13550607,13550607,13981077
13550850,13550850,13981077
13550856,13550856,13981077
13550894,13550894,13981077
13551984,13551984,13981077
13552338,13552338,13981077
13552601,13552601,13981077
13552725,13552725,13981077
13552962,13552962,13981077
13553295,13553295,13981077
13553670,13553670,13981077
13553722,13553722,13981077
13553968,13553968,13981077
13554204,13554204,13981077
13554403,13554403,13981077
13554803,13554803,13981077
13555714,13555714,13981077
13556735,13556735,13981077
13556785,13556785,13981077
13557350,13557350,13981077
13557451,13557451,13981077
13558289,13558289,13981077
13558336,13558336,13981077
13559992,13559992,13981077
13560685,13560685,13981077
13560800,13560800,13981077
13562661,13562661,13981077
13562831,13562831,13981077
13563212,13563212,13981077
13564077,13564077,13981077
13564259,13564259,13981077
13564452,13564452,13981077
13564936,13564936,13981077
13565614,13565614,13981077
13566577,13566577,13981077
13566885,13566885,13981077
13567849,13567849,13981077
13570227,13570227,13981077
13571216,13571216,13981077
13571262,13571262,13981077
13571604,13571604,13981077
13571610,13571610,13981077
13571779,13571779,13981077
13572031,13572031,13981077
13572533,13572533,13981077
13572733,13572733,13981077
13572742,13572742,13981077
13572869,13572869,13981077
13573298,13573298,13981077
13573313,13573313,13981077
13573925,13573925,13981077
13573934,13573934,13981077
13574024,13574024,13981077
13574277,13574277,13981077
13574615,13574615,13981077
13575559,13575559,13981077
13576222,13576222,13981077
13576784,13576784,13981077
13578190,13578190,13981077
13579112,13579112,13981077
13579252,13579252,13981077
13579867,13579867,13981077
13580422,13580422,13981077
13581869,13581869,13981077
13582819,13582819,13981077
13583015,13583015,13981077
13585305,13585305,13981077
13585565,13585565,13981077
13586812,13586812,13981077
13586966,13586966,13981077
13587072,13587072,13981077
13587732,13587732,13981077
13589517,13589517,13981077
13590119,13590119,13981077
13590880,13590880,13981077
13591566,13591566,13981077
13591988,13591988,13981077
13592229,13592229,13981077
13593742,13593742,13981077
13593900,13593900,13981077
13594095,13594095,13981077
13594212,13594212,13981077
13594469,13594469,13981077
13595773,13595773,13981077
13596107,13596107,13981077
13596183,13596183,13981077
13597628,13597628,13981077
13597841,13597841,13981077
13598208,13598208,13981077
13598334,13598334,13981077
13599240,13599240,13981077
13600885,13600885,13981077
13601263,13601263,13981077
13601565,13601565,13981077
13601863,13601863,13981077
13602398,13602398,13981077
13604503,13604503,13981077
13604582,13604582,13981077
13604794,13604794,13981077
13606215,13606215,13981077
13606674,13606674,13981077
13606706,13606706,13981077
13607651,13607651,13981077
13607876,13607876,13981077
13608249,13608249,13981077
13608325,13608325,13981077
13608965,13608965,13981077
13609391,13609391,13981077
13609701,13609701,13981077
13610811,13610811,13981077
13611301,13611301,13981077
13612038,13612038,13981077
13612302,13612302,13981077
13612471,13612471,13981077
13613108,13613108,13981077
13613782,13613782,13981077
13614169,13614169,13981077
13616497,13616497,13981077
13616557,13616557,13981077
13616642,13616642,13981077
13617301,13617301,13981077
13617393,13617393,13981077
13618120,13618120,13981077
13618191,13618191,13981077
13618238,13618238,13981077
13619511,13619511,13981077
13619623,13619623,13981077
13620609,13620609,13981077
13620770,13620770,13981077
13622597,13622597,13981077
13623410,13623410,13981077
13623506,13623506,13981077
13624302,13624302,13981077
13624677,13624677,13981077
13625421,13625421,13981077
13626324,13626324,13981077
13626661,13626661,13981077
13626690,13626690,13981077
13626844,13626844,13981077
13627302,13627302,13981077
13627476,13627476,13981077
13627530,13627530,13981077
13627634,13627634,13981077
13628184,13628184,13981077
13628708,13628708,13981077
13629595,13629595,13981077
13629852,13629852,13981077
13630521,13630521,13981077
13631097,13631097,13981077
13631809,13631809,13981077
13631988,13631988,13981077
13633178,13633178,13981077
13633870,13633870,13981077
13634054,13634054,13981077
13634300,13634300,13981077
13634524,13634524,13981077
13635119,13635119,13981077
13635196,13635196,13981077
13635420,13635420,13981077
13635713,13635713,13981077
13636011,13636011,13981077
13636785,13636785,13981077
13637452,13637452,13981077
13638022,13638022,13981077
13638889,13638889,13981077
13639605,13639605,13981077
13640900,13640900,13981077
13643870,13643870,13981077
13643981,13643981,13981077
13644276,13644276,13981077
13645287,13645287,13981077
13646933,13646933,13981077
13646971,13646971,13981077
13647202,13647202,13981077
13648478,13648478,13981077
13648625,13648625,13981077
13648858,13648858,13981077
13649142,13649142,13981077
13649630,13649630,13981077
13650375,13650375,13981077
13650970,13650970,13981077
13651698,13651698,13981077
13651717,13651717,13981077
13653171,13653171,13981077
13653916,13653916,13981077
13653936,13653936,13981077
13654920,13654920,13981077
13655091,13655091,13981077
13655708,13655708,13981077
13657425,13657425,13981077
13659954,13659954,13981077
13660135,13660135,13981077
13660282,13660282,13981077
13660291,13660291,13981077
13661081,13661081,13981077
13661091,13661091,13981077
13661308,13661308,13981077
13661528,13661528,13981077
13662241,13662241,13981077
13662451,13662451,13981077
13662611,13662611,13981077
13662872,13662872,13981077
13663080,13663080,13981077
13663905,13663905,13981077
13664648,13664648,13981077
13665464,13665464,13981077
13665835,13665835,13981077
13666258,13666258,13981077
13666317,13666317,13981077
13666937,13666937,13981077
13667536,13667536,13981077
13668337,13668337,13981077
13668542,13668542,13981077
13668713,13668713,13981077
13668799,13668799,13981077
13669130,13669130,13981077
13669277,13669277,13981077
13670168,13670168,13981077
13670696,13670696,13981077
13670844,13670844,13981077
13671040,13671040,13981077
13671217,13671217,13981077
13671555,13671555,13981077
13671794,13671794,13981077
13671822,13671822,13981077
13673442,13673442,13981077
13673647,13673647,13981077
13673694,13673694,13981077
13673765,13673765,13981077
13673886,13673886,13981077
13674351,13674351,13981077
13675697,13675697,13981077
13676003,13676003,13981077
13676566,13676566,13981077
13676841,13676841,13981077
13676857,13676857,13981077
13676979,13676979,13981077
13677028,13677028,13981077
13678058,13678058,13981077
13678129,13678129,13981077
13678371,13678371,13981077
13678629,13678629,13981077
13679815,13679815,13981077
13680738,13680738,13981077
13681209,13681209,13981077
13681412,13681412,13981077
13682272,13682272,13981077
13682375,13682375,13981077
13683101,13683101,13981077
13683503,13683503,13981077
13683547,13683547,13981077
13684003,13684003,13981077
13684198,13684198,13981077
13684909,13684909,13981077
13686768,13686768,13981077
13687163,13687163,13981077
13688368,13688368,13981077
13688988,13688988,13981077
13689344,13689344,13981077
13689813,13689813,13981077
13690219,13690219,13981077
13692062,13692062,13981077
13693195,13693195,13981077
13693339,13693339,13981077
13693908,13693908,13981077
13694429,13694429,13981077
13694684,13694684,13981077
13694920,13694920,13981077
13694974,13694974,13981077
13696025,13696025,13981077
13696480,13696480,13981077
13697335,13697335,13981077
13697758,13697758,13981077
13698313,13698313,13981077
13699677,13699677,13981077
13699983,13699983,13981077
13700703,13700703,13981077
13700779,13700779,13981077
13700987,13700987,13981077
13701301,13701301,13981077
13701813,13701813,13981077
13701919,13701919,13981077
13702380,13702380,13981077
13702668,13702668,13981077
13703459,13703459,13981077
13703772,13703772,13981077
13704067,13704067,13981077
13704450,13704450,13981077
13705071,13705071,13981077
13706017,13706017,13981077
13706265,13706265,13981077
13707088,13707088,13981077
13708921,13708921,13981077
13709229,13709229,13981077
13709718,13709718,13981077
13710784,13710784,13981077
13710987,13710987,13981077
13712419,13712419,13981077
13712972,13712972,13981077
13713574,13713574,13981077
13714420,13714420,13981077
13714542,13714542,13981077
13714692,13714692,13981077
13714720,13714720,13981077
13715313,13715313,13981077
13716050,13716050,13981077
13716467,13716467,13981077
13716740,13716740,13981077
13716990,13716990,13981077
13717049,13717049,13981077
13717103,13717103,13981077
13717440,13717440,13981077
13717469,13717469,13981077
13717503,13717503,13981077
13717585,13717585,13981077
13717854,13717854,13981077
13717859,13717859,13981077
13718233,13718233,13981077
13718935,13718935,13981077
13719333,13719333,13981077
13720211,13720211,13981077
13721005,13721005,13981077
13723176,13723176,13981077
13723553,13723553,13981077
13723753,13723753,13981077
13724349,13724349,13981077
13724436,13724436,13981077
13724506,13724506,13981077
13724728,13724728,13981077
13724964,13724964,13981077
13725807,13725807,13981077
13726156,13726156,13981077
13727274,13727274,13981077
13727578,13727578,13981077
13727637,13727637,13981077
13728094,13728094,13981077
13728476,13728476,13981077
13728688,13728688,13981077
13729224,13729224,13981077
13730918,13730918,13981077
13731205,13731205,13981077
13731577,13731577,13981077
13731651,13731651,13981077
13731785,13731785,13981077
13732274,13732274,13981077
13732890,13732890,13981077
13732969,13732969,13981077
13734346,13734346,13981077
13734584,13734584,13981077
13734716,13734716,13981077
13734972,13734972,13981077
13735121,13735121,13981077
13735319,13735319,13981077
13735613,13735613,13981077
13735779,13735779,13981077
13735917,13735917,13981077
13736626,13736626,13981077
13737972,13737972,13981077
13738328,13738328,13981077
13739382,13739382,13981077
13739717,13739717,13981077
13741470,13741470,13981077
13742765,13742765,13981077
13743014,13743014,13981077
13743780,13743780,13981077
13744600,13744600,13981077
13744631,13744631,13981077
13744920,13744920,13981077
13745492,13745492,13981077
13745988,13745988,13981077
13747394,13747394,13981077
13748200,13748200,13981077
13748702,13748702,13981077
13748978,13748978,13981077
13750807,13750807,13981077
13750933,13750933,13981077
13751035,13751035,13981077
13751047,13751047,13981077
13751519,13751519,13981077
13751794,13751794,13981077
13752098,13752098,13981077
13752330,13752330,13981077
13752500,13752500,13981077
13752783,13752783,13981077
13753096,13753096,13981077
13753449,13753449,13981077
13753545,13753545,13981077
13753642,13753642,13981077
13754277,13754277,13981077
13754539,13754539,13981077
13754885,13754885,13981077
13755167,13755167,13981077
13756046,13756046,13981077
13756297,13756297,13981077
13756704,13756704,13981077
13756982,13756982,13981077
13757423,13757423,13981077
13757468,13757468,13981077
13757782,13757782,13981077
13759304,13759304,13981077
13760035,13760035,13981077
13760196,13760196,13981077
13760503,13760503,13981077
13760600,13760600,13981077
13761407,13761407,13981077
13761457,13761457,13981077
13761882,13761882,13981077
13762597,13762597,13981077
13763633,13763633,13981077
13763989,13763989,13981077
13764853,13764853,13981077
13765346,13765346,13981077
13765795,13765795,13981077
13765836,13765836,13981077
13766584,13766584,13981077
13767399,13767399,13981077
13768064,13768064,13981077
13768163,13768163,13981077
13769153,13769153,13981077
13770426,13770426,13981077
13770495,13770495,13981077
13771024,13771024,13981077
13771922,13771922,13981077
13772750,13772750,13981077
13774573,13774573,13981077
13775389,13775389,13981077
13775865,13775865,13981077
13777158,13777158,13981077
13777565,13777565,13981077
13779155,13779155,13981077
13779607,13779607,13981077
13779730,13779730,13981077
13780832,13780832,13981077
13781512,13781512,13981077
13782948,13782948,13981077
13783070,13783070,13981077
13783958,13783958,13981077
13784423,13784423,13981077
13786100,13786100,13981077
13786333,13786333,13981077
13787087,13787087,13981077
13787291,13787291,13981077
13787490,13787490,13981077
13788192,13788192,13981077
13789623,13789623,13981077
13790428,13790428,13981077
13790574,13790574,13981077
13791522,13791522,13981077
13791591,13791591,13981077
13792309,13792309,13981077
13792364,13792364,13981077
13792426,13792426,13981077
13792818,13792818,13981077
13792824,13792824,13981077
13794257,13794257,13981077
13794458,13794458,13981077
13794639,13794639,13981077
13794794,13794794,13981077
13795030,13795030,13981077
13796292,13796292,13981077
13796472,13796472,13981077
13797316,13797316,13981077
13797466,13797466,13981077
13797832,13797832,13981077
13797976,13797976,13981077
13799060,13799060,13981077
13799762,13799762,13981077
13799816,13799816,13981077
13799957,13799957,13981077
13800237,13800237,13981077
13800891,13800891,13981077
13801281,13801281,13981077
13801403,13801403,13981077
13801567,13801567,13981077
13802748,13802748,13981077
13803017,13803017,13981077
13803228,13803228,13981077
13803415,13803415,13981077
13803622,13803622,13981077
13803715,13803715,13981077
13803851,13803851,13981077
13803979,13803979,13981077
13804023,13804023,13981077
13804260,13804260,13981077
13804771,13804771,13981077
13805119,13805119,13981077
13805163,13805163,13981077
13805700,13805700,13981077
13806281,13806281,13981077
13808846,13808846,13981077
13809441,13809441,13981077
13809521,13809521,13981077
13810604,13810604,13981077
13811172,13811172,13981077
13811636,13811636,13981077
13811688,13811688,13981077
13811985,13811985,13981077
13812009,13812009,13981077
13812392,13812392,13981077
13812430,13812430,13981077
13813164,13813164,13981077
13814247,13814247,13981077
13814289,13814289,13981077
13814347,13814347,13981077
13814374,13814374,13981077
13814470,13814470,13981077
13814613,13814613,13981077
13814937,13814937,13981077
13815109,13815109,13981077
13815279,13815279,13981077
13815914,13815914,13981077
13815981,13815981,13981077
13817351,13817351,13981077
13817677,13817677,13981077
13818523,13818523,13981077
13819467,13819467,13981077
13819903,13819903,13981077
13820073,13820073,13981077
13820462,13820462,13981077
13820693,13820693,13981077
13821470,13821470,13981077
13821664,13821664,13981077
13822442,13822442,13981077
13822538,13822538,13981077
13823299,13823299,13981077
13823365,13823365,13981077
13824946,13824946,13981077
13824952,13824952,13981077
13825831,13825831,13981077
13826113,13826113,13981077
13826394,13826394,13981077
13826683,13826683,13981077
13827510,13827510,13981077
13828524,13828524,13981077
13828616,13828616,13981077
13828953,13828953,13981077
13829778,13829778,13981077
13830127,13830127,13981077
13831495,13831495,13981077
13832227,13832227,13981077
13832253,13832253,13981077
13832604,13832604,13981077
13833690,13833690,13981077
13833707,13833707,13981077
13833713,13833713,13981077
13833828,13833828,13981077
13834970,13834970,13981077
13835481,13835481,13981077
13835545,13835545,13981077
13836042,13836042,13981077
13836284,13836284,13981077
13837170,13837170,13981077
13838778,13838778,13981077
13839364,13839364,13981077
13839831,13839831,13981077
13839863,13839863,13981077
13840062,13840062,13981077
13840182,13840182,13981077
13840907,13840907,13981077
13842144,13842144,13981077
13842640,13842640,13981077
13842869,13842869,13981077
13843049,13843049,13981077
13843102,13843102,13981077
13843407,13843407,13981077
13843874,13843874,13981077
13844427,13844427,13981077
13844567,13844567,13981077
13844631,13844631,13981077
13844671,13844671,13981077
13845849,13845849,13981077
13846163,13846163,13981077
13846441,13846441,13981077
13847054,13847054,13981077
13847190,13847190,13981077
13847452,13847452,13981077
13848407,13848407,13981077
13848679,13848679,13981077
13849324,13849324,13981077
13849435,13849435,13981077
13849737,13849737,13981077
13850337,13850337,13981077
13850695,13850695,13981077
13851364,13851364,13981077
13851575,13851575,13981077
13851801,13851801,13981077
13852011,13852011,13981077
13852274,13852274,13981077
13852687,13852687,13981077
13852865,13852865,13981077
13853128,13853128,13981077
13853572,13853572,13981077
13853601,13853601,13981077
13853612,13853612,13981077
13854291,13854291,13981077
13854423,13854423,13981077
13854641,13854641,13981077
13854930,13854930,13981077
13855364,13855364,13981077
13855575,13855575,13981077
13855671,13855671,13981077
13855722,13855722,13981077
13855953,13855953,13981077
13856018,13856018,13981077
13857159,13857159,13981077
13857699,13857699,13981077
13857782,13857782,13981077
13858014,13858014,13981077
13858270,13858270,13981077
13858574,13858574,13981077
13860167,13860167,13981077
13861460,13861460,13981077
13861784,13861784,13981077
13861807,13861807,13981077
13862421,13862421,13981077
13862602,13862602,13981077
13862681,13862681,13981077
13864312,13864312,13981077
13864380,13864380,13981077
13865401,13865401,13981077
13865534,13865534,13981077
13865585,13865585,13981077
13865780,13865780,13981077
13865804,13865804,13981077
13867732,13867732,13981077
13868975,13868975,13981077
13868977,13868977,13981077
13869093,13869093,13981077
13869100,13869100,13981077
13869415,13869415,13981077
13869813,13869813,13981077
13871451,13871451,13981077
13871480,13871480,13981077
13871550,13871550,13981077
13872043,13872043,13981077
13872547,13872547,13981077
13872603,13872603,13981077
13873328,13873328,13981077
13873892,13873892,13981077
13874945,13874945,13981077
13875291,13875291,13981077
13875365,13875365,13981077
13875543,13875543,13981077
13875857,13875857,13981077
13876613,13876613,13981077
13876851,13876851,13981077
13877560,13877560,13981077
13877988,13877988,13981077
13878423,13878423,13981077
13878606,13878606,13981077
13879915,13879915,13981077
13879947,13879947,13981077
13880185,13880185,13981077
13880795,13880795,13981077
13880931,13880931,13981077
13881183,13881183,13981077
13881473,13881473,13981077
13883270,13883270,13981077
13883370,13883370,13981077
13883390,13883390,13981077
13883451,13883451,13981077
13884055,13884055,13981077
13884168,13884168,13981077
13884535,13884535,13981077
13884671,13884671,13981077
13885659,13885659,13981077
13885861,13885861,13981077
13886392,13886392,13981077
13886479,13886479,13981077
13886481,13886481,13981077
13886658,13886658,13981077
13886979,13886979,13981077
13887895,13887895,13981077
13888206,13888206,13981077
13888645,13888645,13981077
13889488,13889488,13981077
13889494,13889494,13981077
13889525,13889525,13981077
13889804,13889804,13981077
13890733,13890733,13981077
13891129,13891129,13981077
13891378,13891378,13981077
13891821,13891821,13981077
13892419,13892419,13981077
13892580,13892580,13981077
13893140,13893140,13981077
13893348,13893348,13981077
13893769,13893769,13981077
13894079,13894079,13981077
13894337,13894337,13981077
13894821,13894821,13981077
13894902,13894902,13981077
13896588,13896588,13981077
13896886,13896886,13981077
13897676,13897676,13981077
13898231,13898231,13981077
13898562,13898562,13981077
13898918,13898918,13981077
13899364,13899364,13981077
13899608,13899608,13981077
13899678,13899678,13981077
13899843,13899843,13981077
13899978,13899978,13981077
13900755,13900755,13981077
13901525,13901525,13981077
13901874,13901874,13981077
13901932,13901932,13981077
13901943,13901943,13981077
13901980,13901980,13981077
13902107,13902107,13981077
13902200,13902200,13981077
13903008,13903008,13981077
13903117,13903117,13981077
13904065,13904065,13981077
13904622,13904622,13981077
13905645,13905645,13981077
13906141,13906141,13981077
13906671,13906671,13981077
13906723,13906723,13981077
13906892,13906892,13981077
13907052,13907052,13981077
13907233,13907233,13981077
13907482,13907482,13981077
13907523,13907523,13981077
13907949,13907949,13981077
13909072,13909072,13981077
13909396,13909396,13981077
13910542,13910542,13981077
13910929,13910929,13981077
13911243,13911243,13981077
13911880,13911880,13981077
13911983,13911983,13981077
13912162,13912162,13981077
13913863,13913863,13981077
13915317,13915317,13981077
13915574,13915574,13981077
13915877,13915877,13981077
13916111,13916111,13981077
13916768,13916768,13981077
13917930,13917930,13981077
13918682,13918682,13981077
13919091,13919091,13981077
13919473,13919473,13981077
13919804,13919804,13981077
13920040,13920040,13981077
13920248,13920248,13981077
13920501,13920501,13981077
13920628,13920628,13981077
13921419,13921419,13981077
13921892,13921892,13981077
13921898,13921898,13981077
13922037,13922037,13981077
13922050,13922050,13981077
13922584,13922584,13981077
13922808,13922808,13981077
13924031,13924031,13981077
13924176,13924176,13981077
13925729,13925729,13981077
13926247,13926247,13981077
13926295,13926295,13981077
13926459,13926459,13981077
13926621,13926621,13981077
13926662,13926662,13981077
13927195,13927195,13981077
13927678,13927678,13981077
13928991,13928991,13981077
13930171,13930171,13981077
13930805,13930805,13981077
13930934,13930934,13981077
13931204,13931204,13981077
13931257,13931257,13981077
13931931,13931931,13981077
13932048,13932048,13981077
13933203,13933203,13981077
13933932,13933932,13981077
13934003,13934003,13981077
13937323,13937323,13981077
13937621,13937621,13981077
13938329,13938329,13981077
13938485,13938485,13981077
13938664,13938664,13981077
13939058,13939058,13981077
13939261,13939261,13981077
13939342,13939342,13981077
13939597,13939597,13981077
13940564,13940564,13981077
13941822,13941822,13981077
13942203,13942203,13981077
13942268,13942268,13981077
13943750,13943750,13981077
13944139,13944139,13981077
13946063,13946063,13981077
13946068,13946068,13981077
13947301,13947301,13981077
13947628,13947628,13981077
13947669,13947669,13981077
13948260,13948260,13981077
13948401,13948401,13981077
13950816,13950816,13981077
13950870,13950870,13981077
13950915,13950915,13981077
13950928,13950928,13981077
13951416,13951416,13981077
13952276,13952276,13981077
13952403,13952403,13981077
13952797,13952797,13981077
13953120,13953120,13981077
13953202,13953202,13981077
13955199,13955199,13981077
13955581,13955581,13981077
13955758,13955758,13981077
13955806,13955806,13981077
13955933,13955933,13981077
13956201,13956201,13981077
13958052,13958052,13981077
13959103,13959103,13981077
13959606,13959606,13981077
13960259,13960259,13981077
13961393,13961393,13981077
13961635,13961635,13981077
13961769,13961769,13981077
13962024,13962024,13981077
13962655,13962655,13981077
13962806,13962806,13981077
13963032,13963032,13981077
13963058,13963058,13981077
13963329,13963329,13981077
13963448,13963448,13981077
13963469,13963469,13981077
13964034,13964034,13981077
13964641,13964641,13981077
13964981,13964981,13981077
13966281,13966281,13981077
13966828,13966828,13981077
13967555,13967555,13981077
13968488,13968488,13981077
13968686,13968686,13981077
13968987,13968987,13981077
13969885,13969885,13981077
13970224,13970224,13981077
13970761,13970761,13981077
13970766,13970766,13981077
13970883,13970883,13981077
13971582,13971582,13981077
13973040,13973040,13981077
13974096,13974096,13981077
13974121,13974121,13981077
13974950,13974950,13981077
13975607,13975607,13981077
13976511,13976511,13981077
13977825,13977825,13981077
13978076,13978076,13981077
13978568,13978568,13981077
13978613,13978613,13981077
13978682,13978682,13981077
13978933,13978933,13981077
13979532,13979532,13981077
13980545,13980545,13981077
13981041,13981041,13981077
13981556,13981556,15981958
13982127,13982127,15981958
13982294,13982294,15981958
13982842,13982842,15981958
13982986,13982986,15981958
13983411,13983411,15981958
13983424,13983424,15981958
13983606,13983606,15981958
13983727,13983727,15981958
13984059,13984059,15981958
13984558,13984558,15981958
13984598,13984598,15981958
13984681,13984681,15981958
13984759,13984759,15981958
13984860,13984860,15981958
13985832,13985832,15981958
13986444,13986444,15981958
13986712,13986712,15981958
13986903,13986903,15981958
13987077,13987077,15981958
13988133,13988133,15981958
13988371,13988371,15981958
13989751,13989751,15981958
13989936,13989936,15981958
13990329,13990329,15981958
13990671,13990671,15981958
13990740,13990740,15981958
13992165,13992165,15981958
13993007,13993007,15981958
13993924,13993924,15981958
13994739,13994739,15981958
13994969,13994969,15981958
13995489,13995489,15981958
13995814,13995814,15981958
13996868,13996868,15981958
13996995,13996995,15981958
13997723,13997723,15981958
13997940,13997940,15981958
13998808,13998808,15981958
14000222,14000222,15981958
14000329,14000329,15981958
14001281,14001281,15981958
14001376,14001376,15981958
14001552,14001552,15981958
14001702,14001702,15981958
14001716,14001716,15981958
14002069,14002069,15981958
14002580,14002580,15981958
14003009,14003009,15981958
14003617,14003617,15981958
14003639,14003639,15981958
14003746,14003746,15981958
14003904,14003904,15981958
14003978,14003978,15981958
14005194,14005194,15981958
14005527,14005527,15981958
14007138,14007138,15981958
14007253,14007253,15981958
14008133,14008133,15981958
14009196,14009196,15981958
14009513,14009513,15981958
14010071,14010071,15981958
14010957,14010957,15981958
14011416,14011416,15981958
14011726,14011726,15981958
14011756,14011756,15981958
14012063,14012063,15981958
14012100,14012100,15981958
14012282,14012282,15981958
14012374,14012374,15981958
14013023,14013023,15981958
14013204,14013204,15981958
14013242,14013242,15981958
14013285,14013285,15981958
14013551,14013551,15981958
14013584,14013584,15981958
14014439,14014439,15981958
14014861,14014861,15981958
14016697,14016697,15981958
14017081,14017081,15981958
14017288,14017288,15981958
14017587,14017587,15981958
14017853,14017853,15981958
14017890,14017890,15981958
14018453,14018453,15981958
14018816,14018816,15981958
14018838,14018838,15981958
14019141,14019141,15981958
14019713,14019713,15981958
14019729,14019729,15981958
14020018,14020018,15981958
14020272,14020272,15981958
14020494,14020494,15981958
14020895,14020895,15981958
14020964,14020964,15981958
14020987,14020987,15981958
14022027,14022027,15981958
14022215,14022215,15981958
14023111,14023111,15981958
14023521,14023521,15981958
14023964,14023964,15981958
14024555,14024555,15981958
14025292,14025292,15981958
14026332,14026332,15981958
14027845,14027845,15981958
14028853,14028853,15981958
14029068,14029068,15981958
14029177,14029177,15981958
14030434,14030434,15981958
14030675,14030675,15981958
14031061,14031061,15981958
14031639,14031639,15981958
14032107,14032107,15981958
14032553,14032553,15981958
14034053,14034053,15981958
14034473,14034473,15981958
14034830,14034830,15981958
14035100,14035100,15981958
14035843,14035843,15981958
14036309,14036309,15981958
14037172,14037172,15981958
14037355,14037355,15981958
14037567,14037567,15981958
14037874,14037874,15981958
14037884,14037884,15981958
14038450,14038450,15981958
14038486,14038486,15981958
14038555,14038555,15981958
14038731,14038731,15981958
14039423,14039423,15981958
14041319,14041319,15981958
14041390,14041390,15981958
14041715,14041715,15981958
14041936,14041936,15981958
14042078,14042078,15981958
14042197,14042197,15981958
14042552,14042552,15981958
14043583,14043583,15981958
14044380,14044380,15981958
14044397,14044397,15981958
14044648,14044648,15981958
14044788,14044788,15981958
14047195,14047195,15981958
14047371,14047371,15981958
14047542,14047542,15981958
14048450,14048450,15981958
14048858,14048858,15981958
14049291,14049291,15981958
14049827,14049827,15981958
14050594,14050594,15981958
14050949,14050949,15981958
14051078,14051078,15981958
14051498,14051498,15981958
14051860,14051860,15981958
14053553,14053553,15981958
14053711,14053711,15981958
14054058,14054058,15981958
14055234,14055234,15981958
14055530,14055530,15981958
14056444,14056444,15981958
14056525,14056525,15981958
14056862,14056862,15981958
14057054,14057054,15981958
14057747,14057747,15981958
14059742,14059742,15981958
14060919,14060919,15981958
14061278,14061278,15981958
14062207,14062207,15981958
14062248,14062248,15981958
14062560,14062560,15981958
14062572,14062572,15981958
14063271,14063271,15981958
14064022,14064022,15981958
14065659,14065659,15981958
14066145,14066145,15981958
14066988,14066988,15981958
14067269,14067269,15981958
14068297,14068297,15981958
14068343,14068343,15981958
14068514,14068514,15981958
14069525,14069525,15981958
14070046,14070046,15981958
14070450,14070450,15981958
14070898,14070898,15981958
14070943,14070943,15981958
14070979,14070979,15981958
14071617,14071617,15981958
14071744,14071744,15981958
14071938,14071938,15981958
14072075,14072075,15981958
14072134,14072134,15981958
14072844,14072844,15981958
14073104,14073104,15981958
14073632,14073632,15981958
14074744,14074744,15981958
14074851,14074851,15981958
14075010,14075010,15981958
14075275,14075275,15981958
14075981,14075981,15981958
14076275,14076275,15981958
14077308,14077308,15981958
14078662,14078662,15981958
14079332,14079332,15981958
14079537,14079537,15981958
14080197,14080197,15981958
14080260,14080260,15981958
14080441,14080441,15981958
14081775,14081775,15981958
14082536,14082536,15981958
14082543,14082543,15981958
14083825,14083825,15981958
14084374,14084374,15981958
14084638,14084638,15981958
14084992,14084992,15981958
14085487,14085487,15981958
14085538,14085538,15981958
14085637,14085637,15981958
14086962,14086962,15981958
14087073,14087073,15981958
14087305,14087305,15981958
14087382,14087382,15981958
14087406,14087406,15981958
14087944,14087944,15981958
14088480,14088480,15981958
14089385,14089385,15981958
14089594,14089594,15981958
14089632,14089632,15981958
14089643,14089643,15981958
14090083,14090083,15981958
14090161,14090161,15981958
14090363,14090363,15981958
14090401,14090401,15981958
14090860,14090860,15981958
14091024,14091024,15981958
14091153,14091153,15981958
14091238,14091238,15981958
14091775,14091775,15981958
14092329,14092329,15981958
14093739,14093739,15981958
14094199,14094199,15981958
14094622,14094622,15981958
14094781,14094781,15981958
14094970,14094970,15981958
14095327,14095327,15981958
14097277,14097277,15981958
14097548,14097548,15981958
14097739,14097739,15981958
14098254,14098254,15981958
14098368,14098368,15981958
14098885,14098885,15981958
14099020,14099020,15981958
14099088,14099088,15981958
14099999,14099999,15981958
14100550,14100550,15981958
14101599,14101599,15981958
14101907,14101907,15981958
14102258,14102258,15981958
14103472,14103472,15981958
14104155,14104155,15981958
14104745,14104745,15981958
14104835,14104835,15981958
14104910,14104910,15981958
14105323,14105323,15981958
14105625,14105625,15981958
14106885,14106885,15981958
14107974,14107974,15981958
14108181,14108181,15981958
14108247,14108247,15981958
14108327,14108327,15981958
14108358,14108358,15981958
14108528,14108528,15981958
14109373,14109373,15981958
14109554,14109554,15981958
14110130,14110130,15981958
14111441,14111441,15981958
14112407,14112407,15981958
14112735,14112735,15981958
14113116,14113116,15981958
14113356,14113356,15981958
14114181,14114181,15981958
14115095,14115095,15981958
14115170,14115170,15981958
14115282,14115282,15981958
14116361,14116361,15981958
14117630,14117630,15981958
14117669,14117669,15981958
14117753,14117753,15981958
14117860,14117860,15981958
14118416,14118416,15981958
14118761,14118761,15981958
14118970,14118970,15981958
14120146,14120146,15981958
14120209,14120209,15981958
14121101,14121101,15981958
14121459,14121459,15981958
14122412,14122412,15981958
14123030,14123030,15981958
14123229,14123229,15981958
14123362,14123362,15981958
14123606,14123606,15981958
14123930,14123930,15981958
14124512,14124512,15981958
14124710,14124710,15981958
14125034,14125034,15981958
14125409,14125409,15981958
14125587,14125587,15981958
14125602,14125602,15981958
14125759,14125759,15981958
14127869,14127869,15981958
14127878,14127878,15981958
14127992,14127992,15981958
14128740,14128740,15981958
14128853,14128853,15981958
14128898,14128898,15981958
14129235,14129235,15981958
14129634,14129634,15981958
14130378,14130378,15981958
14130804,14130804,15981958
14130820,14130820,15981958
14131713,14131713,15981958
14132629,14132629,15981958
14132673,14132673,15981958
14132960,14132960,15981958
14133432,14133432,15981958
14133762,14133762,15981958
14134253,14134253,15981958
14134308,14134308,15981958
14134601,14134601,15981958
14134800,14134800,15981958
14135752,14135752,15981958
14135944,14135944,15981958
14136373,14136373,15981958
14136495,14136495,15981958
14137341,14137341,15981958
14137580,14137580,15981958
14137841,14137841,15981958
14138040,14138040,15981958
14138651,14138651,15981958
14138890,14138890,15981958
14139274,14139274,15981958
14139960,14139960,15981958
14140371,14140371,15981958
14140714,14140714,15981958
14141170,14141170,15981958
14141464,14141464,15981958
14141988,14141988,15981958
14142935,14142935,15981958
14144682,14144682,15981958
14144729,14144729,15981958
14144822,14144822,15981958
14145033,14145033,15981958
14145217,14145217,15981958
14146198,14146198,15981958
14146314,14146314,15981958
14147122,14147122,15981958
14147837,14147837,15981958
14148011,14148011,15981958
14148200,14148200,15981958
14148513,14148513,15981958
14149366,14149366,15981958
14149672,14149672,15981958
14149769,14149769,15981958
14150279,14150279,15981958
14150965,14150965,15981958
14151235,14151235,15981958
14151290,14151290,15981958
14151861,14151861,15981958
14152399,14152399,15981958
14153727,14153727,15981958
14153889,14153889,15981958
14154027,14154027,15981958
14154228,14154228,15981958
14154969,14154969,15981958
14155697,14155697,15981958
14155735,14155735,15981958
14156466,14156466,15981958
14156735,14156735,15981958
14157374,14157374,15981958
14158227,14158227,15981958
14158610,14158610,15981958
14158788,14158788,15981958
14158791,14158791,15981958
14159389,14159389,15981958
14161215,14161215,15981958
14162512,14162512,15981958
14163139,14163139,15981958
14163169,14163169,15981958
14163325,14163325,15981958
14163756,14163756,15981958
14164414,14164414,15981958
14164764,14164764,15981958
14165426,14165426,15981958
14166432,14166432,15981958
14166685,14166685,15981958
14167003,14167003,15981958
14167451,14167451,15981958
14167956,14167956,15981958
14168344,14168344,15981958
14168913,14168913,15981958
14169165,14169165,15981958
14169267,14169267,15981958
14170868,14170868,15981958
14170920,14170920,15981958
14171483,14171483,15981958
14171959,14171959,15981958
14173734,14173734,15981958
14174966,14174966,15981958
14175228,14175228,15981958
14175554,14175554,15981958
14175700,14175700,15981958
14175751,14175751,15981958
14176064,14176064,15981958
14176545,14176545,15981958
14176677,14176677,15981958
14176691,14176691,15981958
14176981,14176981,15981958
14177045,14177045,15981958
14177431,14177431,15981958
14177663,14177663,15981958
14177720,14177720,15981958
14178905,14178905,15981958
14179633,14179633,15981958
14180334,14180334,15981958
14180551,14180551,15981958
14180712,14180712,15981958
14181134,14181134,15981958
14182165,14182165,15981958
14182264,14182264,15981958
14182391,14182391,15981958
14182909,14182909,15981958
14183274,14183274,15981958
14183450,14183450,15981958
14183739,14183739,15981958
14184202,14184202,15981958
14184416,14184416,15981958
14184525,14184525,15981958
14185845,14185845,15981958
14186127,14186127,15981958
14186188,14186188,15981958
14186246,14186246,15981958
14186537,14186537,15981958
14186652,14186652,15981958
14186869,14186869,15981958
14188040,14188040,15981958
14190406,14190406,15981958
14190505,14190505,15981958
14190523,14190523,15981958
14190705,14190705,15981958
14191281,14191281,15981958
14191580,14191580,15981958
14191732,14191732,15981958
14192750,14192750,15981958
14193655,14193655,15981958
14193798,14193798,15981958
14193838,14193838,15981958
14194173,14194173,15981958
14194925,14194925,15981958
14195401,14195401,15981958
14195417,14195417,15981958
14195676,14195676,15981958
14196586,14196586,15981958
14196878,14196878,15981958
14197065,14197065,15981958
14197472,14197472,15981958
14197598,14197598,15981958
14197922,14197922,15981958
14197925,14197925,15981958
14198144,14198144,15981958
14198301,14198301,15981958
14198454,14198454,15981958
14198756,14198756,15981958
14199112,14199112,15981958
14199219,14199219,15981958
14200366,14200366,15981958
14201597,14201597,15981958
14201820,14201820,15981958
14204295,14204295,15981958
14204806,14204806,15981958
14205900,14205900,15981958
14206295,14206295,15981958
14206684,14206684,15981958
14206780,14206780,15981958
14206896,14206896,15981958
14207132,14207132,15981958
14207386,14207386,15981958
14208609,14208609,15981958
14208788,14208788,15981958
14208893,14208893,15981958
14210587,14210587,15981958
14211211,14211211,15981958
14211854,14211854,15981958
14212514,14212514,15981958
14213108,14213108,15981958
14213153,14213153,15981958
14213352,14213352,15981958
14213864,14213864,15981958
14214448,14214448,15981958
14214984,14214984,15981958
14215485,14215485,15981958
14217257,14217257,15981958
14217488,14217488,15981958
14217646,14217646,15981958
14217712,14217712,15981958
14219329,14219329,15981958
14220034,14220034,15981958
14220731,14220731,15981958
14220883,14220883,15981958
14220967,14220967,15981958
14221100,14221100,15981958
14221643,14221643,15981958
14221855,14221855,15981958
14222780,14222780,15981958
14223897,14223897,15981958
14223959,14223959,15981958
14226772,14226772,15981958
14227726,14227726,15981958
14228638,14228638,15981958
14228834,14228834,15981958
14229518,14229518,15981958
14229673,14229673,15981958
14230804,14230804,15981958
14231167,14231167,15981958
14232014,14232014,15981958
14232354,14232354,15981958
14232558,14232558,15981958
14232906,14232906,15981958
14233177,14233177,15981958
14233367,14233367,15981958
14233875,14233875,15981958
14234230,14234230,15981958
14234329,14234329,15981958
14234387,14234387,15981958
14234824,14234824,15981958
14235223,14235223,15981958
14235550,14235550,15981958
14237155,14237155,15981958
14237303,14237303,15981958
14237687,14237687,15981958
14237855,14237855,15981958
14238300,14238300,15981958
14238675,14238675,15981958
14238720,14238720,15981958
14239102,14239102,15981958
14239543,14239543,15981958
14242452,14242452,15981958
14242480,14242480,15981958
14242882,14242882,15981958
14243005,14243005,15981958
14243202,14243202,15981958
14243574,14243574,15981958
14243755,14243755,15981958
14244516,14244516,15981958
14244739,14244739,15981958
14244799,14244799,15981958
14246181,14246181,15981958
14246530,14246530,15981958
14246575,14246575,15981958
14246841,14246841,15981958
14247064,14247064,15981958
14247763,14247763,15981958
14248210,14248210,15981958
14248902,14248902,15981958
14249554,14249554,15981958
14250410,14250410,15981958
14250566,14250566,15981958
14250761,14250761,15981958
14250781,14250781,15981958
14252013,14252013,15981958
14253346,14253346,15981958
14253377,14253377,15981958
14254258,14254258,15981958
14256009,14256009,15981958
14256145,14256145,15981958
14256531,14256531,15981958
14259147,14259147,15981958
14259691,14259691,15981958
14260304,14260304,15981958
14260420,14260420,15981958
14260476,14260476,15981958
14260685,14260685,15981958
14261792,14261792,15981958
14261833,14261833,15981958
14261888,14261888,15981958
14262654,14262654,15981958
14263464,14263464,15981958
14263553,14263553,15981958
14264165,14264165,15981958
14264374,14264374,15981958
14265124,14265124,15981958
14266188,14266188,15981958
14266831,14266831,15981958
14266844,14266844,15981958
14266984,14266984,15981958
14267509,14267509,15981958
14267991,14267991,15981958
14269644,14269644,15981958
14270554,14270554,15981958
14271614,14271614,15981958
14271728,14271728,15981958
14271740,14271740,15981958
14271905,14271905,15981958
14271948,14271948,15981958
14272729,14272729,15981958
14272940,14272940,15981958
14274535,14274535,15981958
14274737,14274737,15981958
14275253,14275253,15981958
14275383,14275383,15981958
14275831,14275831,15981958
14276471,14276471,15981958
14276589,14276589,15981958
14277395,14277395,15981958
14278245,14278245,15981958
14278370,14278370,15981958
14278639,14278639,15981958
14279548,14279548,15981958
14280180,14280180,15981958
14280182,14280182,15981958
14280491,14280491,15981958
14281307,14281307,15981958
14282154,14282154,15981958
14282275,14282275,15981958
14282406,14282406,15981958
14282659,14282659,15981958
14282742,14282742,15981958
14283273,14283273,15981958
14283483,14283483,15981958
14284489,14284489,15981958
14284730,14284730,15981958
14285145,14285145,15981958
14285154,14285154,15981958
14285534,14285534,15981958
14285836,14285836,15981958
14285980,14285980,15981958
14286465,14286465,15981958
14286538,14286538,15981958
14287411,14287411,15981958
14287662,14287662,15981958
14287729,14287729,15981958
14287899,14287899,15981958
14289599,14289599,15981958
14289709,14289709,15981958
14290076,14290076,15981958
14290173,14290173,15981958
14291434,14291434,15981958
14293470,14293470,15981958
14293783,14293783,15981958
14293905,14293905,15981958
14294034,14294034,15981958
14294274,14294274,15981958
14295169,14295169,15981958
14295289,14295289,15981958
14296035,14296035,15981958
14296601,14296601,15981958
14297056,14297056,15981958
14297385,14297385,15981958
14297398,14297398,15981958
14297486,14297486,15981958
14298230,14298230,15981958
14298909,14298909,15981958
14299264,14299264,15981958
14299321,14299321,15981958
14299393,14299393,15981958
14299982,14299982,15981958
14300730,14300730,15981958
14301148,14301148,15981958
14301664,14301664,15981958
14302130,14302130,15981958
14302191,14302191,15981958
14302306,14302306,15981958
14302729,14302729,15981958
14302912,14302912,15981958
14303052,14303052,15981958
14303061,14303061,15981958
14303295,14303295,15981958
14303763,14303763,15981958
14304290,14304290,15981958
14304361,14304361,15981958
14304465,14304465,15981958
14305563,14305563,15981958
14306624,14306624,15981958
14308043,14308043,15981958
14309255,14309255,15981958
14309373,14309373,15981958
14309396,14309396,15981958
14309914,14309914,15981958
14310499,14310499,15981958
14311913,14311913,15981958
14312063,14312063,15981958
14312246,14312246,15981958
14312450,14312450,15981958
14313015,14313015,15981958
14313016,14313016,15981958
14313135,14313135,15981958
14313605,14313605,15981958
14313866,14313866,15981958
14314032,14314032,15981958
14314042,14314042,15981958
14314354,14314354,15981958
14314598,14314598,15981958
14316169,14316169,15981958
14316313,14316313,15981958
14317037,14317037,15981958
14317344,14317344,15981958
14317979,14317979,15981958
14318091,14318091,15981958
14318462,14318462,15981958
14318863,14318863,15981958
14318935,14318935,15981958
14320432,14320432,15981958
14321439,14321439,15981958
14322089,14322089,15981958
14322480,14322480,15981958
14322512,14322512,15981958
14322601,14322601,15981958
14322660,14322660,15981958
14323278,14323278,15981958
14323662,14323662,15981958
14324096,14324096,15981958
14324579,14324579,15981958
14324885,14324885,15981958
14325186,14325186,15981958
14325613,14325613,15981958
14326313,14326313,15981958
14326317,14326317,15981958
14327704,14327704,15981958
14327711,14327711,15981958
14327922,14327922,15981958
14328019,14328019,15981958
14328683,14328683,15981958
14329195,14329195,15981958
14329428,14329428,15981958
14329690,14329690,15981958
14331103,14331103,15981958
14331530,14331530,15981958
14331806,14331806,15981958
14331835,14331835,15981958
14331923,14331923,15981958
14332064,14332064,15981958
14332420,14332420,15981958
14332446,14332446,15981958
14332454,14332454,15981958
14333003,14333003,15981958
14333921,14333921,15981958
14335323,14335323,15981958
14335566,14335566,15981958
14335921,14335921,15981958
14336309,14336309,15981958
14337641,14337641,15981958
14338413,14338413,15981958
14338658,14338658,15981958
14340437,14340437,15981958
14341232,14341232,15981958
14342746,14342746,15981958
14344541,14344541,15981958
14344959,14344959,15981958
14345044,14345044,15981958
14345224,14345224,15981958
14345543,14345543,15981958
14346069,14346069,15981958
14346228,14346228,15981958
14346350,14346350,15981958
14347182,14347182,15981958
14347830,14347830,15981958
14348638,14348638,15981958
14349349,14349349,15981958
14349354,14349354,15981958
14349678,14349678,15981958
14349730,14349730,15981958
14350098,14350098,15981958
14350160,14350160,15981958
14350600,14350600,15981958
14350907,14350907,15981958
14351382,14351382,15981958
14351829,14351829,15981958
14351962,14351962,15981958
14352308,14352308,15981958
14352349,14352349,15981958
14352522,14352522,15981958
14353172,14353172,15981958
14354183,14354183,15981958
14354987,14354987,15981958
14355894,14355894,15981958
14355905,14355905,15981958
14359111,14359111,15981958
14359398,14359398,15981958
14360420,14360420,15981958
14360586,14360586,15981958
14361040,14361040,15981958
14361516,14361516,15981958
14363003,14363003,15981958
14363162,14363162,15981958
14363470,14363470,15981958
14363475,14363475,15981958
14364079,14364079,15981958
14364740,14364740,15981958
14364807,14364807,15981958
14365412,14365412,15981958
14366057,14366057,15981958
14366592,14366592,15981958
14367256,14367256,15981958
14367325,14367325,15981958
14367387,14367387,15981958
14367534,14367534,15981958
14368031,14368031,15981958
14369274,14369274,15981958
14369455,14369455,15981958
14369641,14369641,15981958
14369940,14369940,15981958
14371032,14371032,15981958
14371135,14371135,15981958
14371666,14371666,15981958
14372325,14372325,15981958
14372344,14372344,15981958
14373310,14373310,15981958
14373430,14373430,15981958
14375780,14375780,15981958
14376242,14376242,15981958
14377210,14377210,15981958
14377876,14377876,15981958
14378824,14378824,15981958
14379109,14379109,15981958
14379157,14379157,15981958
14379663,14379663,15981958
14379704,14379704,15981958
14379753,14379753,15981958
14380175,14380175,15981958
14380683,14380683,15981958
14381650,14381650,15981958
14381691,14381691,15981958
14382013,14382013,15981958
14384528,14384528,15981958
14384551,14384551,15981958
14385180,14385180,15981958
14385249,14385249,15981958
14385588,14385588,15981958
14385700,14385700,15981958
14387082,14387082,15981958
14387345,14387345,15981958
14387982,14387982,15981958
14389683,14389683,15981958
14390165,14390165,15981958
14390856,14390856,15981958
14391008,14391008,15981958
14391199,14391199,15981958
14392315,14392315,15981958
14392582,14392582,15981958
14393570,14393570,15981958
14394575,14394575,15981958
14396417,14396417,15981958
14397202,14397202,15981958
14397344,14397344,15981958
14397849,14397849,15981958
14399334,14399334,15981958
14399424,14399424,15981958
14399538,14399538,15981958
14400024,14400024,15981958
14400368,14400368,15981958
14400390,14400390,15981958
14402054,14402054,15981958
14402473,14402473,15981958
14402576,14402576,15981958
14402839,14402839,15981958
14403250,14403250,15981958
14403766,14403766,15981958
14403822,14403822,15981958
14404459,14404459,15981958
14404700,14404700,15981958
14404782,14404782,15981958
14406720,14406720,15981958
14406970,14406970,15981958
14407075,14407075,15981958
14407148,14407148,15981958
14407442,14407442,15981958
14408797,14408797,15981958
14409748,14409748,15981958
14409906,14409906,15981958
14410215,14410215,15981958
14410688,14410688,15981958
14411014,14411014,15981958
14411870,14411870,15981958
14411928,14411928,15981958
14412286,14412286,15981958
14412770,14412770,15981958
14413137,14413137,15981958
14413248,14413248,15981958
14414071,14414071,15981958
14414278,14414278,15981958
14414725,14414725,15981958
14414912,14414912,15981958
14414965,14414965,15981958
14415343,14415343,15981958
14415918,14415918,15981958
14416079,14416079,15981958
14416384,14416384,15981958
14416996,14416996,15981958
14417191,14417191,15981958
14417206,14417206,15981958
14417268,14417268,15981958
14419969,14419969,15981958
14420130,14420130,15981958
14420704,14420704,15981958
14422193,14422193,15981958
14422237,14422237,15981958
14422550,14422550,15981958
14423128,14423128,15981958
14423922,14423922,15981958
14424342,14424342,15981958
14424485,14424485,15981958
14424532,14424532,15981958
14424562,14424562,15981958
14425110,14425110,15981958
14426385,14426385,15981958
14426824,14426824,15981958
14427873,14427873,15981958
14428784,14428784,15981958
14431388,14431388,15981958
14431502,14431502,15981958
14431738,14431738,15981958
14432578,14432578,15981958
14433993,14433993,15981958
14434065,14434065,15981958
14434223,14434223,15981958
14434821,14434821,15981958
14434970,14434970,15981958
14435461,14435461,15981958
14435720,14435720,15981958
14435721,14435721,15981958
14436898,14436898,15981958
14437061,14437061,15981958
14437394,14437394,15981958
14437534,14437534,15981958
14437567,14437567,15981958
14438171,14438171,15981958
14439300,14439300,15981958
14439581,14439581,15981958
14439633,14439633,15981958
14440067,14440067,15981958
14440073,14440073,15981958
14440257,14440257,15981958
14440636,14440636,15981958
14440773,14440773,15981958
14442402,14442402,15981958
14442452,14442452,15981958
14443544,14443544,15981958
14443684,14443684,15981958
14443836,14443836,15981958
14444254,14444254,15981958
14444682,14444682,15981958
14448368,14448368,15981958
14448548,14448548,15981958
14448723,14448723,15981958
14448753,14448753,15981958
14448817,14448817,15981958
14448959,14448959,15981958
14449603,14449603,15981958
14450450,14450450,15981958
14450894,14450894,15981958
14451923,14451923,15981958
14453714,14453714,15981958
14453997,14453997,15981958
14454086,14454086,15981958
14454444,14454444,15981958
14454656,14454656,15981958
14456786,14456786,15981958
14457370,14457370,15981958
14457372,14457372,15981958
14458223,14458223,15981958
14458455,14458455,15981958
14459893,14459893,15981958
14460726,14460726,15981958
14461145,14461145,15981958
14461960,14461960,15981958
14462761,14462761,15981958
14464766,14464766,15981958
14464922,14464922,15981958
14464940,14464940,15981958
14465113,14465113,15981958
14465312,14465312,15981958
14465415,14465415,15981958
14465420,14465420,15981958
14466838,14466838,15981958
14467029,14467029,15981958
14467376,14467376,15981958
14469324,14469324,15981958
14469580,14469580,15981958
14469803,14469803,15981958
14469891,14469891,15981958
14470129,14470129,15981958
14470375,14470375,15981958
14470481,14470481,15981958
14470490,14470490,15981958
14471400,14471400,15981958
14471483,14471483,15981958
14471714,14471714,15981958
14473246,14473246,15981958
14473600,14473600,15981958
14474527,14474527,15981958
14474733,14474733,15981958
14474935,14474935,15981958
14475829,14475829,15981958
14476079,14476079,15981958
14476357,14476357,15981958
14476683,14476683,15981958
14477119,14477119,15981958
14477832,14477832,15981958
14478010,14478010,15981958
14478399,14478399,15981958
14478518,14478518,15981958
14478548,14478548,15981958
14478814,14478814,15981958
14479538,14479538,15981958
14479941,14479941,15981958
14479953,14479953,15981958
14480135,14480135,15981958
14481176,14481176,15981958
14481568,14481568,15981958
14482021,14482021,15981958
14483416,14483416,15981958
14483969,14483969,15981958
14484116,14484116,15981958
14485118,14485118,15981958
14485700,14485700,15981958
14486034,14486034,15981958
14486756,14486756,15981958
14487207,14487207,15981958
14488149,14488149,15981958
14488173,14488173,15981958
14488598,14488598,15981958
14488695,14488695,15981958
14489947,14489947,15981958
14490271,14490271,15981958
14490479,14490479,15981958
14491276,14491276,15981958
14491661,14491661,15981958
14492222,14492222,15981958
14493673,14493673,15981958
14493801,14493801,15981958
14493834,14493834,15981958
14493862,14493862,15981958
14494075,14494075,15981958
14494558,14494558,15981958
14494628,14494628,15981958
14494781,14494781,15981958
14496410,14496410,15981958
14496708,14496708,15981958
14496800,14496800,15981958
14497317,14497317,15981958
14497790,14497790,15981958
14497803,14497803,15981958
14498566,14498566,15981958
14498852,14498852,15981958
14499148,14499148,15981958
14499402,14499402,15981958
14499543,14499543,15981958
14499549,14499549,15981958
14499571,14499571,15981958
14499594,14499594,15981958
14500207,14500207,15981958
14501919,14501919,15981958
14503410,14503410,15981958
14504796,14504796,15981958
14504929,14504929,15981958
14505415,14505415,15981958
14505558,14505558,15981958
14505729,14505729,15981958
14507530,14507530,15981958
14509115,14509115,15981958
14510379,14510379,15981958
14510557,14510557,15981958
14510558,14510558,15981958
14510988,14510988,15981958
14511038,14511038,15981958
14511978,14511978,15981958
14512030,14512030,15981958
14512998,14512998,15981958
14513222,14513222,15981958
14513536,14513536,15981958
14514178,14514178,15981958
14515142,14515142,15981958
14515394,14515394,15981958
14515895,14515895,15981958
14517468,14517468,15981958
14517662,14517662,15981958
14518132,14518132,15981958
14518185,14518185,15981958
14518362,14518362,15981958
14518576,14518576,15981958
14519257,14519257,15981958
14519322,14519322,15981958
14519342,14519342,15981958
14519488,14519488,15981958
14520544,14520544,15981958
14520676,14520676,15981958
14521134,14521134,15981958
14521390,14521390,15981958
14521699,14521699,15981958
14521999,14521999,15981958
14522412,14522412,15981958
14522583,14522583,15981958
14522725,14522725,15981958
14522884,14522884,15981958
14522898,14522898,15981958
14523171,14523171,15981958
14523636,14523636,15981958
14524087,14524087,15981958
14524140,14524140,15981958
14525059,14525059,15981958
14525158,14525158,15981958
14525491,14525491,15981958
14525504,14525504,15981958
14525771,14525771,15981958
14526319,14526319,15981958
14526774,14526774,15981958
14527070,14527070,15981958
14527642,14527642,15981958
14528527,14528527,15981958
14529176,14529176,15981958
14529259,14529259,15981958
14529749,14529749,15981958
14529792,14529792,15981958
14529902,14529902,15981958
14530322,14530322,15981958
14530334,14530334,15981958
14531444,14531444,15981958
14531856,14531856,15981958
14531974,14531974,15981958
14532667,14532667,15981958
14533546,14533546,15981958
14534523,14534523,15981958
14534694,14534694,15981958
14534957,14534957,15981958
14535065,14535065,15981958
14535721,14535721,15981958
14536028,14536028,15981958
14536347,14536347,15981958
14536846,14536846,15981958
14536982,14536982,15981958
14537196,14537196,15981958
14537288,14537288,15981958
14537655,14537655,15981958
14537673,14537673,15981958
14538088,14538088,15981958
14538376,14538376,15981958
14538759,14538759,15981958
14538761,14538761,15981958
14539102,14539102,15981958
14539945,14539945,15981958
14539956,14539956,15981958
14540153,14540153,15981958
14541293,14541293,15981958
14541905,14541905,15981958
14542485,14542485,15981958
14542886,14542886,15981958
14543018,14543018,15981958
14543219,14543219,15981958
14543476,14543476,15981958
14544489,14544489,15981958
14544766,14544766,15981958
14544869,14544869,15981958
14544994,14544994,15981958
14545192,14545192,15981958
14545240,14545240,15981958
14545439,14545439,15981958
14545455,14545455,15981958
14545798,14545798,15981958
14545951,14545951,15981958
14545955,14545955,15981958
14546073,14546073,15981958
14546130,14546130,15981958
14547148,14547148,15981958
14547553,14547553,15981958
14548307,14548307,15981958
14548398,14548398,15981958
14548646,14548646,15981958
14548849,14548849,15981958
14549162,14549162,15981958
14550089,14550089,15981958
14550421,14550421,15981958
14550920,14550920,15981958
14551821,14551821,15981958
14552335,14552335,15981958
14552507,14552507,15981958
14552561,14552561,15981958
14552788,14552788,15981958
14552933,14552933,15981958
14553152,14553152,15981958
14554057,14554057,15981958
14554889,14554889,15981958
14555053,14555053,15981958
14555195,14555195,15981958
14555359,14555359,15981958
14555897,14555897,15981958
14556113,14556113,15981958
14556678,14556678,15981958
14556765,14556765,15981958
14557982,14557982,15981958
14558042,14558042,15981958
14558832,14558832,15981958
14559097,14559097,15981958
14559749,14559749,15981958
14559911,14559911,15981958
14560884,14560884,15981958
14561397,14561397,15981958
14562320,14562320,15981958
14562501,14562501,15981958
14562889,14562889,15981958
14563251,14563251,15981958
14563667,14563667,15981958
14564067,14564067,15981958
14564717,14564717,15981958
14564846,14564846,15981958
14565879,14565879,15981958
14565908,14565908,15981958
14567263,14567263,15981958
14568546,14568546,15981958
14568850,14568850,15981958
14569204,14569204,15981958
14569409,14569409,15981958
14569501,14569501,15981958
14569837,14569837,15981958
14570027,14570027,15981958
14570101,14570101,15981958
14570675,14570675,15981958
14571282,14571282,15981958
14571851,14571851,15981958
14572343,14572343,15981958
14572780,14572780,15981958
14572988,14572988,15981958
14573572,14573572,15981958
14573844,14573844,15981958
14574000,14574000,15981958
14575117,14575117,15981958
14575518,14575518,15981958
14575780,14575780,15981958
14575862,14575862,15981958
14576130,14576130,15981958
14577215,14577215,15981958
14577456,14577456,15981958
14577678,14577678,15981958
14577681,14577681,15981958
14579009,14579009,15981958
14579087,14579087,15981958
14579134,14579134,15981958
14579492,14579492,15981958
14579530,14579530,15981958
14579892,14579892,15981958
14579917,14579917,15981958
14579935,14579935,15981958
14580065,14580065,15981958
14581037,14581037,15981958
14581355,14581355,15981958
14582093,14582093,15981958
14582829,14582829,15981958
14583526,14583526,15981958
14584767,14584767,15981958
14584928,14584928,15981958
14585329,14585329,15981958
14585686,14585686,15981958
14585926,14585926,15981958
14586411,14586411,15981958
14587121,14587121,15981958
14587134,14587134,15981958
14588319,14588319,15981958
14588480,14588480,15981958
14588503,14588503,15981958
14590100,14590100,15981958
14590798,14590798,15981958
14590907,14590907,15981958
14590961,14590961,15981958
14591135,14591135,15981958
14591375,14591375,15981958
14591410,14591410,15981958
14591431,14591431,15981958
14592333,14592333,15981958
14593579,14593579,15981958
14593769,14593769,15981958
14594455,14594455,15981958
14595995,14595995,15981958
14596384,14596384,15981958
14597417,14597417,15981958
14598327,14598327,15981958
14599328,14599328,15981958
14599403,14599403,15981958
14601652,14601652,15981958
14602991,14602991,15981958
14603026,14603026,15981958
14603385,14603385,15981958
14604024,14604024,15981958
14604084,14604084,15981958
14604684,14604684,15981958
14604771,14604771,15981958
14605142,14605142,15981958
14605412,14605412,15981958
14605637,14605637,15981958
14606116,14606116,15981958
14606245,14606245,15981958
14606399,14606399,15981958
14607354,14607354,15981958
14607362,14607362,15981958
14607544,14607544,15981958
14607932,14607932,15981958
14609582,14609582,15981958
14610295,14610295,15981958
14610599,14610599,15981958
14610775,14610775,15981958
14610886,14610886,15981958
14611015,14611015,15981958
14611090,14611090,15981958
14611349,14611349,15981958
14611787,14611787,15981958
14611809,14611809,15981958
14611919,14611919,15981958
14612005,14612005,15981958
14614107,14614107,15981958
14614356,14614356,15981958
14614883,14614883,15981958
14615676,14615676,15981958
14617591,14617591,15981958
14618460,14618460,15981958
14619739,14619739,15981958
14620138,14620138,15981958
14620153,14620153,15981958
14620376,14620376,15981958
14620567,14620567,15981958
14621129,14621129,15981958
14621291,14621291,15981958
14622001,14622001,15981958
14622159,14622159,15981958
14622560,14622560,15981958
14624165,14624165,15981958
14624817,14624817,15981958
14624834,14624834,15981958
14625305,14625305,15981958
14625814,14625814,15981958
14627624,14627624,15981958
14627796,14627796,15981958
14628024,14628024,15981958
14629454,14629454,15981958
14629683,14629683,15981958
14629904,14629904,15981958
14631249,14631249,15981958
14631639,14631639,15981958
14631793,14631793,15981958
14631961,14631961,15981958
14633537,14633537,15981958
14633714,14633714,15981958
14633960,14633960,15981958
14634743,14634743,15981958
14635492,14635492,15981958
14635753,14635753,15981958
14636886,14636886,15981958
14637564,14637564,15981958
14637996,14637996,15981958
14639218,14639218,15981958
14639432,14639432,15981958
14639502,14639502,15981958
14639822,14639822,15981958
14640355,14640355,15981958
14640588,14640588,15981958
14641287,14641287,15981958
14642150,14642150,15981958
14642907,14642907,15981958
14643906,14643906,15981958
14645749,14645749,15981958
14646362,14646362,15981958
14646365,14646365,15981958
14647113,14647113,15981958
14647157,14647157,15981958
14647930,14647930,15981958
14648250,14648250,15981958
14648488,14648488,15981958
14648930,14648930,15981958
14649129,14649129,15981958
14649305,14649305,15981958
14649437,14649437,15981958
14649608,14649608,15981958
14649636,14649636,15981958
14650345,14650345,15981958
14650551,14650551,15981958
14651029,14651029,15981958
14651175,14651175,15981958
14651321,14651321,15981958
14652119,14652119,15981958
14652506,14652506,15981958
14652888,14652888,15981958
14653278,14653278,15981958
14654790,14654790,15981958
14654853,14654853,15981958
14654932,14654932,15981958
14655764,14655764,15981958
14656616,14656616,15981958
14656834,14656834,15981958
14657193,14657193,15981958
14657487,14657487,15981958
14657776,14657776,15981958
14657808,14657808,15981958
14658072,14658072,15981958
14658748,14658748,15981958
14659340,14659340,15981958
14659366,14659366,15981958
14659677,14659677,15981958
14660414,14660414,15981958
14660548,14660548,15981958
14663807,14663807,15981958
14663826,14663826,15981958
14664573,14664573,15981958
14664785,14664785,15981958
14665048,14665048,15981958
14665301,14665301,15981958
14665393,14665393,15981958
14665570,14665570,15981958
14665871,14665871,15981958
14666531,14666531,15981958
14666841,14666841,15981958
14666963,14666963,15981958
14667978,14667978,15981958
14668036,14668036,15981958
14669172,14669172,15981958
14669443,14669443,15981958
14669628,14669628,15981958
14669645,14669645,15981958
14669898,14669898,15981958
14670990,14670990,15981958
14672387,14672387,15981958
14673525,14673525,15981958
14673980,14673980,15981958
14674254,14674254,15981958
14674545,14674545,15981958
14675351,14675351,15981958
14675569,14675569,15981958
14676156,14676156,15981958
14676563,14676563,15981958
14678399,14678399,15981958
14678483,14678483,15981958
14678772,14678772,15981958
14679037,14679037,15981958
14679147,14679147,15981958
14680851,14680851,15981958
14681371,14681371,15981958
14681544,14681544,15981958
14681727,14681727,15981958
14682167,14682167,15981958
14682236,14682236,15981958
14682353,14682353,15981958
14682359,14682359,15981958
14683996,14683996,15981958
14684188,14684188,15981958
14684296,14684296,15981958
14684308,14684308,15981958
14684365,14684365,15981958
14684842,14684842,15981958
14685308,14685308,15981958
14685995,14685995,15981958
14686382,14686382,15981958
14686519,14686519,15981958
14686586,14686586,15981958
14687167,14687167,15981958
14687605,14687605,15981958
14687617,14687617,15981958
14687689,14687689,15981958
14688661,14688661,15981958
14689898,14689898,15981958
14690695,14690695,15981958
14692916,14692916,15981958
14693248,14693248,15981958
14693632,14693632,15981958
14694193,14694193,15981958
14694401,14694401,15981958
14694452,14694452,15981958
14695022,14695022,15981958
14695306,14695306,15981958
14696670,14696670,15981958
14696883,14696883,15981958
14696997,14696997,15981958
14697528,14697528,15981958
14698450,14698450,15981958
14699279,14699279,15981958
14700021,14700021,15981958
14702173,14702173,15981958
14702647,14702647,15981958
14703034,14703034,15981958
14703149,14703149,15981958
14703317,14703317,15981958
14703332,14703332,15981958
14704611,14704611,15981958
14705166,14705166,15981958
14705412,14705412,15981958
14705920,14705920,15981958
14706199,14706199,15981958
14706777,14706777,15981958
14707423,14707423,15981958
14708007,14708007,15981958
14708326,14708326,15981958
14708348,14708348,15981958
14708751,14708751,15981958
14709447,14709447,15981958
14709775,14709775,15981958
14709872,14709872,15981958
14710106,14710106,15981958
14710153,14710153,15981958
14710265,14710265,15981958
14711022,14711022,15981958
14711075,14711075,15981958
14711543,14711543,15981958
14711610,14711610,15981958
14713400,14713400,15981958
14713625,14713625,15981958
14714914,14714914,15981958
14714918,14714918,15981958
14715135,14715135,15981958
14716273,14716273,15981958
14716433,14716433,15981958
14716945,14716945,15981958
14717169,14717169,15981958
14717300,14717300,15981958
14717927,14717927,15981958
14718105,14718105,15981958
14718186,14718186,15981958
14718371,14718371,15981958
14718888,14718888,15981958
14719115,14719115,15981958
14719311,14719311,15981958
14719624,14719624,15981958
14719664,14719664,15981958
14719954,14719954,15981958
14720290,14720290,15981958
14720557,14720557,15981958
14721193,14721193,15981958
14721619,14721619,15981958
14721794,14721794,15981958
14721832,14721832,15981958
14721924,14721924,15981958
14722784,14722784,15981958
14723016,14723016,15981958
14723396,14723396,15981958
14723742,14723742,15981958
14723864,14723864,15981958
14724705,14724705,15981958
14724913,14724913,15981958
14725539,14725539,15981958
14727604,14727604,15981958
14727750,14727750,15981958
14727881,14727881,15981958
14727972,14727972,15981958
14728316,14728316,15981958
14728880,14728880,15981958
14729208,14729208,15981958
14729665,14729665,15981958
14729856,14729856,15981958
14730603,14730603,15981958
14730651,14730651,15981958
14732189,14732189,15981958
14732375,14732375,15981958
14732388,14732388,15981958
14733471,14733471,15981958
14733572,14733572,15981958
14733627,14733627,15981958
14734305,14734305,15981958
14734393,14734393,15981958
14736148,14736148,15981958
14736584,14736584,15981958
14737614,14737614,15981958
14737845,14737845,15981958
14738059,14738059,15981958
14738185,14738185,15981958
14738275,14738275,15981958
14738343,14738343,15981958
14738378,14738378,15981958
14738577,14738577,15981958
14738663,14738663,15981958
14738673,14738673,15981958
14738701,14738701,15981958
14740042,14740042,15981958
14740417,14740417,15981958
14740861,14740861,15981958
14741074,14741074,15981958
14741659,14741659,15981958
14742056,14742056,15981958
14742676,14742676,15981958
14743004,14743004,15981958
14743713,14743713,15981958
14743956,14743956,15981958
14744392,14744392,15981958
14744507,14744507,15981958
14744632,14744632,15981958
14745093,14745093,15981958
14745362,14745362,15981958
14745369,14745369,15981958
14745778,14745778,15981958
14745896,14745896,15981958
14746724,14746724,15981958
14747359,14747359,15981958
14747912,14747912,15981958
14747975,14747975,15981958
14748696,14748696,15981958
14749248,14749248,15981958
14749933,14749933,15981958
14751777,14751777,15981958
14752261,14752261,15981958
14752390,14752390,15981958
14752593,14752593,15981958
14754707,14754707,15981958
14755130,14755130,15981958
14755974,14755974,15981958
14757399,14757399,15981958
14757589,14757589,15981958
14757987,14757987,15981958
14759247,14759247,15981958
14760088,14760088,15981958
14760158,14760158,15981958
14760249,14760249,15981958
14761177,14761177,15981958
14761410,14761410,15981958
14761439,14761439,15981958
14761481,14761481,15981958
14762161,14762161,15981958
14762955,14762955,15981958
14763849,14763849,15981958
14764255,14764255,15981958
14765590,14765590,15981958
14765745,14765745,15981958
14766104,14766104,15981958
14768123,14768123,15981958
14768438,14768438,15981958
14768857,14768857,15981958
14768912,14768912,15981958
14769383,14769383,15981958
14769450,14769450,15981958
14769539,14769539,15981958
14770199,14770199,15981958
14770708,14770708,15981958
14770758,14770758,15981958
14771031,14771031,15981958
14771140,14771140,15981958
14771962,14771962,15981958
14772454,14772454,15981958
14772564,14772564,15981958
14772674,14772674,15981958
14772715,14772715,15981958
14772747,14772747,15981958
14773260,14773260,15981958
14773583,14773583,15981958
14773981,14773981,15981958
14774041,14774041,15981958
14774069,14774069,15981958
14774868,14774868,15981958
14775695,14775695,15981958
14775841,14775841,15981958
14776676,14776676,15981958
14776692,14776692,15981958
14777350,14777350,15981958
14777390,14777390,15981958
14777690,14777690,15981958
14778134,14778134,15981958
14778578,14778578,15981958
14778813,14778813,15981958
14778920,14778920,15981958
14779995,14779995,15981958
14780098,14780098,15981958
14780732,14780732,15981958
14781965,14781965,15981958
14782009,14782009,15981958
14782188,14782188,15981958
14782271,14782271,15981958
14782397,14782397,15981958
14783942,14783942,15981958
14785913,14785913,15981958
14786124,14786124,15981958
14786228,14786228,15981958
14786412,14786412,15981958
14786951,14786951,15981958
14787074,14787074,15981958
14787402,14787402,15981958
14788624,14788624,15981958
14789059,14789059,15981958
14790350,14790350,15981958
14790428,14790428,15981958
14790658,14790658,15981958
14791252,14791252,15981958
14792420,14792420,15981958
14792473,14792473,15981958
14792767,14792767,15981958
14792991,14792991,15981958
14793685,14793685,15981958
14793731,14793731,15981958
14794563,14794563,15981958
14795593,14795593,15981958
14795989,14795989,15981958
14796433,14796433,15981958
14797538,14797538,15981958
14797800,14797800,15981958
14800231,14800231,15981958
14800310,14800310,15981958
14801599,14801599,15981958
14801868,14801868,15981958
14802095,14802095,15981958
14804808,14804808,15981958
14804885,14804885,15981958
14805099,14805099,15981958
14806307,14806307,15981958
14807428,14807428,15981958
14808060,14808060,15981958
14808095,14808095,15981958
14808317,14808317,15981958
14809093,14809093,15981958
14809559,14809559,15981958
14810137,14810137,15981958
14810696,14810696,15981958
14811673,14811673,15981958
14811679,14811679,15981958
14812259,14812259,15981958
14812422,14812422,15981958
14815317,14815317,15981958
14815785,14815785,15981958
14815880,14815880,15981958
14816780,14816780,15981958
14816869,14816869,15981958
14817259,14817259,15981958
14818931,14818931,15981958
14819316,14819316,15981958
14819993,14819993,15981958
14820085,14820085,15981958
14820288,14820288,15981958
14821458,14821458,15981958
14821461,14821461,15981958
14821880,14821880,15981958
14821976,14821976,15981958
14822128,14822128,15981958
14822484,14822484,15981958
14822575,14822575,15981958
14822696,14822696,15981958
14822946,14822946,15981958
14823139,14823139,15981958
14823948,14823948,15981958
14824382,14824382,15981958
14825190,14825190,15981958
14825197,14825197,15981958
14825641,14825641,15981958
14826514,14826514,15981958
14826533,14826533,15981958
14828093,14828093,15981958
14828458,14828458,15981958
14828529,14828529,15981958
14828589,14828589,15981958
14828660,14828660,15981958
14829023,14829023,15981958
14829995,14829995,15981958
14830027,14830027,15981958
14830718,14830718,15981958
14831136,14831136,15981958
14831799,14831799,15981958
14833370,14833370,15981958
14833752,14833752,15981958
14833976,14833976,15981958
14834468,14834468,15981958
14835303,14835303,15981958
14835322,14835322,15981958
14835982,14835982,15981958
14836646,14836646,15981958
14837321,14837321,15981958
14838156,14838156,15981958
14838408,14838408,15981958
14838943,14838943,15981958
14839510,14839510,15981958
14840215,14840215,15981958
14840259,14840259,15981958
14840506,14840506,15981958
14840607,14840607,15981958
14841294,14841294,15981958
14842212,14842212,15981958
14842229,14842229,15981958
14842313,14842313,15981958
14842589,14842589,15981958
14842600,14842600,15981958
14842627,14842627,15981958
14843074,14843074,15981958
14843435,14843435,15981958
14844592,14844592,15981958
14845094,14845094,15981958
14845124,14845124,15981958
14846337,14846337,15981958
14847129,14847129,15981958
14849156,14849156,15981958
14851025,14851025,15981958
14851285,14851285,15981958
14851297,14851297,15981958
14851675,14851675,15981958
14853579,14853579,15981958
14854071,14854071,15981958
14854867,14854867,15981958
14855311,14855311,15981958
14855513,14855513,15981958
14855621,14855621,15981958
14855695,14855695,15981958
14857006,14857006,15981958
14857363,14857363,15981958
14857498,14857498,15981958
14858331,14858331,15981958
14858695,14858695,15981958
14858805,14858805,15981958
14859847,14859847,15981958
14860377,14860377,15981958
14860399,14860399,15981958
14860947,14860947,15981958
14861127,14861127,15981958
14861197,14861197,15981958
14861799,14861799,15981958
14862308,14862308,15981958
14863755,14863755,15981958
14863821,14863821,15981958
14864154,14864154,15981958
14864700,14864700,15981958
14864904,14864904,15981958
14865784,14865784,15981958
14866229,14866229,15981958
14866480,14866480,15981958
14866604,14866604,15981958
14867049,14867049,15981958
14868178,14868178,15981958
14868560,14868560,15981958
14869267,14869267,15981958
14870420,14870420,15981958
14871209,14871209,15981958
14871467,14871467,15981958
14871510,14871510,15981958
14871533,14871533,15981958
14871616,14871616,15981958
14871831,14871831,15981958
14872025,14872025,15981958
14872045,14872045,15981958
14872670,14872670,15981958
14872822,14872822,15981958
14872878,14872878,15981958
14873497,14873497,15981958
14875015,14875015,15981958
14875352,14875352,15981958
14875647,14875647,15981958
14875878,14875878,15981958
14877145,14877145,15981958
14877408,14877408,15981958
14878090,14878090,15981958
14878536,14878536,15981958
14880218,14880218,15981958
14880349,14880349,15981958
14882329,14882329,15981958
14882564,14882564,15981958
14882606,14882606,15981958
14882842,14882842,15981958
14883184,14883184,15981958
14883456,14883456,15981958
14883457,14883457,15981958
14885299,14885299,15981958
14885305,14885305,15981958
14885647,14885647,15981958
14885803,14885803,15981958
14886555,14886555,15981958
14886786,14886786,15981958
14886808,14886808,15981958
14887718,14887718,15981958
14887988,14887988,15981958
14888357,14888357,15981958
14888810,14888810,15981958
14889505,14889505,15981958
14890041,14890041,15981958
14890099,14890099,15981958
14890300,14890300,15981958
14892012,14892012,15981958
14892520,14892520,15981958
14893191,14893191,15981958
14893192,14893192,15981958
14894978,14894978,15981958
14895841,14895841,15981958
14896098,14896098,15981958
14896442,14896442,15981958
14896863,14896863,15981958
14897217,14897217,15981958
14898497,14898497,15981958
14898788,14898788,15981958
14898901,14898901,15981958
14899254,14899254,15981958
14899643,14899643,15981958
14899878,14899878,15981958
14900672,14900672,15981958
14900841,14900841,15981958
14902648,14902648,15981958
14903116,14903116,15981958
14903603,14903603,15981958
14905294,14905294,15981958
14905549,14905549,15981958
14906217,14906217,15981958
14906268,14906268,15981958
14906368,14906368,15981958
14906485,14906485,15981958
14906723,14906723,15981958
14907153,14907153,15981958
14907615,14907615,15981958
14907743,14907743,15981958
14907774,14907774,15981958
14908555,14908555,15981958
14910053,14910053,15981958
14910326,14910326,15981958
14910397,14910397,15981958
14910962,14910962,15981958
14911138,14911138,15981958
14911686,14911686,15981958
14913091,14913091,15981958
14913477,14913477,15981958
14913685,14913685,15981958
14913775,14913775,15981958
14913949,14913949,15981958
14914318,14914318,15981958
14914813,14914813,15981958
14915227,14915227,15981958
14915695,14915695,15981958
14915738,14915738,15981958
14915932,14915932,15981958
14915970,14915970,15981958
14915981,14915981,15981958
14916995,14916995,15981958
14917480,14917480,15981958
14918265,14918265,15981958
14918273,14918273,15981958
14918555,14918555,15981958
14918556,14918556,15981958
14918803,14918803,15981958
14919645,14919645,15981958
14919743,14919743,15981958
14921634,14921634,15981958
14922391,14922391,15981958
14922524,14922524,15981958
14923598,14923598,15981958
14924134,14924134,15981958
14924545,14924545,15981958
14925006,14925006,15981958
14925027,14925027,15981958
14925640,14925640,15981958
14925780,14925780,15981958
14928320,14928320,15981958
14928974,14928974,15981958
14928991,14928991,15981958
14929718,14929718,15981958
14930426,14930426,15981958
14931107,14931107,15981958
14931796,14931796,15981958
14932576,14932576,15981958
14933083,14933083,15981958
14933633,14933633,15981958
14933737,14933737,15981958
14934730,14934730,15981958
14934844,14934844,15981958
14934915,14934915,15981958
14935426,14935426,15981958
14935626,14935626,15981958
14936000,14936000,15981958
14936215,14936215,15981958
14936324,14936324,15981958
14936820,14936820,15981958
14937102,14937102,15981958
14939436,14939436,15981958
14939699,14939699,15981958
14940583,14940583,15981958
14941735,14941735,15981958
14943095,14943095,15981958
14943807,14943807,15981958
14944023,14944023,15981958
14944101,14944101,15981958
14944454,14944454,15981958
14944939,14944939,15981958
14945079,14945079,15981958
14946369,14946369,15981958
14946870,14946870,15981958
14947867,14947867,15981958
14948075,14948075,15981958
14948270,14948270,15981958
14948281,14948281,15981958
14948402,14948402,15981958
14949255,14949255,15981958
14949658,14949658,15981958
14950203,14950203,15981958
14952551,14952551,15981958
14953408,14953408,15981958
14954164,14954164,15981958
14954413,14954413,15981958
14957479,14957479,15981958
14958557,14958557,15981958
14959455,14959455,15981958
14960756,14960756,15981958
14961133,14961133,15981958
14961135,14961135,15981958
14961807,14961807,15981958
14963905,14963905,15981958
14964236,14964236,15981958
14964500,14964500,15981958
14965705,14965705,15981958
14965785,14965785,15981958
14965790,14965790,15981958
14965886,14965886,15981958
14966662,14966662,15981958
14966742,14966742,15981958
14970393,14970393,15981958
14970875,14970875,15981958
14971536,14971536,15981958
14971609,14971609,15981958
14972087,14972087,15981958
14972590,14972590,15981958
14972629,14972629,15981958
14973482,14973482,15981958
14973485,14973485,15981958
14974309,14974309,15981958
14974770,14974770,15981958
14975489,14975489,15981958
14975564,14975564,15981958
14976842,14976842,15981958
14976921,14976921,15981958
14977809,14977809,15981958
14978045,14978045,15981958
14978295,14978295,15981958
14978446,14978446,15981958
14978800,14978800,15981958
14978999,14978999,15981958
14979051,14979051,15981958
14979642,14979642,15981958
14979869,14979869,15981958
14980483,14980483,15981958
14980818,14980818,15981958
14981314,14981314,15981958
14982518,14982518,15981958
14982710,14982710,15981958
14983804,14983804,15981958
14984014,14984014,15981958
14986191,14986191,15981958
14986322,14986322,15981958
14986933,14986933,15981958
14987959,14987959,15981958
14990144,14990144,15981958
14990571,14990571,15981958
14990723,14990723,15981958
14990882,14990882,15981958
14991525,14991525,15981958
14991920,14991920,15981958
14992003,14992003,15981958
14992329,14992329,15981958
14992431,14992431,15981958
14992779,14992779,15981958
14992910,14992910,15981958
14993114,14993114,15981958
14993748,14993748,15981958
14993978,14993978,15981958
14994891,14994891,15981958
14995066,14995066,15981958
14995371,14995371,15981958
14996447,14996447,15981958
14996608,14996608,15981958
14996659,14996659,15981958
14997190,14997190,15981958
14998093,14998093,15981958
14998363,14998363,15981958
14998560,14998560,15981958
14998830,14998830,15981958
14998904,14998904,15981958
14999132,14999132,15981958
14999924,14999924,15981958
14999929,14999929,15981958
15000731,15000731,15981958
15001462,15001462,15981958
15001518,15001518,15981958
15001553,15001553,15981958
15002290,15002290,15981958
15002458,15002458,15981958
15002889,15002889,15981958
15003385,15003385,15981958
15003797,15003797,15981958
15004452,15004452,15981958
15005468,15005468,15981958
15005483,15005483,15981958
15005565,15005565,15981958
15006049,15006049,15981958
15006711,15006711,15981958
15007663,15007663,15981958
15008344,15008344,15981958
15008472,15008472,15981958
15008953,15008953,15981958
15010215,15010215,15981958
15010341,15010341,15981958
15010778,15010778,15981958
15011102,15011102,15981958
15011753,15011753,15981958
15012304,15012304,15981958
15012364,15012364,15981958
15012546,15012546,15981958
15012730,15012730,15981958
15013686,15013686,15981958
15014428,15014428,15981958
15014433,15014433,15981958
15016569,15016569,15981958
15016743,15016743,15981958
15016845,15016845,15981958
15017254,15017254,15981958
15017275,15017275,15981958
15017607,15017607,15981958
15017832,15017832,15981958
15018475,15018475,15981958
15018632,15018632,15981958
15018918,15018918,15981958
15019269,15019269,15981958
15019746,15019746,15981958
15019926,15019926,15981958
15020006,15020006,15981958
15020902,15020902,15981958
15021837,15021837,15981958
15022813,15022813,15981958
15022997,15022997,15981958
15023191,15023191,15981958
15023247,15023247,15981958
15023983,15023983,15981958
15023998,15023998,15981958
15025262,15025262,15981958
15025288,15025288,15981958
15025419,15025419,15981958
15026343,15026343,15981958
15026715,15026715,15981958
15027529,15027529,15981958
15027559,15027559,15981958
15027637,15027637,15981958
15027904,15027904,15981958
15028862,15028862,15981958
15028876,15028876,15981958
15029615,15029615,15981958
15029824,15029824,15981958
15030772,15030772,15981958
15031090,15031090,15981958
15031591,15031591,15981958
15031787,15031787,15981958
15032493,15032493,15981958
15032572,15032572,15981958
15032737,15032737,15981958
15032957,15032957,15981958
15033429,15033429,15981958
15033971,15033971,15981958
15034121,15034121,15981958
15034533,15034533,15981958
15035373,15035373,15981958
15036384,15036384,15981958
15039822,15039822,15981958
15039938,15039938,15981958
15040969,15040969,15981958
15041659,15041659,15981958
15042229,15042229,15981958
15043205,15043205,15981958
15043544,15043544,15981958
15045859,15045859,15981958
15046763,15046763,15981958
15047047,15047047,15981958
15047209,15047209,15981958
15047592,15047592,15981958
15048336,15048336,15981958
15050535,15050535,15981958
15050631,15050631,15981958
15051208,15051208,15981958
15051319,15051319,15981958
15052100,15052100,15981958
15053217,15053217,15981958
15053303,15053303,15981958
15054266,15054266,15981958
15054481,15054481,15981958
15055421,15055421,15981958
15055861,15055861,15981958
15056087,15056087,15981958
15056289,15056289,15981958
15056803,15056803,15981958
15058116,15058116,15981958
15058140,15058140,15981958
15059398,15059398,15981958
15061388,15061388,15981958
15061831,15061831,15981958
15062129,15062129,15981958
15062492,15062492,15981958
15062782,15062782,15981958
15062845,15062845,15981958
15064752,15064752,15981958
15064915,15064915,15981958
15064944,15064944,15981958
15065322,15065322,15981958
15065382,15065382,15981958
15065698,15065698,15981958
15067343,15067343,15981958
15067418,15067418,15981958
15067527,15067527,15981958
15067763,15067763,15981958
15068292,15068292,15981958
15068802,15068802,15981958
15068849,15068849,15981958
15069500,15069500,15981958
15069763,15069763,15981958
15070439,15070439,15981958
15070852,15070852,15981958
15071667,15071667,15981958
15071912,15071912,15981958
15072626,15072626,15981958
15073339,15073339,15981958
15073748,15073748,15981958
15073777,15073777,15981958
15074097,15074097,15981958
15075504,15075504,15981958
15075583,15075583,15981958
15076270,15076270,15981958
15076284,15076284,15981958
15076290,15076290,15981958
15076799,15076799,15981958
15077316,15077316,15981958
15077599,15077599,15981958
15077751,15077751,15981958
15077900,15077900,15981958
15077956,15077956,15981958
15078077,15078077,15981958
15078768,15078768,15981958
15078802,15078802,15981958
15079859,15079859,15981958
15080151,15080151,15981958
15080758,15080758,15981958
15080760,15080760,15981958
15081513,15081513,15981958
15081593,15081593,15981958
15081841,15081841,15981958
15082779,15082779,15981958
15083266,15083266,15981958
15084527,15084527,15981958
15085206,15085206,15981958
15085237,15085237,15981958
15085360,15085360,15981958
15085430,15085430,15981958
15085501,15085501,15981958
15086210,15086210,15981958
15087082,15087082,15981958
15087339,15087339,15981958
15087547,15087547,15981958
15089292,15089292,15981958
15089642,15089642,15981958
15090017,15090017,15981958
15090246,15090246,15981958
15090487,15090487,15981958
15090627,15090627,15981958
15090793,15090793,15981958
15091052,15091052,15981958
15091132,15091132,15981958
15091640,15091640,15981958
15091659,15091659,15981958
15091695,15091695,15981958
15091997,15091997,15981958
15092092,15092092,15981958
15092324,15092324,15981958
15092448,15092448,15981958
15093247,15093247,15981958
15093984,15093984,15981958
15094330,15094330,15981958
15095219,15095219,15981958
15095319,15095319,15981958
15095332,15095332,15981958
15095774,15095774,15981958
15096062,15096062,15981958
15096197,15096197,15981958
15097402,15097402,15981958
15097463,15097463,15981958
15098888,15098888,15981958
15099689,15099689,15981958
15099788,15099788,15981958
15099824,15099824,15981958
15100878,15100878,15981958
15101474,15101474,15981958
15101594,15101594,15981958
15102174,15102174,15981958
15102757,15102757,15981958
15103451,15103451,15981958
15103721,15103721,15981958
15104093,15104093,15981958
15104249,15104249,15981958
15104255,15104255,15981958
15104403,15104403,15981958
15104805,15104805,15981958
15105371,15105371,15981958
15105922,15105922,15981958
15106588,15106588,15981958
15106746,15106746,15981958
15106759,15106759,15981958
15107681,15107681,15981958
15108067,15108067,15981958
15108390,15108390,15981958
15108671,15108671,15981958
15108824,15108824,15981958
15109170,15109170,15981958
15109478,15109478,15981958
15110159,15110159,15981958
15111084,15111084,15981958
15111498,15111498,15981958
15111733,15111733,15981958
15111808,15111808,15981958
15112523,15112523,15981958
15112705,15112705,15981958
15113224,15113224,15981958
15113272,15113272,15981958
15114392,15114392,15981958
15114945,15114945,15981958
15115581,15115581,15981958
15115728,15115728,15981958
15115859,15115859,15981958
15116738,15116738,15981958
15116761,15116761,15981958
15117175,15117175,15981958
15117305,15117305,15981958
15117551,15117551,15981958
15118095,15118095,15981958
15118196,15118196,15981958
15118212,15118212,15981958
15118381,15118381,15981958
15118734,15118734,15981958
15119887,15119887,15981958
15121229,15121229,15981958
15122145,15122145,15981958
15122271,15122271,15981958
15122378,15122378,15981958
15124227,15124227,15981958
15124643,15124643,15981958
15124657,15124657,15981958
15125694,15125694,15981958
15126317,15126317,15981958
15127814,15127814,15981958
15128525,15128525,15981958
15128685,15128685,15981958
15128944,15128944,15981958
15129601,15129601,15981958
15129814,15129814,15981958
15129919,15129919,15981958
15130250,15130250,15981958
15130441,15130441,15981958
15130518,15130518,15981958
15130613,15130613,15981958
15131454,15131454,15981958
15132320,15132320,15981958
15132880,15132880,15981958
15132989,15132989,15981958
15133185,15133185,15981958
15133460,15133460,15981958
15133703,15133703,15981958
15133925,15133925,15981958
15134112,15134112,15981958
15134173,15134173,15981958
15134418,15134418,15981958
15134561,15134561,15981958
15136104,15136104,15981958
15138245,15138245,15981958
15138265,15138265,15981958
15138467,15138467,15981958
15138632,15138632,15981958
15138665,15138665,15981958
15138921,15138921,15981958
15139212,15139212,15981958
15139254,15139254,15981958
15139311,15139311,15981958
15139437,15139437,15981958
15140588,15140588,15981958
15140662,15140662,15981958
15140923,15140923,15981958
15141143,15141143,15981958
15141951,15141951,15981958
15142128,15142128,15981958
15142137,15142137,15981958
15142755,15142755,15981958
15142815,15142815,15981958
15143233,15143233,15981958
15143611,15143611,15981958
15143871,15143871,15981958
15144553,15144553,15981958
15144578,15144578,15981958
15144586,15144586,15981958
15145018,15145018,15981958
15145330,15145330,15981958
15146230,15146230,15981958
15146584,15146584,15981958
15147233,15147233,15981958
15148419,15148419,15981958
15149106,15149106,15981958
15151768,15151768,15981958
15153012,15153012,15981958
15153047,15153047,15981958
15153344,15153344,15981958
15156379,15156379,15981958
15156741,15156741,15981958
15157577,15157577,15981958
15157945,15157945,15981958
15158379,15158379,15981958
15158773,15158773,15981958
15160296,15160296,15981958
15160832,15160832,15981958
15160867,15160867,15981958
15161195,15161195,15981958
15161610,15161610,15981958
15161645,15161645,15981958
15162913,15162913,15981958
15162974,15162974,15981958
15164251,15164251,15981958
15164399,15164399,15981958
15164502,15164502,15981958
15164581,15164581,15981958
15164711,15164711,15981958
15164793,15164793,15981958
15165039,15165039,15981958
15165073,15165073,15981958
15165555,15165555,15981958
15165641,15165641,15981958
15165988,15165988,15981958
15166357,15166357,15981958
15166759,15166759,15981958
15168100,15168100,15981958
15168416,15168416,15981958
15168776,15168776,15981958
15170714,15170714,15981958
15171341,15171341,15981958
15172043,15172043,15981958
15172066,15172066,15981958
15172362,15172362,15981958
15173781,15173781,15981958
15174367,15174367,15981958
15175025,15175025,15981958
15175359,15175359,15981958
15175381,15175381,15981958
15175547,15175547,15981958
15176498,15176498,15981958
15176811,15176811,15981958
15176974,15176974,15981958
15177087,15177087,15981958
15177273,15177273,15981958
15178977,15178977,15981958
15179481,15179481,15981958
15179614,15179614,15981958
15179783,15179783,15981958
15180441,15180441,15981958
15182117,15182117,15981958
15182206,15182206,15981958
15182280,15182280,15981958
15182508,15182508,15981958
15183047,15183047,15981958
15183759,15183759,15981958
15185838,15185838,15981958
15186539,15186539,15981958
15186624,15186624,15981958
15186760,15186760,15981958
15186913,15186913,15981958
15187274,15187274,15981958
15187665,15187665,15981958
15188009,15188009,15981958
15188016,15188016,15981958
15188370,15188370,15981958
15189149,15189149,15981958
15189394,15189394,15981958
15189405,15189405,15981958
15189733,15189733,15981958
15190030,15190030,15981958
15190706,15190706,15981958
15191117,15191117,15981958
15192308,15192308,15981958
15192769,15192769,15981958
15193409,15193409,15981958
15194548,15194548,15981958
15195512,15195512,15981958
15195967,15195967,15981958
15196398,15196398,15981958
15197642,15197642,15981958
15198448,15198448,15981958
15198663,15198663,15981958
15198760,15198760,15981958
15199965,15199965,15981958
15200575,15200575,15981958
15202422,15202422,15981958
15203023,15203023,15981958
15203085,15203085,15981958
15205654,15205654,15981958
15205669,15205669,15981958
15205870,15205870,15981958
15206814,15206814,15981958
15207272,15207272,15981958
15207570,15207570,15981958
15208743,15208743,15981958
15209087,15209087,15981958
15209418,15209418,15981958
15209617,15209617,15981958
15210041,15210041,15981958
15210080,15210080,15981958
15210808,15210808,15981958
15211154,15211154,15981958
15211634,15211634,15981958
15211747,15211747,15981958
15211893,15211893,15981958
15212065,15212065,15981958
15213021,15213021,15981958
15213362,15213362,15981958
15213474,15213474,15981958
15214119,15214119,15981958
15214349,15214349,15981958
15214422,15214422,15981958
15214847,15214847,15981958
15214927,15214927,15981958
15216130,15216130,15981958
15216383,15216383,15981958
15216471,15216471,15981958
15216715,15216715,15981958
15216782,15216782,15981958
15216834,15216834,15981958
15217834,15217834,15981958
15218250,15218250,15981958
15218678,15218678,15981958
15218903,15218903,15981958
15220503,15220503,15981958
15221116,15221116,15981958
15222570,15222570,15981958
15222790,15222790,15981958
15222878,15222878,15981958
15223926,15223926,15981958
15225257,15225257,15981958
15225654,15225654,15981958
15225882,15225882,15981958
15226563,15226563,15981958
15227190,15227190,15981958
15227672,15227672,15981958
15227840,15227840,15981958
15228121,15228121,15981958
15229032,15229032,15981958
15229831,15229831,15981958
15229973,15229973,15981958
15230181,15230181,15981958
15231162,15231162,15981958
15232184,15232184,15981958
15232286,15232286,15981958
15233017,15233017,15981958
15233077,15233077,15981958
15233981,15233981,15981958
15234141,15234141,15981958
15234197,15234197,15981958
15235331,15235331,15981958
15235703,15235703,15981958
15236024,15236024,15981958
15237549,15237549,15981958
15237577,15237577,15981958
15238145,15238145,15981958
15238287,15238287,15981958
15238637,15238637,15981958
15238655,15238655,15981958
15239193,15239193,15981958
15240005,15240005,15981958
15240094,15240094,15981958
15241425,15241425,15981958
15241752,15241752,15981958
15241859,15241859,15981958
15243334,15243334,15981958
15243476,15243476,15981958
15243477,15243477,15981958
15243510,15243510,15981958
15243789,15243789,15981958
15244946,15244946,15981958
15244956,15244956,15981958
15245886,15245886,15981958
15246651,15246651,15981958
15246838,15246838,15981958
15247057,15247057,15981958
15247108,15247108,15981958
15247310,15247310,15981958
15247511,15247511,15981958
15247978,15247978,15981958
15248038,15248038,15981958
15249448,15249448,15981958
15249576,15249576,15981958
15249816,15249816,15981958
15249819,15249819,15981958
15250514,15250514,15981958
15250853,15250853,15981958
15252066,15252066,15981958
15252557,15252557,15981958
15253894,15253894,15981958
15254669,15254669,15981958
15254989,15254989,15981958
15255462,15255462,15981958
15255935,15255935,15981958
15256026,15256026,15981958
15257052,15257052,15981958
15257125,15257125,15981958
15258844,15258844,15981958
15258860,15258860,15981958
15259434,15259434,15981958
15260456,15260456,15981958
15261938,15261938,15981958
15262182,15262182,15981958
15262386,15262386,15981958
15262480,15262480,15981958
15262516,15262516,15981958
15263073,15263073,15981958
15263843,15263843,15981958
15263954,15263954,15981958
15264428,15264428,15981958
15264542,15264542,15981958
15264646,15264646,15981958
15265257,15265257,15981958
15265267,15265267,15981958
15265894,15265894,15981958
15267251,15267251,15981958
15267540,15267540,15981958
15267710,15267710,15981958
15268080,15268080,15981958
15268273,15268273,15981958
15270355,15270355,15981958
15270465,15270465,15981958
15270492,15270492,15981958
15271580,15271580,15981958
15272295,15272295,15981958
15272646,15272646,15981958
15272751,15272751,15981958
15273099,15273099,15981958
15273944,15273944,15981958
15274143,15274143,15981958
15274407,15274407,15981958
15275536,15275536,15981958
15275737,15275737,15981958
15275842,15275842,15981958
15276664,15276664,15981958
15276762,15276762,15981958
15277635,15277635,15981958
15277815,15277815,15981958
15278409,15278409,15981958
15278485,15278485,15981958
15280244,15280244,15981958
15280726,15280726,15981958
15281973,15281973,15981958
15284560,15284560,15981958
15286580,15286580,15981958
15286697,15286697,15981958
15287098,15287098,15981958
15287241,15287241,15981958
15287570,15287570,15981958
15287863,15287863,15981958
15287889,15287889,15981958
15288566,15288566,15981958
15289122,15289122,15981958
15291206,15291206,15981958
15291230,15291230,15981958
15291588,15291588,15981958
15292641,15292641,15981958
15293178,15293178,15981958
15293207,15293207,15981958
15293348,15293348,15981958
15293802,15293802,15981958
15293823,15293823,15981958
15294280,15294280,15981958
15294593,15294593,15981958
15295870,15295870,15981958
15296070,15296070,15981958
15296464,15296464,15981958
15296646,15296646,15981958
15297060,15297060,15981958
15297203,15297203,15981958
15300304,15300304,15981958
15300442,15300442,15981958
15300959,15300959,15981958
15301641,15301641,15981958
15302314,15302314,15981958
15302353,15302353,15981958
15302703,15302703,15981958
15303540,15303540,15981958
15303830,15303830,15981958
15304067,15304067,15981958
15304089,15304089,15981958
15305216,15305216,15981958
15307600,15307600,15981958
15308563,15308563,15981958
15308985,15308985,15981958
15309102,15309102,15981958
15309299,15309299,15981958
15309610,15309610,15981958
15309620,15309620,15981958
15309623,15309623,15981958
15309927,15309927,15981958
15310302,15310302,15981958
15310315,15310315,15981958
15310991,15310991,15981958
15311011,15311011,15981958
15311742,15311742,15981958
15311858,15311858,15981958
15311861,15311861,15981958
15312475,15312475,15981958
15313682,15313682,15981958
15313797,15313797,15981958
15314093,15314093,15981958
15314786,15314786,15981958
15314792,15314792,15981958
15314919,15314919,15981958
15315616,15315616,15981958
15315794,15315794,15981958
15315910,15315910,15981958
15316265,15316265,15981958
15316457,15316457,15981958
15317129,15317129,15981958
15317939,15317939,15981958
15318282,15318282,15981958
15319326,15319326,15981958
15320046,15320046,15981958
15320113,15320113,15981958
15320787,15320787,15981958
15321710,15321710,15981958
15321827,15321827,15981958
15322333,15322333,15981958
15323545,15323545,15981958
15323790,15323790,15981958
15325000,15325000,15981958
15326334,15326334,15981958
15326431,15326431,15981958
15326618,15326618,15981958
15326864,15326864,15981958
15330323,15330323,15981958
15331843,15331843,15981958
15331984,15331984,15981958
15333792,15333792,15981958
15333993,15333993,15981958
15336221,15336221,15981958
15336324,15336324,15981958
15336444,15336444,15981958
15336449,15336449,15981958
15337166,15337166,15981958
15337518,15337518,15981958
15337596,15337596,15981958
15337759,15337759,15981958
15337891,15337891,15981958
15338016,15338016,15981958
15339552,15339552,15981958
15339810,15339810,15981958
15340081,15340081,15981958
15340282,15340282,15981958
15340760,15340760,15981958
15341650,15341650,15981958
15342231,15342231,15981958
15342336,15342336,15981958
15342772,15342772,15981958
15343236,15343236,15981958
15345312,15345312,15981958
15345531,15345531,15981958
15347939,15347939,15981958
15348576,15348576,15981958
15348833,15348833,15981958
15351031,15351031,15981958
15351195,15351195,15981958
15351933,15351933,15981958
15352118,15352118,15981958
15353666,15353666,15981958
15354412,15354412,15981958
15355022,15355022,15981958
15355336,15355336,15981958
15355727,15355727,15981958
15355881,15355881,15981958
15356922,15356922,15981958
15357463,15357463,15981958
15358116,15358116,15981958
15358263,15358263,15981958
15358295,15358295,15981958
15358681,15358681,15981958
15359349,15359349,15981958
15359685,15359685,15981958
15360301,15360301,15981958
15360507,15360507,15981958
15360510,15360510,15981958
15360616,15360616,15981958
15360761,15360761,15981958
15360984,15360984,15981958
15361049,15361049,15981958
15361131,15361131,15981958
15361747,15361747,15981958
15362128,15362128,15981958
15364834,15364834,15981958
15365815,15365815,15981958
15365920,15365920,15981958
15367569,15367569,15981958
15367814,15367814,15981958
15368012,15368012,15981958
15368019,15368019,15981958
15368813,15368813,15981958
15369377,15369377,15981958
15369895,15369895,15981958
15369952,15369952,15981958
15369991,15369991,15981958
15370871,15370871,15981958
15371681,15371681,15981958
15372166,15372166,15981958
15372260,15372260,15981958
15373161,15373161,15981958
15373402,15373402,15981958
15373689,15373689,15981958
15373999,15373999,15981958
15374607,15374607,15981958
15374825,15374825,15981958
15375694,15375694,15981958
15375728,15375728,15981958
15377250,15377250,15981958
15377333,15377333,15981958
15378378,15378378,15981958
15378620,15378620,15981958
15378745,15378745,15981958
15378880,15378880,15981958
15379420,15379420,15981958
15380301,15380301,15981958
15380358,15380358,15981958
15380853,15380853,15981958
15381361,15381361,15981958
15382123,15382123,15981958
15382395,15382395,15981958
15382588,15382588,15981958
15382753,15382753,15981958
15383472,15383472,15981958
15383719,15383719,15981958
15383835,15383835,15981958
15383922,15383922,15981958
15384445,15384445,15981958
15385624,15385624,15981958
15385817,15385817,15981958
15386291,15386291,15981958
15386549,15386549,15981958
15387614,15387614,15981958
15388025,15388025,15981958
15390326,15390326,15981958
15390332,15390332,15981958
15390740,15390740,15981958
15390799,15390799,15981958
15390820,15390820,15981958
15391219,15391219,15981958
15391358,15391358,15981958
15391929,15391929,15981958
15392021,15392021,15981958
15392817,15392817,15981958
15393951,15393951,15981958
15394275,15394275,15981958
15395106,15395106,15981958
15395289,15395289,15981958
15396274,15396274,15981958
15397046,15397046,15981958
15398422,15398422,15981958
15398882,15398882,15981958
15398895,15398895,15981958
15399466,15399466,15981958
15399714,15399714,15981958
15401331,15401331,15981958
15401683,15401683,15981958
15402438,15402438,15981958
15402761,15402761,15981958
15402769,15402769,15981958
15402899,15402899,15981958
15403170,15403170,15981958
15403448,15403448,15981958
15404452,15404452,15981958
15404627,15404627,15981958
15404804,15404804,15981958
15404864,15404864,15981958
15405896,15405896,15981958
15406418,15406418,15981958
15408292,15408292,15981958
15408460,15408460,15981958
15408486,15408486,15981958
15408536,15408536,15981958
15408932,15408932,15981958
15409688,15409688,15981958
15409699,15409699,15981958
15409965,15409965,15981958
15410109,15410109,15981958
15410570,15410570,15981958
15411097,15411097,15981958
15411278,15411278,15981958
15411488,15411488,15981958
15412359,15412359,15981958
15412587,15412587,15981958
15412710,15412710,15981958
15412816,15412816,15981958
15414180,15414180,15981958
15414307,15414307,15981958
15414925,15414925,15981958
15416284,15416284,15981958
15416752,15416752,15981958
15417002,15417002,15981958
15417145,15417145,15981958
15417370,15417370,15981958
15417450,15417450,15981958
15417513,15417513,15981958
15417733,15417733,15981958
15418369,15418369,15981958
15419266,15419266,15981958
15419361,15419361,15981958
15420392,15420392,15981958
15421305,15421305,15981958
15421583,15421583,15981958
15421788,15421788,15981958
15421948,15421948,15981958
15422191,15422191,15981958
15422617,15422617,15981958
15423210,15423210,15981958
15424055,15424055,15981958
15424187,15424187,15981958
15424486,15424486,15981958
15425007,15425007,15981958
15425587,15425587,15981958
15426184,15426184,15981958
15427158,15427158,15981958
15427246,15427246,15981958
15427272,15427272,15981958
15427574,15427574,15981958
15428295,15428295,15981958
15428921,15428921,15981958
15430093,15430093,15981958
15430804,15430804,15981958
15430815,15430815,15981958
15431321,15431321,15981958
15432037,15432037,15981958
15432458,15432458,15981958
15432772,15432772,15981958
15434175,15434175,15981958
15435463,15435463,15981958
15435595,15435595,15981958
15435607,15435607,15981958
15435730,15435730,15981958
15436028,15436028,15981958
15436237,15436237,15981958
15438501,15438501,15981958
15439109,15439109,15981958
15439198,15439198,15981958
15439415,15439415,15981958
15440601,15440601,15981958
15440884,15440884,15981958
15440901,15440901,15981958
15440977,15440977,15981958
15441273,15441273,15981958
15441396,15441396,15981958
15441422,15441422,15981958
15441488,15441488,15981958
15441513,15441513,15981958
15441956,15441956,15981958
15441975,15441975,15981958
15442653,15442653,15981958
15443140,15443140,15981958
15443324,15443324,15981958
15444266,15444266,15981958
15444471,15444471,15981958
15445094,15445094,15981958
15446397,15446397,15981958
15446558,15446558,15981958
15446607,15446607,15981958
15447648,15447648,15981958
15447795,15447795,15981958
15448012,15448012,15981958
15448851,15448851,15981958
15448980,15448980,15981958
15450331,15450331,15981958
15451424,15451424,15981958
15451428,15451428,15981958
15451673,15451673,15981958
15451997,15451997,15981958
15452120,15452120,15981958
15452260,15452260,15981958
15453724,15453724,15981958
15454188,15454188,15981958
15457398,15457398,15981958
15458031,15458031,15981958
15458118,15458118,15981958
15458871,15458871,15981958
15459106,15459106,15981958
15459159,15459159,15981958
15459365,15459365,15981958
15459998,15459998,15981958
15460912,15460912,15981958
15460924,15460924,15981958
15461322,15461322,15981958
15461594,15461594,15981958
15462173,15462173,15981958
15462974,15462974,15981958
15463339,15463339,15981958
15463750,15463750,15981958
15464781,15464781,15981958
15465434,15465434,15981958
15466118,15466118,15981958
15466173,15466173,15981958
15466376,15466376,15981958
15467846,15467846,15981958
15468329,15468329,15981958
15468484,15468484,15981958
15468574,15468574,15981958
15469044,15469044,15981958
15469351,15469351,15981958
15471619,15471619,15981958
15471846,15471846,15981958
15472195,15472195,15981958
15472213,15472213,15981958
15472662,15472662,15981958
15472663,15472663,15981958
15472693,15472693,15981958
15473216,15473216,15981958
15473372,15473372,15981958
15473474,15473474,15981958
15473487,15473487,15981958
15473808,15473808,15981958
15474217,15474217,15981958
15474746,15474746,15981958
15475544,15475544,15981958
15476072,15476072,15981958
15476206,15476206,15981958
15476468,15476468,15981958
15476878,15476878,15981958
15478102,15478102,15981958
15478124,15478124,15981958
15478504,15478504,15981958
15478651,15478651,15981958
15478867,15478867,15981958
15478916,15478916,15981958
15479072,15479072,15981958
15480022,15480022,15981958
15480437,15480437,15981958
15481815,15481815,15981958
15481959,15481959,15981958
15482310,15482310,15981958
15482538,15482538,15981958
15483011,15483011,15981958
15483051,15483051,15981958
15483193,15483193,15981958
15485143,15485143,15981958
15485159,15485159,15981958
15485599,15485599,15981958
15485901,15485901,15981958
15486722,15486722,15981958
15487686,15487686,15981958
15487767,15487767,15981958
15489224,15489224,15981958
15489239,15489239,15981958
15489783,15489783,15981958
15490059,15490059,15981958
15490245,15490245,15981958
15491878,15491878,15981958
15491927,15491927,15981958
15492046,15492046,15981958
15492253,15492253,15981958
15492888,15492888,15981958
15495016,15495016,15981958
15495050,15495050,15981958
15495212,15495212,15981958
15495529,15495529,15981958
15496316,15496316,15981958
15496470,15496470,15981958
15496525,15496525,15981958
15496796,15496796,15981958
15496915,15496915,15981958
15498276,15498276,15981958
15498278,15498278,15981958
15498784,15498784,15981958
15498842,15498842,15981958
15499372,15499372,15981958
15500972,15500972,15981958
15501122,15501122,15981958
15501155,15501155,15981958
15502335,15502335,15981958
15504018,15504018,15981958
15504653,15504653,15981958
15504866,15504866,15981958
15505922,15505922,15981958
15506146,15506146,15981958
15506523,15506523,15981958
15506628,15506628,15981958
15506833,15506833,15981958
15507075,15507075,15981958
15508408,15508408,15981958
15510164,15510164,15981958
15510774,15510774,15981958
15511006,15511006,15981958
15511680,15511680,15981958
15511806,15511806,15981958
15514290,15514290,15981958
15514335,15514335,15981958
15514759,15514759,15981958
15515496,15515496,15981958
15515735,15515735,15981958
15516150,15516150,15981958
15518542,15518542,15981958
15518596,15518596,15981958
15519068,15519068,15981958
15520148,15520148,15981958
15520171,15520171,15981958
15520207,15520207,15981958
15520575,15520575,15981958
15520623,15520623,15981958
15521434,15521434,15981958
15522069,15522069,15981958
15522287,15522287,15981958
15523185,15523185,15981958
15523851,15523851,15981958
15524033,15524033,15981958
15524224,15524224,15981958
15525332,15525332,15981958
15525355,15525355,15981958
15526673,15526673,15981958
15527320,15527320,15981958
15527730,15527730,15981958
15528858,15528858,15981958
15528896,15528896,15981958
15529421,15529421,15981958
15530089,15530089,15981958
15530162,15530162,15981958
15530332,15530332,15981958
15530455,15530455,15981958
15530490,15530490,15981958
15530814,15530814,15981958
15530893,15530893,15981958
15531095,15531095,15981958
15531246,15531246,15981958
15531411,15531411,15981958
15532151,15532151,15981958
15532171,15532171,15981958
15532974,15532974,15981958
15533705,15533705,15981958
15533811,15533811,15981958
15535241,15535241,15981958
15535491,15535491,15981958
15537057,15537057,15981958
15537107,15537107,15981958
15537242,15537242,15981958
15537313,15537313,15981958
15537413,15537413,15981958
15537518,15537518,15981958
15537577,15537577,15981958
15538850,15538850,15981958
15538926,15538926,15981958
15538965,15538965,15981958
15539916,15539916,15981958
15540018,15540018,15981958
15540527,15540527,15981958
15540982,15540982,15981958
15542493,15542493,15981958
15542570,15542570,15981958
15543381,15543381,15981958
15545392,15545392,15981958
15545444,15545444,15981958
15545678,15545678,15981958
15546164,15546164,15981958
15546483,15546483,15981958
15546697,15546697,15981958
15547127,15547127,15981958
15547287,15547287,15981958
15547955,15547955,15981958
15548149,15548149,15981958
15548269,15548269,15981958
15548377,15548377,15981958
15549323,15549323,15981958
15549664,15549664,15981958
15549856,15549856,15981958
15550859,15550859,15981958
15551442,15551442,15981958
15551507,15551507,15981958
15551904,15551904,15981958
15551962,15551962,15981958
15553418,15553418,15981958
15553862,15553862,15981958
15554357,15554357,15981958
15554739,15554739,15981958
15555685,15555685,15981958
15556009,15556009,15981958
15557899,15557899,15981958
15557951,15557951,15981958
15558372,15558372,15981958
15558762,15558762,15981958
15559087,15559087,15981958
15560418,15560418,15981958
15560889,15560889,15981958
15561205,15561205,15981958
15561265,15561265,15981958
15564588,15564588,15981958
15564765,15564765,15981958
15565186,15565186,15981958
15566591,15566591,15981958
15566784,15566784,15981958
15566905,15566905,15981958
15567076,15567076,15981958
15567667,15567667,15981958
15567721,15567721,15981958
15567944,15567944,15981958
15568225,15568225,15981958
15568283,15568283,15981958
15568558,15568558,15981958
15569096,15569096,15981958
15569403,15569403,15981958
15569482,15569482,15981958
15570926,15570926,15981958
15571820,15571820,15981958
15572469,15572469,15981958
15572805,15572805,15981958
15573462,15573462,15981958
15573787,15573787,15981958
15573830,15573830,15981958
15574632,15574632,15981958
15575150,15575150,15981958
15575915,15575915,15981958
15576319,15576319,15981958
15576507,15576507,15981958
15577559,15577559,15981958
15577770,15577770,15981958
15578012,15578012,15981958
15579206,15579206,15981958
15579850,15579850,15981958
15580108,15580108,15981958
15580673,15580673,15981958
15581393,15581393,15981958
15581572,15581572,15981958
15582086,15582086,15981958
15582393,15582393,15981958
15582443,15582443,15981958
15582704,15582704,15981958
15583006,15583006,15981958
15583061,15583061,15981958
15583710,15583710,15981958
15584176,15584176,15981958
15584911,15584911,15981958
15585399,15585399,15981958
15585750,15585750,15981958
15585822,15585822,15981958
15586540,15586540,15981958
15586559,15586559,15981958
15587051,15587051,15981958
15587891,15587891,15981958
15589143,15589143,15981958
15589264,15589264,15981958
15589345,15589345,15981958
15589588,15589588,15981958
15589897,15589897,15981958
15590366,15590366,15981958
15591008,15591008,15981958
15591110,15591110,15981958
15592947,15592947,15981958
15593434,15593434,15981958
15594369,15594369,15981958
15595449,15595449,15981958
15596137,15596137,15981958
15596407,15596407,15981958
15596859,15596859,15981958
15597375,15597375,15981958
15597845,15597845,15981958
15597970,15597970,15981958
15598727,15598727,15981958
15599041,15599041,15981958
15600396,15600396,15981958
15600722,15600722,15981958
15601093,15601093,15981958
15601939,15601939,15981958
15603638,15603638,15981958
15603683,15603683,15981958
15603714,15603714,15981958
15603821,15603821,15981958
15604524,15604524,15981958
15605040,15605040,15981958
15605828,15605828,15981958
15606309,15606309,15981958
15606396,15606396,15981958
15606480,15606480,15981958
15606561,15606561,15981958
15607094,15607094,15981958
15607937,15607937,15981958
15608280,15608280,15981958
15609137,15609137,15981958
15609353,15609353,15981958
15609913,15609913,15981958
15610467,15610467,15981958
15611836,15611836,15981958
15611960,15611960,15981958
15612084,15612084,15981958
15612147,15612147,15981958
15612423,15612423,15981958
15612629,15612629,15981958
15612940,15612940,15981958
15614011,15614011,15981958
15614119,15614119,15981958
15614614,15614614,15981958
15615132,15615132,15981958
15615178,15615178,15981958
15616509,15616509,15981958
15617403,15617403,15981958
15618602,15618602,15981958
15619410,15619410,15981958
15619429,15619429,15981958
15620371,15620371,15981958
15620763,15620763,15981958
15621587,15621587,15981958
15622156,15622156,15981958
15622428,15622428,15981958
15622513,15622513,15981958
15622513,15622513,15981958
15622565,15622565,15981958
15622712,15622712,15981958
15622886,15622886,15981958
15623329,15623329,15981958
15623408,15623408,15981958
15623882,15623882,15981958
15624663,15624663,15981958
15625315,15625315,15981958
15625699,15625699,15981958
15625959,15625959,15981958
15626188,15626188,15981958
15626251,15626251,15981958
15626682,15626682,15981958
15626855,15626855,15981958
15627795,15627795,15981958
15627815,15627815,15981958
15628034,15628034,15981958
15629396,15629396,15981958
15631306,15631306,15981958
15631428,15631428,15981958
15631956,15631956,15981958
15633255,15633255,15981958
15633257,15633257,15981958
15633719,15633719,15981958
15633895,15633895,15981958
15634445,15634445,15981958
15636857,15636857,15981958
15638943,15638943,15981958
15640318,15640318,15981958
15641177,15641177,15981958
15641331,15641331,15981958
15641823,15641823,15981958
15643054,15643054,15981958
15643276,15643276,15981958
15643688,15643688,15981958
15643833,15643833,15981958
15644200,15644200,15981958
15644341,15644341,15981958
15644363,15644363,15981958
15644723,15644723,15981958
15645587,15645587,15981958
15646449,15646449,15981958
15646529,15646529,15981958
15646702,15646702,15981958
15647030,15647030,15981958
15648069,15648069,15981958
15649935,15649935,15981958
15650714,15650714,15981958
15650803,15650803,15981958
15650827,15650827,15981958
15651168,15651168,15981958
15651683,15651683,15981958
15652534,15652534,15981958
15653558,15653558,15981958
15653559,15653559,15981958
15654114,15654114,15981958
15654403,15654403,15981958
15654564,15654564,15981958
15656939,15656939,15981958
15657501,15657501,15981958
15658948,15658948,15981958
15660240,15660240,15981958
15660588,15660588,15981958
15661469,15661469,15981958
15662265,15662265,15981958
15662498,15662498,15981958
15662763,15662763,15981958
15663054,15663054,15981958
15663644,15663644,15981958
15664997,15664997,15981958
15665319,15665319,15981958
15665649,15665649,15981958
15666539,15666539,15981958
15667021,15667021,15981958
15667238,15667238,15981958
15667711,15667711,15981958
15667787,15667787,15981958
15668000,15668000,15981958
15668784,15668784,15981958
15668984,15668984,15981958
15669252,15669252,15981958
15669812,15669812,15981958
15669939,15669939,15981958
15670263,15670263,15981958
15670844,15670844,15981958
15671001,15671001,15981958
15671090,15671090,15981958
15671395,15671395,15981958
15671876,15671876,15981958
15672069,15672069,15981958
15672190,15672190,15981958
15672578,15672578,15981958
15672584,15672584,15981958
15672645,15672645,15981958
15672858,15672858,15981958
15675955,15675955,15981958
15676178,15676178,15981958
15676921,15676921,15981958
15677083,15677083,15981958
15677099,15677099,15981958
15677193,15677193,15981958
15677240,15677240,15981958
15678345,15678345,15981958
15678425,15678425,15981958
15678503,15678503,15981958
15679753,15679753,15981958
15681126,15681126,15981958
15681714,15681714,15981958
15682191,15682191,15981958
15682261,15682261,15981958
15684483,15684483,15981958
15685368,15685368,15981958
15685501,15685501,15981958
15685507,15685507,15981958
15685878,15685878,15981958
15685933,15685933,15981958
15686795,15686795,15981958
15687829,15687829,15981958
15688440,15688440,15981958
15688501,15688501,15981958
15688866,15688866,15981958
15688899,15688899,15981958
15688987,15688987,15981958
15689134,15689134,15981958
15689720,15689720,15981958
15690590,15690590,15981958
15691134,15691134,15981958
15692231,15692231,15981958
15692281,15692281,15981958
15693048,15693048,15981958
15693733,15693733,15981958
15693987,15693987,15981958
15694917,15694917,15981958
15695188,15695188,15981958
15695903,15695903,15981958
15696125,15696125,15981958
15696322,15696322,15981958
15696871,15696871,15981958
15698077,15698077,15981958
15698164,15698164,15981958
15698353,15698353,15981958
15698895,15698895,15981958
15699877,15699877,15981958
15700004,15700004,15981958
15700145,15700145,15981958
15700204,15700204,15981958
15700646,15700646,15981958
15701083,15701083,15981958
15701231,15701231,15981958
15702426,15702426,15981958
15703047,15703047,15981958
15703064,15703064,15981958
15705942,15705942,15981958
15705971,15705971,15981958
15706383,15706383,15981958
15707701,15707701,15981958
15708399,15708399,15981958
15708723,15708723,15981958
15708854,15708854,15981958
15709280,15709280,15981958
15709651,15709651,15981958
15709672,15709672,15981958
15709833,15709833,15981958
15711766,15711766,15981958
15711874,15711874,15981958
15711900,15711900,15981958
15712996,15712996,15981958
15713394,15713394,15981958
15713478,15713478,15981958
15714325,15714325,15981958
15715892,15715892,15981958
15716035,15716035,15981958
15716053,15716053,15981958
15716070,15716070,15981958
15716078,15716078,15981958
15716708,15716708,15981958
15716714,15716714,15981958
15716951,15716951,15981958
15719103,15719103,15981958
15719925,15719925,15981958
15720483,15720483,15981958
15721211,15721211,15981958
15721865,15721865,15981958
15722017,15722017,15981958
15723066,15723066,15981958
15723236,15723236,15981958
15723243,15723243,15981958
15723773,15723773,15981958
15724701,15724701,15981958
15725231,15725231,15981958
15725324,15725324,15981958
15725616,15725616,15981958
15725813,15725813,15981958
15725858,15725858,15981958
15726018,15726018,15981958
15726497,15726497,15981958
15727062,15727062,15981958
15727525,15727525,15981958
15728805,15728805,15981958
15729992,15729992,15981958
15730790,15730790,15981958
15731734,15731734,15981958
15732032,15732032,15981958
15732474,15732474,15981958
15733136,15733136,15981958
15733393,15733393,15981958
15734821,15734821,15981958
15735429,15735429,15981958
15736643,15736643,15981958
15736790,15736790,15981958
15738783,15738783,15981958
15739061,15739061,15981958
15740860,15740860,15981958
15740907,15740907,15981958
15741128,15741128,15981958
15741293,15741293,15981958
15741757,15741757,15981958
15742024,15742024,15981958
15742882,15742882,15981958
15743791,15743791,15981958
15743919,15743919,15981958
15744060,15744060,15981958
15744427,15744427,15981958
15744500,15744500,15981958
15744516,15744516,15981958
15745000,15745000,15981958
15745112,15745112,15981958
15745320,15745320,15981958
15745576,15745576,15981958
15746017,15746017,15981958
15746608,15746608,15981958
15747945,15747945,15981958
15748071,15748071,15981958
15748179,15748179,15981958
15748234,15748234,15981958
15748595,15748595,15981958
15749076,15749076,15981958
15749787,15749787,15981958
15750456,15750456,15981958
15750724,15750724,15981958
15750922,15750922,15981958
15751045,15751045,15981958
15751919,15751919,15981958
15753833,15753833,15981958
15754036,15754036,15981958
15754245,15754245,15981958
15754348,15754348,15981958
15754984,15754984,15981958
15755072,15755072,15981958
15755240,15755240,15981958
15755541,15755541,15981958
15756793,15756793,15981958
15757111,15757111,15981958
15758456,15758456,15981958
15759004,15759004,15981958
15760598,15760598,15981958
15761609,15761609,15981958
15761833,15761833,15981958
15764144,15764144,15981958
15765305,15765305,15981958
15765792,15765792,15981958
15766306,15766306,15981958
15766705,15766705,15981958
15767549,15767549,15981958
15767814,15767814,15981958
15768152,15768152,15981958
15768496,15768496,15981958
15768641,15768641,15981958
15768814,15768814,15981958
15770024,15770024,15981958
15770217,15770217,15981958
15770479,15770479,15981958
15770915,15770915,15981958
15771070,15771070,15981958
15771369,15771369,15981958
15771787,15771787,15981958
15772307,15772307,15981958
15772619,15772619,15981958
15773710,15773710,15981958
15773741,15773741,15981958
15774636,15774636,15981958
15776446,15776446,15981958
15776576,15776576,15981958
15777066,15777066,15981958
15777104,15777104,15981958
15777579,15777579,15981958
15777866,15777866,15981958
15778241,15778241,15981958
15778658,15778658,15981958
15778977,15778977,15981958
15782768,15782768,15981958
15783137,15783137,15981958
15783266,15783266,15981958
15784672,15784672,15981958
15784971,15784971,15981958
15785042,15785042,15981958
15785139,15785139,15981958
15785292,15785292,15981958
15785301,15785301,15981958
15785820,15785820,15981958
15786084,15786084,15981958
15786226,15786226,15981958
15786469,15786469,15981958
15786985,15786985,15981958
15787154,15787154,15981958
15787227,15787227,15981958
15787619,15787619,15981958
15787859,15787859,15981958
15788157,15788157,15981958
15788322,15788322,15981958
15788825,15788825,15981958
15788852,15788852,15981958
15789070,15789070,15981958
15789534,15789534,15981958
15791067,15791067,15981958
15791445,15791445,15981958
15791559,15791559,15981958
15791805,15791805,15981958
15791825,15791825,15981958
15791989,15791989,15981958
15792258,15792258,15981958
15792351,15792351,15981958
15792412,15792412,15981958
15792596,15792596,15981958
15792937,15792937,15981958
15793564,15793564,15981958
15794861,15794861,15981958
15795068,15795068,15981958
15795394,15795394,15981958
15795596,15795596,15981958
15795842,15795842,15981958
15796189,15796189,15981958
15797109,15797109,15981958
15798421,15798421,15981958
15798490,15798490,15981958
15798629,15798629,15981958
15798771,15798771,15981958
15799198,15799198,15981958
15799476,15799476,15981958
15799618,15799618,15981958
15800150,15800150,15981958
15800505,15800505,15981958
15800839,15800839,15981958
15800936,15800936,15981958
15801868,15801868,15981958
15802277,15802277,15981958
15804319,15804319,15981958
15804607,15804607,15981958
15804639,15804639,15981958
15804885,15804885,15981958
15805162,15805162,15981958
15805802,15805802,15981958
15805883,15805883,15981958
15806874,15806874,15981958
15807001,15807001,15981958
15807226,15807226,15981958
15808197,15808197,15981958
15808783,15808783,15981958
15808839,15808839,15981958
15808965,15808965,15981958
15809015,15809015,15981958
15809370,15809370,15981958
15810341,15810341,15981958
15810755,15810755,15981958
15811082,15811082,15981958
15812033,15812033,15981958
15813162,15813162,15981958
15813789,15813789,15981958
15815612,15815612,15981958
15815871,15815871,15981958
15816340,15816340,15981958
15817061,15817061,15981958
15817575,15817575,15981958
15817588,15817588,15981958
15817673,15817673,15981958
15817728,15817728,15981958
15818207,15818207,15981958
15818597,15818597,15981958
15819545,15819545,15981958
15819974,15819974,15981958
15820312,15820312,15981958
15820378,15820378,15981958
15820844,15820844,15981958
15821278,15821278,15981958
15821383,15821383,15981958
15821763,15821763,15981958
15821813,15821813,15981958
15821828,15821828,15981958
15822144,15822144,15981958
15822704,15822704,15981958
15822879,15822879,15981958
15824142,15824142,15981958
15824279,15824279,15981958
15824817,15824817,15981958
15824986,15824986,15981958
15825421,15825421,15981958
15825645,15825645,15981958
15825646,15825646,15981958
15828816,15828816,15981958
15829231,15829231,15981958
15829378,15829378,15981958
15829425,15829425,15981958
15829503,15829503,15981958
15830520,15830520,15981958
15830534,15830534,15981958
15830975,15830975,15981958
15832144,15832144,15981958
15832401,15832401,15981958
15832615,15832615,15981958
15832746,15832746,15981958
15832812,15832812,15981958
15833221,15833221,15981958
15833977,15833977,15981958
15834105,15834105,15981958
15835033,15835033,15981958
15835502,15835502,15981958
15836280,15836280,15981958
15836645,15836645,15981958
15837364,15837364,15981958
15838798,15838798,15981958
15838988,15838988,15981958
15839014,15839014,15981958
15839135,15839135,15981958
15839359,15839359,15981958
15839539,15839539,15981958
15839578,15839578,15981958
15840180,15840180,15981958
15840257,15840257,15981958
15841756,15841756,15981958
15842359,15842359,15981958
15843062,15843062,15981958
15843421,15843421,15981958
15844063,15844063,15981958
15844550,15844550,15981958
15844759,15844759,15981958
15845196,15845196,15981958
15845792,15845792,15981958
15846405,15846405,15981958
15846814,15846814,15981958
15847521,15847521,15981958
15849849,15849849,15981958
15849932,15849932,15981958
15850562,15850562,15981958
15850598,15850598,15981958
15851572,15851572,15981958
15852278,15852278,15981958
15852302,15852302,15981958
15853162,15853162,15981958
15853295,15853295,15981958
15854082,15854082,15981958
15854331,15854331,15981958
15854985,15854985,15981958
15855051,15855051,15981958
15855261,15855261,15981958
15855748,15855748,15981958
15856268,15856268,15981958
15857268,15857268,15981958
15857525,15857525,15981958
15858146,15858146,15981958
15859338,15859338,15981958
15859445,15859445,15981958
15859738,15859738,15981958
15859916,15859916,15981958
15860422,15860422,15981958
15860511,15860511,15981958
15860542,15860542,15981958
15860593,15860593,15981958
15860609,15860609,15981958
15861369,15861369,15981958
15861990,15861990,15981958
15863144,15863144,15981958
15863529,15863529,15981958
15863673,15863673,15981958
15864089,15864089,15981958
15864427,15864427,15981958
15865008,15865008,15981958
15865091,15865091,15981958
15865275,15865275,15981958
15866053,15866053,15981958
15866159,15866159,15981958
15866717,15866717,15981958
15866751,15866751,15981958
15869013,15869013,15981958
15869659,15869659,15981958
15870408,15870408,15981958
15870496,15870496,15981958
15870586,15870586,15981958
15870598,15870598,15981958
15870626,15870626,15981958
15870987,15870987,15981958
15871002,15871002,15981958
15871073,15871073,15981958
15871299,15871299,15981958
15871781,15871781,15981958
15872199,15872199,15981958
15872421,15872421,15981958
15873039,15873039,15981958
15873889,15873889,15981958
15875062,15875062,15981958
15875112,15875112,15981958
15875508,15875508,15981958
15875573,15875573,15981958
15875990,15875990,15981958
15877119,15877119,15981958
15877133,15877133,15981958
15877430,15877430,15981958
15878443,15878443,15981958
15878811,15878811,15981958
15879372,15879372,15981958
15880496,15880496,15981958
15880852,15880852,15981958
15881289,15881289,15981958
15881962,15881962,15981958
15882010,15882010,15981958
15883035,15883035,15981958
15883267,15883267,15981958
15883434,15883434,15981958
15884469,15884469,15981958
15885163,15885163,15981958
15886992,15886992,15981958
15887563,15887563,15981958
15887651,15887651,15981958
15887972,15887972,15981958
15889413,15889413,15981958
15889650,15889650,15981958
15889842,15889842,15981958
15889913,15889913,15981958
15889937,15889937,15981958
15890256,15890256,15981958
15890300,15890300,15981958
15890897,15890897,15981958
15891799,15891799,15981958
15892021,15892021,15981958
15892026,15892026,15981958
15892671,15892671,15981958
15892672,15892672,15981958
15893532,15893532,15981958
15893644,15893644,15981958
15894021,15894021,15981958
15894366,15894366,15981958
15895073,15895073,15981958
15895129,15895129,15981958
15895798,15895798,15981958
15897225,15897225,15981958
15897811,15897811,15981958
15899372,15899372,15981958
15899411,15899411,15981958
15899777,15899777,15981958
15900170,15900170,15981958
15900545,15900545,15981958
15901295,15901295,15981958
15901663,15901663,15981958
15901686,15901686,15981958
15902075,15902075,15981958
15902336,15902336,15981958
15902372,15902372,15981958
15902552,15902552,15981958
15902646,15902646,15981958
15904358,15904358,15981958
15904417,15904417,15981958
15906280,15906280,15981958
15906527,15906527,15981958
15906732,15906732,15981958
15906906,15906906,15981958
15907108,15907108,15981958
15908002,15908002,15981958
15909157,15909157,15981958
15909622,15909622,15981958
15910978,15910978,15981958
15912248,15912248,15981958
15912720,15912720,15981958
15912721,15912721,15981958
15913075,15913075,15981958
15913186,15913186,15981958
15913221,15913221,15981958
15913461,15913461,15981958
15913618,15913618,15981958
15913945,15913945,15981958
15914145,15914145,15981958
15914451,15914451,15981958
15914666,15914666,15981958
15915005,15915005,15981958
15916409,15916409,15981958
15916409,15916409,15981958
15916609,15916609,15981958
15916954,15916954,15981958
15917052,15917052,15981958
15917364,15917364,15981958
15917940,15917940,15981958
15917951,15917951,15981958
15918658,15918658,15981958
15918707,15918707,15981958
15918959,15918959,15981958
15919243,15919243,15981958
15919365,15919365,15981958
15920163,15920163,15981958
15920865,15920865,15981958
15922168,15922168,15981958
15924714,15924714,15981958
15924902,15924902,15981958
15925111,15925111,15981958
15925384,15925384,15981958
15925400,15925400,15981958
15925435,15925435,15981958
15925629,15925629,15981958
15926195,15926195,15981958
15927258,15927258,15981958
15927384,15927384,15981958
15927538,15927538,15981958
15927558,15927558,15981958
15927780,15927780,15981958
15929016,15929016,15981958
15929470,15929470,15981958
15930595,15930595,15981958
15930636,15930636,15981958
15931688,15931688,15981958
15932329,15932329,15981958
15932555,15932555,15981958
15932938,15932938,15981958
15933206,15933206,15981958
15933904,15933904,15981958
15934782,15934782,15981958
15935295,15935295,15981958
15935544,15935544,15981958
15936482,15936482,15981958
15936493,15936493,15981958
15936543,15936543,15981958
15938254,15938254,15981958
15938336,15938336,15981958
15938568,15938568,15981958
15938689,15938689,15981958
15940303,15940303,15981958
15940556,15940556,15981958
15941043,15941043,15981958
15941238,15941238,15981958
15941468,15941468,15981958
15941507,15941507,15981958
15941515,15941515,15981958
15941819,15941819,15981958
15943870,15943870,15981958
15943926,15943926,15981958
15944421,15944421,15981958
15944571,15944571,15981958
15945060,15945060,15981958
15945125,15945125,15981958
15945234,15945234,15981958
15945995,15945995,15981958
15946610,15946610,15981958
15948954,15948954,15981958
15949334,15949334,15981958
15950830,15950830,15981958
15953005,15953005,15981958
15953111,15953111,15981958
15953299,15953299,15981958
15953895,15953895,15981958
15954106,15954106,15981958
15954271,15954271,15981958
15955163,15955163,15981958
15956183,15956183,15981958
15956655,15956655,15981958
15956843,15956843,15981958
15957083,15957083,15981958
15958250,15958250,15981958
15958522,15958522,15981958
15958750,15958750,15981958
15959816,15959816,15981958
15960105,15960105,15981958
15960195,15960195,15981958
15960613,15960613,15981958
15960862,15960862,15981958
15961294,15961294,15981958
15961762,15961762,15981958
15961807,15961807,15981958
15962082,15962082,15981958
15962092,15962092,15981958
15962108,15962108,15981958
15962301,15962301,15981958
15962886,15962886,15981958
15963215,15963215,15981958
15963837,15963837,15981958
15964099,15964099,15981958
15964624,15964624,15981958
15965689,15965689,15981958
15965869,15965869,15981958
15966008,15966008,15981958
15966350,15966350,15981958
15966979,15966979,15981958
15967411,15967411,15981958
15968093,15968093,15981958
15968265,15968265,15981958
15969115,15969115,15981958
15969678,15969678,15981958
15970122,15970122,15981958
15971494,15971494,15981958
15972365,15972365,15981958
15972959,15972959,15981958
15973823,15973823,15981958
15974180,15974180,15981958
15975691,15975691,15981958
15975732,15975732,15981958
15976576,15976576,15981958
15976766,15976766,15981958
15977960,15977960,15981958
15978089,15978089,15981958
15979273,15979273,15981958
15980201,15980201,15981958
15980407,15980407,15981958
15981123,15981123,15981958
15981819,15981819,15981958
15981928,15981928,15981958
15981965,15981965,17948216
15982685,15982685,17948216
15983156,15983156,17948216
15983593,15983593,17948216
15983677,15983677,17948216
15984109,15984109,17948216
15984632,15984632,17948216
15985128,15985128,17948216
15985396,15985396,17948216
15985465,15985465,17948216
15986642,15986642,17948216
15987560,15987560,17948216
15988219,15988219,17948216
15988225,15988225,17948216
15988227,15988227,17948216
15988393,15988393,17948216
15990472,15990472,17948216
15990632,15990632,17948216
15991183,15991183,17948216
15991237,15991237,17948216
15991704,15991704,17948216
15992743,15992743,17948216
15994655,15994655,17948216
15995065,15995065,17948216
15995371,15995371,17948216
15998195,15998195,17948216
15999049,15999049,17948216
15999239,15999239,17948216
15999377,15999377,17948216
16000413,16000413,17948216
16000837,16000837,17948216
16000887,16000887,17948216
16001281,16001281,17948216
16001335,16001335,17948216
16001524,16001524,17948216
16002599,16002599,17948216
16004117,16004117,17948216
16004147,16004147,17948216
16004428,16004428,17948216
16004808,16004808,17948216
16005588,16005588,17948216
16005730,16005730,17948216
16005831,16005831,17948216
16006880,16006880,17948216
16007201,16007201,17948216
16007631,16007631,17948216
16008941,16008941,17948216
16009019,16009019,17948216
16009021,16009021,17948216
16010484,16010484,17948216
16010562,16010562,17948216
16010707,16010707,17948216
16011479,16011479,17948216
16012058,16012058,17948216
16013307,16013307,17948216
16013402,16013402,17948216
16013946,16013946,17948216
16014472,16014472,17948216
16015249,16015249,17948216
16015706,16015706,17948216
16017158,16017158,17948216
16017492,16017492,17948216
16017502,16017502,17948216
16017531,16017531,17948216
16018118,16018118,17948216
16018458,16018458,17948216
16018829,16018829,17948216
16021081,16021081,17948216
16021090,16021090,17948216
16021350,16021350,17948216
16021827,16021827,17948216
16022263,16022263,17948216
16022539,16022539,17948216
16022639,16022639,17948216
16024308,16024308,17948216
16024698,16024698,17948216
16025062,16025062,17948216
16025171,16025171,17948216
16025484,16025484,17948216
16026353,16026353,17948216
16027113,16027113,17948216
16027504,16027504,17948216
16027656,16027656,17948216
16027964,16027964,17948216
16028457,16028457,17948216
16028897,16028897,17948216
16028993,16028993,17948216
16029369,16029369,17948216
16029735,16029735,17948216
16029757,16029757,17948216
16030142,16030142,17948216
16030539,16030539,17948216
16030642,16030642,17948216
16030994,16030994,17948216
16031337,16031337,17948216
16033909,16033909,17948216
16034870,16034870,17948216
16037007,16037007,17948216
16037347,16037347,17948216
16037989,16037989,17948216
16038209,16038209,17948216
16038228,16038228,17948216
16039030,16039030,17948216
16039413,16039413,17948216
16039630,16039630,17948216
16039666,16039666,17948216
16041243,16041243,17948216
16041594,16041594,17948216
16041635,16041635,17948216
16041818,16041818,17948216
16043822,16043822,17948216
16044400,16044400,17948216
16044688,16044688,17948216
16045070,16045070,17948216
16045485,16045485,17948216
16046065,16046065,17948216
16046940,16046940,17948216
16048556,16048556,17948216
16049730,16049730,17948216
16049918,16049918,17948216
16050143,16050143,17948216
16050459,16050459,17948216
16050692,16050692,17948216
16051584,16051584,17948216
16051639,16051639,17948216
16051846,16051846,17948216
16052889,16052889,17948216
16053529,16053529,17948216
16054132,16054132,17948216
16055189,16055189,17948216
16055668,16055668,17948216
16055873,16055873,17948216
16055880,16055880,17948216
16055936,16055936,17948216
16056057,16056057,17948216
16056627,16056627,17948216
16057785,16057785,17948216
16057823,16057823,17948216
16058644,16058644,17948216
16058655,16058655,17948216
16058786,16058786,17948216
16058912,16058912,17948216
16059373,16059373,17948216
16059632,16059632,17948216
16060068,16060068,17948216
16061944,16061944,17948216
16062172,16062172,17948216
16062776,16062776,17948216
16063378,16063378,17948216
16063674,16063674,17948216
16064288,16064288,17948216
16064355,16064355,17948216
16065494,16065494,17948216
16065674,16065674,17948216
16066572,16066572,17948216
16066810,16066810,17948216
16067133,16067133,17948216
16067760,16067760,17948216
16067928,16067928,17948216
16068249,16068249,17948216
16068615,16068615,17948216
16068695,16068695,17948216
16069903,16069903,17948216
16070359,16070359,17948216
16070592,16070592,17948216
16070801,16070801,17948216
16071143,16071143,17948216
16071520,16071520,17948216
16071640,16071640,17948216
16072069,16072069,17948216
16072261,16072261,17948216
16072508,16072508,17948216
16072694,16072694,17948216
16074042,16074042,17948216
16074065,16074065,17948216
16075096,16075096,17948216
16075144,16075144,17948216
16075150,16075150,17948216
16076333,16076333,17948216
16076531,16076531,17948216
16076842,16076842,17948216
16077694,16077694,17948216
16078964,16078964,17948216
16079105,16079105,17948216
16079129,16079129,17948216
16079379,16079379,17948216
16079601,16079601,17948216
16079749,16079749,17948216
16080334,16080334,17948216
16081422,16081422,17948216
16081853,16081853,17948216
16082524,16082524,17948216
16082589,16082589,17948216
16082748,16082748,17948216
16083165,16083165,17948216
16083358,16083358,17948216
16085078,16085078,17948216
16085689,16085689,17948216
16086071,16086071,17948216
16086344,16086344,17948216
16086739,16086739,17948216
16087162,16087162,17948216
16087414,16087414,17948216
16088674,16088674,17948216
16089363,16089363,17948216
16090504,16090504,17948216
16090596,16090596,17948216
16090608,16090608,17948216
16090721,16090721,17948216
16091404,16091404,17948216
16092657,16092657,17948216
16093415,16093415,17948216
16093958,16093958,17948216
16096237,16096237,17948216
16100361,16100361,17948216
16101712,16101712,17948216
16102627,16102627,17948216
16102672,16102672,17948216
16103423,16103423,17948216
16103541,16103541,17948216
16103554,16103554,17948216
16104277,16104277,17948216
16104449,16104449,17948216
16106035,16106035,17948216
16106112,16106112,17948216
16106370,16106370,17948216
16106760,16106760,17948216
16106985,16106985,17948216
16107393,16107393,17948216
16108552,16108552,17948216
16109529,16109529,17948216
16110017,16110017,17948216
16110073,16110073,17948216
16111206,16111206,17948216
16111518,16111518,17948216
16111691,16111691,17948216
16113819,16113819,17948216
16114448,16114448,17948216
16114872,16114872,17948216
16115261,16115261,17948216
16116383,16116383,17948216
16117309,16117309,17948216
16117355,16117355,17948216
16117971,16117971,17948216
16118372,16118372,17948216
16118485,16118485,17948216
16118657,16118657,17948216
16119119,16119119,17948216
16119932,16119932,17948216
16120849,16120849,17948216
16121219,16121219,17948216
16121505,16121505,17948216
16122276,16122276,17948216
16122462,16122462,17948216
16122464,16122464,17948216
16122525,16122525,17948216
16122687,16122687,17948216
16122911,16122911,17948216
16123005,16123005,17948216
16123420,16123420,17948216
16123586,16123586,17948216
16124296,16124296,17948216
16124416,16124416,17948216
16124428,16124428,17948216
16126127,16126127,17948216
16126390,16126390,17948216
16126660,16126660,17948216
16127190,16127190,17948216
16127498,16127498,17948216
16128747,16128747,17948216
16129076,16129076,17948216
16129369,16129369,17948216
16129756,16129756,17948216
16132196,16132196,17948216
16132344,16132344,17948216
16132717,16132717,17948216
16132965,16132965,17948216
16133403,16133403,17948216
16133460,16133460,17948216
16134815,16134815,17948216
16135125,16135125,17948216
16135280,16135280,17948216
16135333,16135333,17948216
16135353,16135353,17948216
16135452,16135452,17948216
16135928,16135928,17948216
16136001,16136001,17948216
16136245,16136245,17948216
16136965,16136965,17948216
16136982,16136982,17948216
16137851,16137851,17948216
16138366,16138366,17948216
16139233,16139233,17948216
16139269,16139269,17948216
16139291,16139291,17948216
16139591,16139591,17948216
16139757,16139757,17948216
16140455,16140455,17948216
16140528,16140528,17948216
16140705,16140705,17948216
16142752,16142752,17948216
16143112,16143112,17948216
16143754,16143754,17948216
16143835,16143835,17948216
16144201,16144201,17948216
16144643,16144643,17948216
16145217,16145217,17948216
16145461,16145461,17948216
16145533,16145533,17948216
16145538,16145538,17948216
16145592,16145592,17948216
16146632,16146632,17948216
16148207,16148207,17948216
16148766,16148766,17948216
16148767,16148767,17948216
16149151,16149151,17948216
16149284,16149284,17948216
16150538,16150538,17948216
16150879,16150879,17948216
16151339,16151339,17948216
16151386,16151386,17948216
16151954,16151954,17948216
16152581,16152581,17948216
16152663,16152663,17948216
16152826,16152826,17948216
16153869,16153869,17948216
16154133,16154133,17948216
16154606,16154606,17948216
16154872,16154872,17948216
16154939,16154939,17948216
16154944,16154944,17948216
16155110,16155110,17948216
16155409,16155409,17948216
16155582,16155582,17948216
16159470,16159470,17948216
16160567,16160567,17948216
16160602,16160602,17948216
16160619,16160619,17948216
16161914,16161914,17948216
16161962,16161962,17948216
16162119,16162119,17948216
16163184,16163184,17948216
16163280,16163280,17948216
16163637,16163637,17948216
16163991,16163991,17948216
16164265,16164265,17948216
16164447,16164447,17948216
16164940,16164940,17948216
16164991,16164991,17948216
16165340,16165340,17948216
16165391,16165391,17948216
16166708,16166708,17948216
16166752,16166752,17948216
16167710,16167710,17948216
16168935,16168935,17948216
16169494,16169494,17948216
16169628,16169628,17948216
16169848,16169848,17948216
16171391,16171391,17948216
16171697,16171697,17948216
16171768,16171768,17948216
16172090,16172090,17948216
16172256,16172256,17948216
16172318,16172318,17948216
16172384,16172384,17948216
16172518,16172518,17948216
16172806,16172806,17948216
16174028,16174028,17948216
16174047,16174047,17948216
16174961,16174961,17948216
16175056,16175056,17948216
16175061,16175061,17948216
16175083,16175083,17948216
16175177,16175177,17948216
16175409,16175409,17948216
16175918,16175918,17948216
16175969,16175969,17948216
16176281,16176281,17948216
16176375,16176375,17948216
16176533,16176533,17948216
16176655,16176655,17948216
16177003,16177003,17948216
16177583,16177583,17948216
16177680,16177680,17948216
16178315,16178315,17948216
16178819,16178819,17948216
16178846,16178846,17948216
16179490,16179490,17948216
16180294,16180294,17948216
16180879,16180879,17948216
16181000,16181000,17948216
16181469,16181469,17948216
16181763,16181763,17948216
16182193,16182193,17948216
16182313,16182313,17948216
16182764,16182764,17948216
16183961,16183961,17948216
16184364,16184364,17948216
16184857,16184857,17948216
16186415,16186415,17948216
16188653,16188653,17948216
16188768,16188768,17948216
16188798,16188798,17948216
16188802,16188802,17948216
16189075,16189075,17948216
16189777,16189777,17948216
16190180,16190180,17948216
16190528,16190528,17948216
16190862,16190862,17948216
16191134,16191134,17948216
16191703,16191703,17948216
16191825,16191825,17948216
16192095,16192095,17948216
16192738,16192738,17948216
16193019,16193019,17948216
16193354,16193354,17948216
16193880,16193880,17948216
16195324,16195324,17948216
16195879,16195879,17948216
16195967,16195967,17948216
16197407,16197407,17948216
16199654,16199654,17948216
16200012,16200012,17948216
16200152,16200152,17948216
16200190,16200190,17948216
16200750,16200750,17948216
16200972,16200972,17948216
16201160,16201160,17948216
16203030,16203030,17948216
16203046,16203046,17948216
16204183,16204183,17948216
16204533,16204533,17948216
16204761,16204761,17948216
16204860,16204860,17948216
16206752,16206752,17948216
16206804,16206804,17948216
16206842,16206842,17948216
16207473,16207473,17948216
16207618,16207618,17948216
16208378,16208378,17948216
16209470,16209470,17948216
16209513,16209513,17948216
16211498,16211498,17948216
16211932,16211932,17948216
16212639,16212639,17948216
16213641,16213641,17948216
16213665,16213665,17948216
16214275,16214275,17948216
16214353,16214353,17948216
16214913,16214913,17948216
16215873,16215873,17948216
16216161,16216161,17948216
16216224,16216224,17948216
16217284,16217284,17948216
16217631,16217631,17948216
16219198,16219198,17948216
16219266,16219266,17948216
16219314,16219314,17948216
16219350,16219350,17948216
16219412,16219412,17948216
16220377,16220377,17948216
16221719,16221719,17948216
16221976,16221976,17948216
16222095,16222095,17948216
16222201,16222201,17948216
16222946,16222946,17948216
16223001,16223001,17948216
16223031,16223031,17948216
16223230,16223230,17948216
16223240,16223240,17948216
16223249,16223249,17948216
16223761,16223761,17948216
16224322,16224322,17948216
16224697,16224697,17948216
16225497,16225497,17948216
16225558,16225558,17948216
16225997,16225997,17948216
16226779,16226779,17948216
16226842,16226842,17948216
16227755,16227755,17948216
16227796,16227796,17948216
16228358,16228358,17948216
16228549,16228549,17948216
16228557,16228557,17948216
16229452,16229452,17948216
16229566,16229566,17948216
16229739,16229739,17948216
16230545,16230545,17948216
16232052,16232052,17948216
16232149,16232149,17948216
16233401,16233401,17948216
16234608,16234608,17948216
16234677,16234677,17948216
16235705,16235705,17948216
16236685,16236685,17948216
16237679,16237679,17948216
16239153,16239153,17948216
16239302,16239302,17948216
16239702,16239702,17948216
16239883,16239883,17948216
16240144,16240144,17948216
16240211,16240211,17948216
16240495,16240495,17948216
16240565,16240565,17948216
16241609,16241609,17948216
16241744,16241744,17948216
16242305,16242305,17948216
16242894,16242894,17948216
16243259,16243259,17948216
16243561,16243561,17948216
16243877,16243877,17948216
16244469,16244469,17948216
16245742,16245742,17948216
16245763,16245763,17948216
16247384,16247384,17948216
16249745,16249745,17948216
16250109,16250109,17948216
16251082,16251082,17948216
16251332,16251332,17948216
16251622,16251622,17948216
16252359,16252359,17948216
16252662,16252662,17948216
16252724,16252724,17948216
16252875,16252875,17948216
16253145,16253145,17948216
16253453,16253453,17948216
16253526,16253526,17948216
16253824,16253824,17948216
16253875,16253875,17948216
16254112,16254112,17948216
16254390,16254390,17948216
16254640,16254640,17948216
16254799,16254799,17948216
16254864,16254864,17948216
16256825,16256825,17948216
16257440,16257440,17948216
16257657,16257657,17948216
16259355,16259355,17948216
16259470,16259470,17948216
16259541,16259541,17948216
16261350,16261350,17948216
16261533,16261533,17948216
16262244,16262244,17948216
16262439,16262439,17948216
16262552,16262552,17948216
16262914,16262914,17948216
16264516,16264516,17948216
16265252,16265252,17948216
16267993,16267993,17948216
16268771,16268771,17948216
16269049,16269049,17948216
16269244,16269244,17948216
16269562,16269562,17948216
16269849,16269849,17948216
16270130,16270130,17948216
16270736,16270736,17948216
16271047,16271047,17948216
16272369,16272369,17948216
16272458,16272458,17948216
16272524,16272524,17948216
16272676,16272676,17948216
16272964,16272964,17948216
16273004,16273004,17948216
16273110,16273110,17948216
16273166,16273166,17948216
16273239,16273239,17948216
16273770,16273770,17948216
16274224,16274224,17948216
16274671,16274671,17948216
16274841,16274841,17948216
16276750,16276750,17948216
16277057,16277057,17948216
16277609,16277609,17948216
16277672,16277672,17948216
16278316,16278316,17948216
16278723,16278723,17948216
16280202,16280202,17948216
16280295,16280295,17948216
16280875,16280875,17948216
16281545,16281545,17948216
16281548,16281548,17948216
16282562,16282562,17948216
16283483,16283483,17948216
16283836,16283836,17948216
16285066,16285066,17948216
16285244,16285244,17948216
16286463,16286463,17948216
16286787,16286787,17948216
16287366,16287366,17948216
16288676,16288676,17948216
16289462,16289462,17948216
16290413,16290413,17948216
16291240,16291240,17948216
16291246,16291246,17948216
16291787,16291787,17948216
16291913,16291913,17948216
16292375,16292375,17948216
16293800,16293800,17948216
16293845,16293845,17948216
16293899,16293899,17948216
16294046,16294046,17948216
16294108,16294108,17948216
16294344,16294344,17948216
16294543,16294543,17948216
16295762,16295762,17948216
16296153,16296153,17948216
16296173,16296173,17948216
16296602,16296602,17948216
16296816,16296816,17948216
16296873,16296873,17948216
16297585,16297585,17948216
16298024,16298024,17948216
16298373,16298373,17948216
16298397,16298397,17948216
16298576,16298576,17948216
16298996,16298996,17948216
16299055,16299055,17948216
16299277,16299277,17948216
16299715,16299715,17948216
16299925,16299925,17948216
16300662,16300662,17948216
16300873,16300873,17948216
16302068,16302068,17948216
16302166,16302166,17948216
16302874,16302874,17948216
16303362,16303362,17948216
16303526,16303526,17948216
16303762,16303762,17948216
16304259,16304259,17948216
16304962,16304962,17948216
16305301,16305301,17948216
16305403,16305403,17948216
16306200,16306200,17948216
16306744,16306744,17948216
16307816,16307816,17948216
16308345,16308345,17948216
16308588,16308588,17948216
16308868,16308868,17948216
16309599,16309599,17948216
16310270,16310270,17948216
16310528,16310528,17948216
16312692,16312692,17948216
16312758,16312758,17948216
16312812,16312812,17948216
16313564,16313564,17948216
16314345,16314345,17948216
16314553,16314553,17948216
16314645,16314645,17948216
16314711,16314711,17948216
16315094,16315094,17948216
16316126,16316126,17948216
16316822,16316822,17948216
16317156,16317156,17948216
16317156,16317156,17948216
16317241,16317241,17948216
16317315,16317315,17948216
16317360,16317360,17948216
16317553,16317553,17948216
16317890,16317890,17948216
16317921,16317921,17948216
16319243,16319243,17948216
16320800,16320800,17948216
16321473,16321473,17948216
16321557,16321557,17948216
16321862,16321862,17948216
16323686,16323686,17948216
16323771,16323771,17948216
16324428,16324428,17948216
16324621,16324621,17948216
16325406,16325406,17948216
16326059,16326059,17948216
16326460,16326460,17948216
16327116,16327116,17948216
16327163,16327163,17948216
16327290,16327290,17948216
16327786,16327786,17948216
16327852,16327852,17948216
16328069,16328069,17948216
16328322,16328322,17948216
16328635,16328635,17948216
16328821,16328821,17948216
16329696,16329696,17948216
16329970,16329970,17948216
16330089,16330089,17948216
16330946,16330946,17948216
16331116,16331116,17948216
16331826,16331826,17948216
16331921,16331921,17948216
16332162,16332162,17948216
16332608,16332608,17948216
16332623,16332623,17948216
16332928,16332928,17948216
16333136,16333136,17948216
16334956,16334956,17948216
16335037,16335037,17948216
16336069,16336069,17948216
16336864,16336864,17948216
16337279,16337279,17948216
16337352,16337352,17948216
16337439,16337439,17948216
16337679,16337679,17948216
16337873,16337873,17948216
16337926,16337926,17948216
16338245,16338245,17948216
16338310,16338310,17948216
16338869,16338869,17948216
16339092,16339092,17948216
16340156,16340156,17948216
16340204,16340204,17948216
16340411,16340411,17948216
16341123,16341123,17948216
16341222,16341222,17948216
16342004,16342004,17948216
16342416,16342416,17948216
16342618,16342618,17948216
16342675,16342675,17948216
16343043,16343043,17948216
16343777,16343777,17948216
16344177,16344177,17948216
16344449,16344449,17948216
16345261,16345261,17948216
16345886,16345886,17948216
16346380,16346380,17948216
16346419,16346419,17948216
16346635,16346635,17948216
16346930,16346930,17948216
16347595,16347595,17948216
16347930,16347930,17948216
16348054,16348054,17948216
16348665,16348665,17948216
16349397,16349397,17948216
16350159,16350159,17948216
16350358,16350358,17948216
16350829,16350829,17948216
16351219,16351219,17948216
16351577,16351577,17948216
16351614,16351614,17948216
16351648,16351648,17948216
16352214,16352214,17948216
16352646,16352646,17948216
16353611,16353611,17948216
16353732,16353732,17948216
16355384,16355384,17948216
16356451,16356451,17948216
16356606,16356606,17948216
16357175,16357175,17948216
16357225,16357225,17948216
16357528,16357528,17948216
16358826,16358826,17948216
16359746,16359746,17948216
16359982,16359982,17948216
16360442,16360442,17948216
16360495,16360495,17948216
16360940,16360940,17948216
16361495,16361495,17948216
16362703,16362703,17948216
16363134,16363134,17948216
16363149,16363149,17948216
16363747,16363747,17948216
16364722,16364722,17948216
16365177,16365177,17948216
16365195,16365195,17948216
16366755,16366755,17948216
16367280,16367280,17948216
16367280,16367280,17948216
16367873,16367873,17948216
16369419,16369419,17948216
16369808,16369808,17948216
16370478,16370478,17948216
16370563,16370563,17948216
16371402,16371402,17948216
16371543,16371543,17948216
16372862,16372862,17948216
16374843,16374843,17948216
16375044,16375044,17948216
16375322,16375322,17948216
16375759,16375759,17948216
16376823,16376823,17948216
16376832,16376832,17948216
16377024,16377024,17948216
16377077,16377077,17948216
16377209,16377209,17948216
16377351,16377351,17948216
16377573,16377573,17948216
16378418,16378418,17948216
16380364,16380364,17948216
16381987,16381987,17948216
16382612,16382612,17948216
16383378,16383378,17948216
16383646,16383646,17948216
16383837,16383837,17948216
16384098,16384098,17948216
16385597,16385597,17948216
16385760,16385760,17948216
16386074,16386074,17948216
16387009,16387009,17948216
16387993,16387993,17948216
16388651,16388651,17948216
16388759,16388759,17948216
16388913,16388913,17948216
16389044,16389044,17948216
16390129,16390129,17948216
16390438,16390438,17948216
16391566,16391566,17948216
16391653,16391653,17948216
16393790,16393790,17948216
16394911,16394911,17948216
16395594,16395594,17948216
16395850,16395850,17948216
16395983,16395983,17948216
16396573,16396573,17948216
16396582,16396582,17948216
16397184,16397184,17948216
16398460,16398460,17948216
16398862,16398862,17948216
16399343,16399343,17948216
16401872,16401872,17948216
16403623,16403623,17948216
16403847,16403847,17948216
16404108,16404108,17948216
16404644,16404644,17948216
16405121,16405121,17948216
16405491,16405491,17948216
16405995,16405995,17948216
16406265,16406265,17948216
16406442,16406442,17948216
16406687,16406687,17948216
16407119,16407119,17948216
16408347,16408347,17948216
16408721,16408721,17948216
16408744,16408744,17948216
16408888,16408888,17948216
16410873,16410873,17948216
16411216,16411216,17948216
16411300,16411300,17948216
16411308,16411308,17948216
16411855,16411855,17948216
16413033,16413033,17948216
16413845,16413845,17948216
16415326,16415326,17948216
16416160,16416160,17948216
16416382,16416382,17948216
16416609,16416609,17948216
16417388,16417388,17948216
16417424,16417424,17948216
16417657,16417657,17948216
16417664,16417664,17948216
16417738,16417738,17948216
16417748,16417748,17948216
16418040,16418040,17948216
16420494,16420494,17948216
16420870,16420870,17948216
16420941,16420941,17948216
16421002,16421002,17948216
16421066,16421066,17948216
16421408,16421408,17948216
16422722,16422722,17948216
16422882,16422882,17948216
16423007,16423007,17948216
16423434,16423434,17948216
16423512,16423512,17948216
16423878,16423878,17948216
16424053,16424053,17948216
16424060,16424060,17948216
16425309,16425309,17948216
16425830,16425830,17948216
16426541,16426541,17948216
16426764,16426764,17948216
16427315,16427315,17948216
16427413,16427413,17948216
16427446,16427446,17948216
16427637,16427637,17948216
16427796,16427796,17948216
16427894,16427894,17948216
16429676,16429676,17948216
16429735,16429735,17948216
16429841,16429841,17948216
16429970,16429970,17948216
16430082,16430082,17948216
16430571,16430571,17948216
16430762,16430762,17948216
16431463,16431463,17948216
16433765,16433765,17948216
16434667,16434667,17948216
16435113,16435113,17948216
16435413,16435413,17948216
16436091,16436091,17948216
16436153,16436153,17948216
16436421,16436421,17948216
16436589,16436589,17948216
16436915,16436915,17948216
16438339,16438339,17948216
16438642,16438642,17948216
16438791,16438791,17948216
16438864,16438864,17948216
16438898,16438898,17948216
16439392,16439392,17948216
16439431,16439431,17948216
16439679,16439679,17948216
16439911,16439911,17948216
16439918,16439918,17948216
16440078,16440078,17948216
16440570,16440570,17948216
16441660,16441660,17948216
16441672,16441672,17948216
16442335,16442335,17948216
16442694,16442694,17948216
16443644,16443644,17948216
16444149,16444149,17948216
16444285,16444285,17948216
16444528,16444528,17948216
16445426,16445426,17948216
16445767,16445767,17948216
16446649,16446649,17948216
16446980,16446980,17948216
16448159,16448159,17948216
16448834,16448834,17948216
16448865,16448865,17948216
16448925,16448925,17948216
16450376,16450376,17948216
16451485,16451485,17948216
16451716,16451716,17948216
16452301,16452301,17948216
16452499,16452499,17948216
16452924,16452924,17948216
16453304,16453304,17948216
16454738,16454738,17948216
16454745,16454745,17948216
16454765,16454765,17948216
16454961,16454961,17948216
16455053,16455053,17948216
16456259,16456259,17948216
16456375,16456375,17948216
16457988,16457988,17948216
16458063,16458063,17948216
16459769,16459769,17948216
16459975,16459975,17948216
16460215,16460215,17948216
16461038,16461038,17948216
16461259,16461259,17948216
16461425,16461425,17948216
16461587,16461587,17948216
16461672,16461672,17948216
16461959,16461959,17948216
16463375,16463375,17948216
16463640,16463640,17948216
16464216,16464216,17948216
16464725,16464725,17948216
16465656,16465656,17948216
16466757,16466757,17948216
16466808,16466808,17948216
16467191,16467191,17948216
16467213,16467213,17948216
16467547,16467547,17948216
16467913,16467913,17948216
16469083,16469083,17948216
16469576,16469576,17948216
16469621,16469621,17948216
16470033,16470033,17948216
16470446,16470446,17948216
16471768,16471768,17948216
16472904,16472904,17948216
16472975,16472975,17948216
16472993,16472993,17948216
16473316,16473316,17948216
16473464,16473464,17948216
16473831,16473831,17948216
16474737,16474737,17948216
16474927,16474927,17948216
16475097,16475097,17948216
16475604,16475604,17948216
16475814,16475814,17948216
16475928,16475928,17948216
16476148,16476148,17948216
16476868,16476868,17948216
16478469,16478469,17948216
16478703,16478703,17948216
16479479,16479479,17948216
16481359,16481359,17948216
16482309,16482309,17948216
16482461,16482461,17948216
16482736,16482736,17948216
16482898,16482898,17948216
16483149,16483149,17948216
16483508,16483508,17948216
16484139,16484139,17948216
16484509,16484509,17948216
16484544,16484544,17948216
16484938,16484938,17948216
16485097,16485097,17948216
16485288,16485288,17948216
16485697,16485697,17948216
16485871,16485871,17948216
16485975,16485975,17948216
16486857,16486857,17948216
16487228,16487228,17948216
16487331,16487331,17948216
16487541,16487541,17948216
16487582,16487582,17948216
16488896,16488896,17948216
16489256,16489256,17948216
16489269,16489269,17948216
16489601,16489601,17948216
16490269,16490269,17948216
16490313,16490313,17948216
16491216,16491216,17948216
16491338,16491338,17948216
16491757,16491757,17948216
16492087,16492087,17948216
16492110,16492110,17948216
16492173,16492173,17948216
16492202,16492202,17948216
16492813,16492813,17948216
16492873,16492873,17948216
16494128,16494128,17948216
16495178,16495178,17948216
16495348,16495348,17948216
16496223,16496223,17948216
16496639,16496639,17948216
16496799,16496799,17948216
16497129,16497129,17948216
16498012,16498012,17948216
16498040,16498040,17948216
16498049,16498049,17948216
16498169,16498169,17948216
16498414,16498414,17948216
16498580,16498580,17948216
16499201,16499201,17948216
16499611,16499611,17948216
16499942,16499942,17948216
16502009,16502009,17948216
16502239,16502239,17948216
16502869,16502869,17948216
16503307,16503307,17948216
16504140,16504140,17948216
16504285,16504285,17948216
16504811,16504811,17948216
16505157,16505157,17948216
16505423,16505423,17948216
16506101,16506101,17948216
16506815,16506815,17948216
16507570,16507570,17948216
16509615,16509615,17948216
16509802,16509802,17948216
16510383,16510383,17948216
16511676,16511676,17948216
16512783,16512783,17948216
16513233,16513233,17948216
16513734,16513734,17948216
16513801,16513801,17948216
16513957,16513957,17948216
16514934,16514934,17948216
16515162,16515162,17948216
16515834,16515834,17948216
16515959,16515959,17948216
16516420,16516420,17948216
16516553,16516553,17948216
16516793,16516793,17948216
16517744,16517744,17948216
16519075,16519075,17948216
16519822,16519822,17948216
16519854,16519854,17948216
16520044,16520044,17948216
16520272,16520272,17948216
16520325,16520325,17948216
16520819,16520819,17948216
16520825,16520825,17948216
16520866,16520866,17948216
16521353,16521353,17948216
16521499,16521499,17948216
16521711,16521711,17948216
16521732,16521732,17948216
16521905,16521905,17948216
16522559,16522559,17948216
16523629,16523629,17948216
16524101,16524101,17948216
16525094,16525094,17948216
16525119,16525119,17948216
16525186,16525186,17948216
16525223,16525223,17948216
16526482,16526482,17948216
16526971,16526971,17948216
16528344,16528344,17948216
16528526,16528526,17948216
16528565,16528565,17948216
16528811,16528811,17948216
16529529,16529529,17948216
16529824,16529824,17948216
16529991,16529991,17948216
16531435,16531435,17948216
16532223,16532223,17948216
16532280,16532280,17948216
16532441,16532441,17948216
16532473,16532473,17948216
16534470,16534470,17948216
16534654,16534654,17948216
16535638,16535638,17948216
16536774,16536774,17948216
16537199,16537199,17948216
16538043,16538043,17948216
16538736,16538736,17948216
16539274,16539274,17948216
16540178,16540178,17948216
16540406,16540406,17948216
16540962,16540962,17948216
16541426,16541426,17948216
16541870,16541870,17948216
16542122,16542122,17948216
16542390,16542390,17948216
16542408,16542408,17948216
16542605,16542605,17948216
16543109,16543109,17948216
16543217,16543217,17948216
16543901,16543901,17948216
16543945,16543945,17948216
16544125,16544125,17948216
16545452,16545452,17948216
16545596,16545596,17948216
16546043,16546043,17948216
16546171,16546171,17948216
16547058,16547058,17948216
16547260,16547260,17948216
16547526,16547526,17948216
16547985,16547985,17948216
16548356,16548356,17948216
16548764,16548764,17948216
16549173,16549173,17948216
16549330,16549330,17948216
16549673,16549673,17948216
16549840,16549840,17948216
16549944,16549944,17948216
16550427,16550427,17948216
16550660,16550660,17948216
16550853,16550853,17948216
16550915,16550915,17948216
16551094,16551094,17948216
16551123,16551123,17948216
16551418,16551418,17948216
16551426,16551426,17948216
16551438,16551438,17948216
16551618,16551618,17948216
16551734,16551734,17948216
16551891,16551891,17948216
16551999,16551999,17948216
16552739,16552739,17948216
16553332,16553332,17948216
16553379,16553379,17948216
16553679,16553679,17948216
16554177,16554177,17948216
16554606,16554606,17948216
16554663,16554663,17948216
16554868,16554868,17948216
16555779,16555779,17948216
16556022,16556022,17948216
16556050,16556050,17948216
16556217,16556217,17948216
16557650,16557650,17948216
16557860,16557860,17948216
16557862,16557862,17948216
16558352,16558352,17948216
16558964,16558964,17948216
16558980,16558980,17948216
16559428,16559428,17948216
16559438,16559438,17948216
16560256,16560256,17948216
16560736,16560736,17948216
16561912,16561912,17948216
16562104,16562104,17948216
16562337,16562337,17948216
16562926,16562926,17948216
16562949,16562949,17948216
16563195,16563195,17948216
16563284,16563284,17948216
16563641,16563641,17948216
16564314,16564314,17948216
16564580,16564580,17948216
16565100,16565100,17948216
16565444,16565444,17948216
16566227,16566227,17948216
16566483,16566483,17948216
16566547,16566547,17948216
16566647,16566647,17948216
16566701,16566701,17948216
16567262,16567262,17948216
16567391,16567391,17948216
16567985,16567985,17948216
16568976,16568976,17948216
16569617,16569617,17948216
16570113,16570113,17948216
16570430,16570430,17948216
16571106,16571106,17948216
16572950,16572950,17948216
16573370,16573370,17948216
16573562,16573562,17948216
16573847,16573847,17948216
16574331,16574331,17948216
16574628,16574628,17948216
16574986,16574986,17948216
16575045,16575045,17948216
16575835,16575835,17948216
16575969,16575969,17948216
16576415,16576415,17948216
16577967,16577967,17948216
16578399,16578399,17948216
16578774,16578774,17948216
16578888,16578888,17948216
16579539,16579539,17948216
16580881,16580881,17948216
16581414,16581414,17948216
16581552,16581552,17948216
16582025,16582025,17948216
16582553,16582553,17948216
16582857,16582857,17948216
16583311,16583311,17948216
16584195,16584195,17948216
16585510,16585510,17948216
16585945,16585945,17948216
16586604,16586604,17948216
16586808,16586808,17948216
16587580,16587580,17948216
16587894,16587894,17948216
16588475,16588475,17948216
16589299,16589299,17948216
16589608,16589608,17948216
16590716,16590716,17948216
16591218,16591218,17948216
16591793,16591793,17948216
16591882,16591882,17948216
16592464,16592464,17948216
16592934,16592934,17948216
16593486,16593486,17948216
16593579,16593579,17948216
16593951,16593951,17948216
16594137,16594137,17948216
16594325,16594325,17948216
16594554,16594554,17948216
16594916,16594916,17948216
16595247,16595247,17948216
16596130,16596130,17948216
16596166,16596166,17948216
16597730,16597730,17948216
16597899,16597899,17948216
16597909,16597909,17948216
16598459,16598459,17948216
16598577,16598577,17948216
16598587,16598587,17948216
16599458,16599458,17948216
16600082,16600082,17948216
16600687,16600687,17948216
16600951,16600951,17948216
16601520,16601520,17948216
16601557,16601557,17948216
16601664,16601664,17948216
16601816,16601816,17948216
16602047,16602047,17948216
16604407,16604407,17948216
16604727,16604727,17948216
16604781,16604781,17948216
16604964,16604964,17948216
16604974,16604974,17948216
16605304,16605304,17948216
16605310,16605310,17948216
16605497,16605497,17948216
16605614,16605614,17948216
16605831,16605831,17948216
16606564,16606564,17948216
16607080,16607080,17948216
16607327,16607327,17948216
16607482,16607482,17948216
16607691,16607691,17948216
16607703,16607703,17948216
16610893,16610893,17948216
16611616,16611616,17948216
16612470,16612470,17948216
16612514,16612514,17948216
16612969,16612969,17948216
16613106,16613106,17948216
16615972,16615972,17948216
16616114,16616114,17948216
16616204,16616204,17948216
16616339,16616339,17948216
16616495,16616495,17948216
16617065,16617065,17948216
16617509,16617509,17948216
16617514,16617514,17948216
16618538,16618538,17948216
16619127,16619127,17948216
16619227,16619227,17948216
16619252,16619252,17948216
16619495,16619495,17948216
16619694,16619694,17948216
16619711,16619711,17948216
16620169,16620169,17948216
16621159,16621159,17948216
16622131,16622131,17948216
16622333,16622333,17948216
16624479,16624479,17948216
16624993,16624993,17948216
16625443,16625443,17948216
16626081,16626081,17948216
16626493,16626493,17948216
16627845,16627845,17948216
16628313,16628313,17948216
16628339,16628339,17948216
16628604,16628604,17948216
16628747,16628747,17948216
16628850,16628850,17948216
16629792,16629792,17948216
16630016,16630016,17948216
16631472,16631472,17948216
16631813,16631813,17948216
16631956,16631956,17948216
16632354,16632354,17948216
16632456,16632456,17948216
16632922,16632922,17948216
16633491,16633491,17948216
16633596,16633596,17948216
16634102,16634102,17948216
16634284,16634284,17948216
16634899,16634899,17948216
16635260,16635260,17948216
16635558,16635558,17948216
16635739,16635739,17948216
16636498,16636498,17948216
16636690,16636690,17948216
16636774,16636774,17948216
16636927,16636927,17948216
16637033,16637033,17948216
16637238,16637238,17948216
16637584,16637584,17948216
16637823,16637823,17948216
16638395,16638395,17948216
16638937,16638937,17948216
16639058,16639058,17948216
16639157,16639157,17948216
16640235,16640235,17948216
16641006,16641006,17948216
16641730,16641730,17948216
16641805,16641805,17948216
16641869,16641869,17948216
16642179,16642179,17948216
16642951,16642951,17948216
16643098,16643098,17948216
16644453,16644453,17948216
16645098,16645098,17948216
16645982,16645982,17948216
16647021,16647021,17948216
16647133,16647133,17948216
16649395,16649395,17948216
16649846,16649846,17948216
16649864,16649864,17948216
16649895,16649895,17948216
16650227,16650227,17948216
16650268,16650268,17948216
16650448,16650448,17948216
16651420,16651420,17948216
16651504,16651504,17948216
16651592,16651592,17948216
16654181,16654181,17948216
16654195,16654195,17948216
16654417,16654417,17948216
16654574,16654574,17948216
16654656,16654656,17948216
16654882,16654882,17948216
16655318,16655318,17948216
16655558,16655558,17948216
16656794,16656794,17948216
16657076,16657076,17948216
16657569,16657569,17948216
16658299,16658299,17948216
16658615,16658615,17948216
16659598,16659598,17948216
16659871,16659871,17948216
16660058,16660058,17948216
16660892,16660892,17948216
16660992,16660992,17948216
16661952,16661952,17948216
16662527,16662527,17948216
16662851,16662851,17948216
16663528,16663528,17948216
16663611,16663611,17948216
16663860,16663860,17948216
16664619,16664619,17948216
16664786,16664786,17948216
16664860,16664860,17948216
16666389,16666389,17948216
16667049,16667049,17948216
16667756,16667756,17948216
16668839,16668839,17948216
16669144,16669144,17948216
16669989,16669989,17948216
16670131,16670131,17948216
16670271,16670271,17948216
16670522,16670522,17948216
16670850,16670850,17948216
16670992,16670992,17948216
16671226,16671226,17948216
16671690,16671690,17948216
16671701,16671701,17948216
16672030,16672030,17948216
16672126,16672126,17948216
16672474,16672474,17948216
16672785,16672785,17948216
16672927,16672927,17948216
16672961,16672961,17948216
16673477,16673477,17948216
16673625,16673625,17948216
16674516,16674516,17948216
16674558,16674558,17948216
16674732,16674732,17948216
16675436,16675436,17948216
16676520,16676520,17948216
16676857,16676857,17948216
16677747,16677747,17948216
16678139,16678139,17948216
16679186,16679186,17948216
16679190,16679190,17948216
16681574,16681574,17948216
16681890,16681890,17948216
16682568,16682568,17948216
16682947,16682947,17948216
16682961,16682961,17948216
16683006,16683006,17948216
16684226,16684226,17948216
16685385,16685385,17948216
16686211,16686211,17948216
16686697,16686697,17948216
16687351,16687351,17948216
16688016,16688016,17948216
16688227,16688227,17948216
16688734,16688734,17948216
16689514,16689514,17948216
16690281,16690281,17948216
16690369,16690369,17948216
16690468,16690468,17948216
16691000,16691000,17948216
16691349,16691349,17948216
16692819,16692819,17948216
16693944,16693944,17948216
16694615,16694615,17948216
16695360,16695360,17948216
16696250,16696250,17948216
16696292,16696292,17948216
16696452,16696452,17948216
16697061,16697061,17948216
16697478,16697478,17948216
16699201,16699201,17948216
16699213,16699213,17948216
16699686,16699686,17948216
16700340,16700340,17948216
16700709,16700709,17948216
16701783,16701783,17948216
16702216,16702216,17948216
16702216,16702216,17948216
16702755,16702755,17948216
16703389,16703389,17948216
16703898,16703898,17948216
16703907,16703907,17948216
16704444,16704444,17948216
16706310,16706310,17948216
16706369,16706369,17948216
16707281,16707281,17948216
16707968,16707968,17948216
16708000,16708000,17948216
16708247,16708247,17948216
16708326,16708326,17948216
16709357,16709357,17948216
16709740,16709740,17948216
16711876,16711876,17948216
16712510,16712510,17948216
16713202,16713202,17948216
16713330,16713330,17948216
16713530,16713530,17948216
16713611,16713611,17948216
16713791,16713791,17948216
16713831,16713831,17948216
16714383,16714383,17948216
16715987,16715987,17948216
16716067,16716067,17948216
16716256,16716256,17948216
16717661,16717661,17948216
16717841,16717841,17948216
16718539,16718539,17948216
16719647,16719647,17948216
16719878,16719878,17948216
16719985,16719985,17948216
16720154,16720154,17948216
16720521,16720521,17948216
16720562,16720562,17948216
16723409,16723409,17948216
16724895,16724895,17948216
16725070,16725070,17948216
16725287,16725287,17948216
16725624,16725624,17948216
16725993,16725993,17948216
16726027,16726027,17948216
16726239,16726239,17948216
16727139,16727139,17948216
16728578,16728578,17948216
16728616,16728616,17948216
16729331,16729331,17948216
16729342,16729342,17948216
16729991,16729991,17948216
16730980,16730980,17948216
16732121,16732121,17948216
16733078,16733078,17948216
16733601,16733601,17948216
16734594,16734594,17948216
16736068,16736068,17948216
16736503,16736503,17948216
16737674,16737674,17948216
16737972,16737972,17948216
16738008,16738008,17948216
16738084,16738084,17948216
16738251,16738251,17948216
16738450,16738450,17948216
16738462,16738462,17948216
16739017,16739017,17948216
16739777,16739777,17948216
16740063,16740063,17948216
16740543,16740543,17948216
16741513,16741513,17948216
16741632,16741632,17948216
16742428,16742428,17948216
16742517,16742517,17948216
16743490,16743490,17948216
16743539,16743539,17948216
16744021,16744021,17948216
16744641,16744641,17948216
16745243,16745243,17948216
16746191,16746191,17948216
16746221,16746221,17948216
16747447,16747447,17948216
16747619,16747619,17948216
16747883,16747883,17948216
16749672,16749672,17948216
16750000,16750000,17948216
16751204,16751204,17948216
16751569,16751569,17948216
16751786,16751786,17948216
16752302,16752302,17948216
16752489,16752489,17948216
16753139,16753139,17948216
16753440,16753440,17948216
16755111,16755111,17948216
16755267,16755267,17948216
16755726,16755726,17948216
16755772,16755772,17948216
16756161,16756161,17948216
16756992,16756992,17948216
16757640,16757640,17948216
16758767,16758767,17948216
16759835,16759835,17948216
16760394,16760394,17948216
16761208,16761208,17948216
16761320,16761320,17948216
16761373,16761373,17948216
16761682,16761682,17948216
16761883,16761883,17948216
16761955,16761955,17948216
16762390,16762390,17948216
16762825,16762825,17948216
16762942,16762942,17948216
16764236,16764236,17948216
16764239,16764239,17948216
16764260,16764260,17948216
16764581,16764581,17948216
16765169,16765169,17948216
16765311,16765311,17948216
16765369,16765369,17948216
16766536,16766536,17948216
16766712,16766712,17948216
16767206,16767206,17948216
16768916,16768916,17948216
16768969,16768969,17948216
16769023,16769023,17948216
16769134,16769134,17948216
16769449,16769449,17948216
16769554,16769554,17948216
16769720,16769720,17948216
16769940,16769940,17948216
16770133,16770133,17948216
16770223,16770223,17948216
16770236,16770236,17948216
16771080,16771080,17948216
16771139,16771139,17948216
16771779,16771779,17948216
16771986,16771986,17948216
16772926,16772926,17948216
16774703,16774703,17948216
16774926,16774926,17948216
16775239,16775239,17948216
16775561,16775561,17948216
16775615,16775615,17948216
16775941,16775941,17948216
16776170,16776170,17948216
16777046,16777046,17948216
16777190,16777190,17948216
16777255,16777255,17948216
16777337,16777337,17948216
16777360,16777360,17948216
16778848,16778848,17948216
16781001,16781001,17948216
16781501,16781501,17948216
16783123,16783123,17948216
16783209,16783209,17948216
16784096,16784096,17948216
16784173,16784173,17948216
16784830,16784830,17948216
16784857,16784857,17948216
16784969,16784969,17948216
16785141,16785141,17948216
16785341,16785341,17948216
16785360,16785360,17948216
16786149,16786149,17948216
16787288,16787288,17948216
16787555,16787555,17948216
16788209,16788209,17948216
16788468,16788468,17948216
16788953,16788953,17948216
16789475,16789475,17948216
16789565,16789565,17948216
16789735,16789735,17948216
16789959,16789959,17948216
16790465,16790465,17948216
16790480,16790480,17948216
16790889,16790889,17948216
16792869,16792869,17948216
16793151,16793151,17948216
16793218,16793218,17948216
16793425,16793425,17948216
16793625,16793625,17948216
16793657,16793657,17948216
16793746,16793746,17948216
16794031,16794031,17948216
16794594,16794594,17948216
16795500,16795500,17948216
16796487,16796487,17948216
16796597,16796597,17948216
16797526,16797526,17948216
16798332,16798332,17948216
16798527,16798527,17948216
16798975,16798975,17948216
16799694,16799694,17948216
16799965,16799965,17948216
16800170,16800170,17948216
16800375,16800375,17948216
16800778,16800778,17948216
16801219,16801219,17948216
16801905,16801905,17948216
16801975,16801975,17948216
16803295,16803295,17948216
16805336,16805336,17948216
16805369,16805369,17948216
16806703,16806703,17948216
16807281,16807281,17948216
16807867,16807867,17948216
16807927,16807927,17948216
16808099,16808099,17948216
16808837,16808837,17948216
16809526,16809526,17948216
16809768,16809768,17948216
16809843,16809843,17948216
16810458,16810458,17948216
16810466,16810466,17948216
16810844,16810844,17948216
16810916,16810916,17948216
16811035,16811035,17948216
16811120,16811120,17948216
16811516,16811516,17948216
16811830,16811830,17948216
16812038,16812038,17948216
16812103,16812103,17948216
16812480,16812480,17948216
16812605,16812605,17948216
16814562,16814562,17948216
16815242,16815242,17948216
16815414,16815414,17948216
16817282,16817282,17948216
16817579,16817579,17948216
16818958,16818958,17948216
16819344,16819344,17948216
16820444,16820444,17948216
16821517,16821517,17948216
16821608,16821608,17948216
16822379,16822379,17948216
16823450,16823450,17948216
16824340,16824340,17948216
16827887,16827887,17948216
16828350,16828350,17948216
16828420,16828420,17948216
16828667,16828667,17948216
16829052,16829052,17948216
16829680,16829680,17948216
16829755,16829755,17948216
16829988,16829988,17948216
16831221,16831221,17948216
16831222,16831222,17948216
16831337,16831337,17948216
16831902,16831902,17948216
16832418,16832418,17948216
16832978,16832978,17948216
16832989,16832989,17948216
16833839,16833839,17948216
16833872,16833872,17948216
16833976,16833976,17948216
16836035,16836035,17948216
16836168,16836168,17948216
16836783,16836783,17948216
16837287,16837287,17948216
16837542,16837542,17948216
16839683,16839683,17948216
16840377,16840377,17948216
16840610,16840610,17948216
16840752,16840752,17948216
16840876,16840876,17948216
16841706,16841706,17948216
16841885,16841885,17948216
16841894,16841894,17948216
16842305,16842305,17948216
16842343,16842343,17948216
16842722,16842722,17948216
16842746,16842746,17948216
16842839,16842839,17948216
16843127,16843127,17948216
16843486,16843486,17948216
16843974,16843974,17948216
16844117,16844117,17948216
16844158,16844158,17948216
16844382,16844382,17948216
16844566,16844566,17948216
16844699,16844699,17948216
16844942,16844942,17948216
16845758,16845758,17948216
16845917,16845917,17948216
16847026,16847026,17948216
16847205,16847205,17948216
16847346,16847346,17948216
16848024,16848024,17948216
16848479,16848479,17948216
16848490,16848490,17948216
16849515,16849515,17948216
16849980,16849980,17948216
16850017,16850017,17948216
16850050,16850050,17948216
16850884,16850884,17948216
16852046,16852046,17948216
16852900,16852900,17948216
16853443,16853443,17948216
16853876,16853876,17948216
16853887,16853887,17948216
16854538,16854538,17948216
16855465,16855465,17948216
16855803,16855803,17948216
16858550,16858550,17948216
16858929,16858929,17948216
16859500,16859500,17948216
16861284,16861284,17948216
16861319,16861319,17948216
16861501,16861501,17948216
16862499,16862499,17948216
16862519,16862519,17948216
16864738,16864738,17948216
16864818,16864818,17948216
16864871,16864871,17948216
16865307,16865307,17948216
16865669,16865669,17948216
16866575,16866575,17948216
16866843,16866843,17948216
16868526,16868526,17948216
16868571,16868571,17948216
16869276,16869276,17948216
16869738,16869738,17948216
16870897,16870897,17948216
16872055,16872055,17948216
16872355,16872355,17948216
16872486,16872486,17948216
16873280,16873280,17948216
16873772,16873772,17948216
16874034,16874034,17948216
16874693,16874693,17948216
16876420,16876420,17948216
16876767,16876767,17948216
16876796,16876796,17948216
16876849,16876849,17948216
16877008,16877008,17948216
16877145,16877145,17948216
16877321,16877321,17948216
16878457,16878457,17948216
16879276,16879276,17948216
16879682,16879682,17948216
16879975,16879975,17948216
16879986,16879986,17948216
16880869,16880869,17948216
16880913,16880913,17948216
16880994,16880994,17948216
16881328,16881328,17948216
16882392,16882392,17948216
16883383,16883383,17948216
16885370,16885370,17948216
16885534,16885534,17948216
16886573,16886573,17948216
16887363,16887363,17948216
16888278,16888278,17948216
16888302,16888302,17948216
16888556,16888556,17948216
16888654,16888654,17948216
16889209,16889209,17948216
16889305,16889305,17948216
16889648,16889648,17948216
16889893,16889893,17948216
16890194,16890194,17948216
16890253,16890253,17948216
16890332,16890332,17948216
16890537,16890537,17948216
16891553,16891553,17948216
16891739,16891739,17948216
16891919,16891919,17948216
16892166,16892166,17948216
16892423,16892423,17948216
16893476,16893476,17948216
16893586,16893586,17948216
16893692,16893692,17948216
16893707,16893707,17948216
16894097,16894097,17948216
16894914,16894914,17948216
16895237,16895237,17948216
16895354,16895354,17948216
16895924,16895924,17948216
16896288,16896288,17948216
16896535,16896535,17948216
16897132,16897132,17948216
16897388,16897388,17948216
16897605,16897605,17948216
16897903,16897903,17948216
16897909,16897909,17948216
16898453,16898453,17948216
16899214,16899214,17948216
16899521,16899521,17948216
16899828,16899828,17948216
16900764,16900764,17948216
16900939,16900939,17948216
16901090,16901090,17948216
16901106,16901106,17948216
16901133,16901133,17948216
16901178,16901178,17948216
16901228,16901228,17948216
16901614,16901614,17948216
16901973,16901973,17948216
16902014,16902014,17948216
16904107,16904107,17948216
16905814,16905814,17948216
16906353,16906353,17948216
16906412,16906412,17948216
16906628,16906628,17948216
16906687,16906687,17948216
16908826,16908826,17948216
16910116,16910116,17948216
16910349,16910349,17948216
16911171,16911171,17948216
16911537,16911537,17948216
16911604,16911604,17948216
16912741,16912741,17948216
16913364,16913364,17948216
16913450,16913450,17948216
16914575,16914575,17948216
16914748,16914748,17948216
16915047,16915047,17948216
16915347,16915347,17948216
16915699,16915699,17948216
16915941,16915941,17948216
16916399,16916399,17948216
16916797,16916797,17948216
16917038,16917038,17948216
16917164,16917164,17948216
16917366,16917366,17948216
16917453,16917453,17948216
16917886,16917886,17948216
16917964,16917964,17948216
16918552,16918552,17948216
16918774,16918774,17948216
16920585,16920585,17948216
16921091,16921091,17948216
16922318,16922318,17948216
16922898,16922898,17948216
16924768,16924768,17948216
16924781,16924781,17948216
16924993,16924993,17948216
16925148,16925148,17948216
16925538,16925538,17948216
16925620,16925620,17948216
16926165,16926165,17948216
16927193,16927193,17948216
16927828,16927828,17948216
16928099,16928099,17948216
16928637,16928637,17948216
16929783,16929783,17948216
16929938,16929938,17948216
16930112,16930112,17948216
16930358,16930358,17948216
16930685,16930685,17948216
16931098,16931098,17948216
16933164,16933164,17948216
16933631,16933631,17948216
16934106,16934106,17948216
16934832,16934832,17948216
16934857,16934857,17948216
16936324,16936324,17948216
16937723,16937723,17948216
16938200,16938200,17948216
16939066,16939066,17948216
16939425,16939425,17948216
16940460,16940460,17948216
16940850,16940850,17948216
16940931,16940931,17948216
16941188,16941188,17948216
16941527,16941527,17948216
16941630,16941630,17948216
16943304,16943304,17948216
16944049,16944049,17948216
16944178,16944178,17948216
16944724,16944724,17948216
16945159,16945159,17948216
16945400,16945400,17948216
16946692,16946692,17948216
16947796,16947796,17948216
16947926,16947926,17948216
16948642,16948642,17948216
16948891,16948891,17948216
16951000,16951000,17948216
16951017,16951017,17948216
16951702,16951702,17948216
16953187,16953187,17948216
16953361,16953361,17948216
16953832,16953832,17948216
16954265,16954265,17948216
16954556,16954556,17948216
16954852,16954852,17948216
16955019,16955019,17948216
16956362,16956362,17948216
16957167,16957167,17948216
16957213,16957213,17948216
16958000,16958000,17948216
16958056,16958056,17948216
16958606,16958606,17948216
16959514,16959514,17948216
16959595,16959595,17948216
16959912,16959912,17948216
16960321,16960321,17948216
16960737,16960737,17948216
16960860,16960860,17948216
16960946,16960946,17948216
16961035,16961035,17948216
16961182,16961182,17948216
16961348,16961348,17948216
16961819,16961819,17948216
16962439,16962439,17948216
16962624,16962624,17948216
16962826,16962826,17948216
16962902,16962902,17948216
16964867,16964867,17948216
16965026,16965026,17948216
16965095,16965095,17948216
16965756,16965756,17948216
16966374,16966374,17948216
16966740,16966740,17948216
16967253,16967253,17948216
16967435,16967435,17948216
16967585,16967585,17948216
16968524,16968524,17948216
16968636,16968636,17948216
16969533,16969533,17948216
16969589,16969589,17948216
16969754,16969754,17948216
16970010,16970010,17948216
16970127,16970127,17948216
16970227,16970227,17948216
16971030,16971030,17948216
16973126,16973126,17948216
16973219,16973219,17948216
16973481,16973481,17948216
16973803,16973803,17948216
16974414,16974414,17948216
16975612,16975612,17948216
16976397,16976397,17948216
16976971,16976971,17948216
16977372,16977372,17948216
16978263,16978263,17948216
16978702,16978702,17948216
16978760,16978760,17948216
16979774,16979774,17948216
16980311,16980311,17948216
16980374,16980374,17948216
16980440,16980440,17948216
16980942,16980942,17948216
16981929,16981929,17948216
16983579,16983579,17948216
16983822,16983822,17948216
16984039,16984039,17948216
16984652,16984652,17948216
16984853,16984853,17948216
16985183,16985183,17948216
16985301,16985301,17948216
16985820,16985820,17948216
16985821,16985821,17948216
16986348,16986348,17948216
16986604,16986604,17948216
16987767,16987767,17948216
16988327,16988327,17948216
16988595,16988595,17948216
16989330,16989330,17948216
16989571,16989571,17948216
16989602,16989602,17948216
16989698,16989698,17948216
16989937,16989937,17948216
16990729,16990729,17948216
16991207,16991207,17948216
16991311,16991311,17948216
16991487,16991487,17948216
16991575,16991575,17948216
16991809,16991809,17948216
16992173,16992173,17948216
16992590,16992590,17948216
16992888,16992888,17948216
16993188,16993188,17948216
16994116,16994116,17948216
16995357,16995357,17948216
16995997,16995997,17948216
16996102,16996102,17948216
16996190,16996190,17948216
16996550,16996550,17948216
16996776,16996776,17948216
16996859,16996859,17948216
16997004,16997004,17948216
16997132,16997132,17948216
16997259,16997259,17948216
16997613,16997613,17948216
16997943,16997943,17948216
16998177,16998177,17948216
16999154,16999154,17948216
16999471,16999471,17948216
16999637,16999637,17948216
16999859,16999859,17948216
16999914,16999914,17948216
16999974,16999974,17948216
17000340,17000340,17948216
17000357,17000357,17948216
17001005,17001005,17948216
17002123,17002123,17948216
17002447,17002447,17948216
17003189,17003189,17948216
17003263,17003263,17948216
17004441,17004441,17948216
17004957,17004957,17948216
17005079,17005079,17948216
17005809,17005809,17948216
17005989,17005989,17948216
17006029,17006029,17948216
17006331,17006331,17948216
17006885,17006885,17948216
17007357,17007357,17948216
17007399,17007399,17948216
17008120,17008120,17948216
17008239,17008239,17948216
17008504,17008504,17948216
17008601,17008601,17948216
17009218,17009218,17948216
17010685,17010685,17948216
17011662,17011662,17948216
17012506,17012506,17948216
17013180,17013180,17948216
17013445,17013445,17948216
17013486,17013486,17948216
17013645,17013645,17948216
17013904,17013904,17948216
17014168,17014168,17948216
17015474,17015474,17948216
17015543,17015543,17948216
17015586,17015586,17948216
17015670,17015670,17948216
17015888,17015888,17948216
17016381,17016381,17948216
17016817,17016817,17948216
17016898,17016898,17948216
17017601,17017601,17948216
17017614,17017614,17948216
17017626,17017626,17948216
17018072,17018072,17948216
17018891,17018891,17948216
17020523,17020523,17948216
17021374,17021374,17948216
17021972,17021972,17948216
17022057,17022057,17948216
17022385,17022385,17948216
17022858,17022858,17948216
17022923,17022923,17948216
17023182,17023182,17948216
17023190,17023190,17948216
17023866,17023866,17948216
17025362,17025362,17948216
17026367,17026367,17948216
17026516,17026516,17948216
17027925,17027925,17948216
17028022,17028022,17948216
17028189,17028189,17948216
17028486,17028486,17948216
17028872,17028872,17948216
17029307,17029307,17948216
17029569,17029569,17948216
17029877,17029877,17948216
17030001,17030001,17948216
17030239,17030239,17948216
17030667,17030667,17948216
17031403,17031403,17948216
17031515,17031515,17948216
17034248,17034248,17948216
17035167,17035167,17948216
17035331,17035331,17948216
17035443,17035443,17948216
17036795,17036795,17948216
17037368,17037368,17948216
17037828,17037828,17948216
17038317,17038317,17948216
17038486,17038486,17948216
17039462,17039462,17948216
17039587,17039587,17948216
17040612,17040612,17948216
17040693,17040693,17948216
17041218,17041218,17948216
17041629,17041629,17948216
17042324,17042324,17948216
17042780,17042780,17948216
17043824,17043824,17948216
17044769,17044769,17948216
17046630,17046630,17948216
17046853,17046853,17948216
17046884,17046884,17948216
17047643,17047643,17948216
17047666,17047666,17948216
17048370,17048370,17948216
17048392,17048392,17948216
17049478,17049478,17948216
17049943,17049943,17948216
17050525,17050525,17948216
17051083,17051083,17948216
17051369,17051369,17948216
17052701,17052701,17948216
17053284,17053284,17948216
17053384,17053384,17948216
17054289,17054289,17948216
17054954,17054954,17948216
17055154,17055154,17948216
17055369,17055369,17948216
17056175,17056175,17948216
17056196,17056196,17948216
17058808,17058808,17948216
17058847,17058847,17948216
17058906,17058906,17948216
17059371,17059371,17948216
17059775,17059775,17948216
17060089,17060089,17948216
17060516,17060516,17948216
17060713,17060713,17948216
17060941,17060941,17948216
17061590,17061590,17948216
17062515,17062515,17948216
17062807,17062807,17948216
17063663,17063663,17948216
17064052,17064052,17948216
17064527,17064527,17948216
17065401,17065401,17948216
17065962,17065962,17948216
17066138,17066138,17948216
17066747,17066747,17948216
17067794,17067794,17948216
17068225,17068225,17948216
17068383,17068383,17948216
17069258,17069258,17948216
17069883,17069883,17948216
17070195,17070195,17948216
17071355,17071355,17948216
17071582,17071582,17948216
17071626,17071626,17948216
17071856,17071856,17948216
17071995,17071995,17948216
17072592,17072592,17948216
17072657,17072657,17948216
17072951,17072951,17948216
17073648,17073648,17948216
17073784,17073784,17948216
17073786,17073786,17948216
17074715,17074715,17948216
17075152,17075152,17948216
17076160,17076160,17948216
17077195,17077195,17948216
17077242,17077242,17948216
17077506,17077506,17948216
17078184,17078184,17948216
17079545,17079545,17948216
17079735,17079735,17948216
17080693,17080693,17948216
17081415,17081415,17948216
17082796,17082796,17948216
17082823,17082823,17948216
17082828,17082828,17948216
17083224,17083224,17948216
17083337,17083337,17948216
17084577,17084577,17948216
17085122,17085122,17948216
17087525,17087525,17948216
17088572,17088572,17948216
17089344,17089344,17948216
17090563,17090563,17948216
17091018,17091018,17948216
17091247,17091247,17948216
17091310,17091310,17948216
17091437,17091437,17948216
17091476,17091476,17948216
17092199,17092199,17948216
17092474,17092474,17948216
17092578,17092578,17948216
17093284,17093284,17948216
17094264,17094264,17948216
17094396,17094396,17948216
17095034,17095034,17948216
17095085,17095085,17948216
17095537,17095537,17948216
17095722,17095722,17948216
17096049,17096049,17948216
17096093,17096093,17948216
17097114,17097114,17948216
17097304,17097304,17948216
17097655,17097655,17948216
17097803,17097803,17948216
17097816,17097816,17948216
17097933,17097933,17948216
17098192,17098192,17948216
17098737,17098737,17948216
17098782,17098782,17948216
17098840,17098840,17948216
17098847,17098847,17948216
17099710,17099710,17948216
17100403,17100403,17948216
17101404,17101404,17948216
17101552,17101552,17948216
17101899,17101899,17948216
17103368,17103368,17948216
17103864,17103864,17948216
17104038,17104038,17948216
17105294,17105294,17948216
17105649,17105649,17948216
17105810,17105810,17948216
17106335,17106335,17948216
17106730,17106730,17948216
17108407,17108407,17948216
17109306,17109306,17948216
17109399,17109399,17948216
17109673,17109673,17948216
17110038,17110038,17948216
17110292,17110292,17948216
17110434,17110434,17948216
17111104,17111104,17948216
17111150,17111150,17948216
17111229,17111229,17948216
17111360,17111360,17948216
17111986,17111986,17948216
17112820,17112820,17948216
17113005,17113005,17948216
17113408,17113408,17948216
17113524,17113524,17948216
17113526,17113526,17948216
17113970,17113970,17948216
17115163,17115163,17948216
17115326,17115326,17948216
17115586,17115586,17948216
17115637,17115637,17948216
17116670,17116670,17948216
17117571,17117571,17948216
17118139,17118139,17948216
17119795,17119795,17948216
17120268,17120268,17948216
17122026,17122026,17948216
17122715,17122715,17948216
17122754,17122754,17948216
17123142,17123142,17948216
17123462,17123462,17948216
17123610,17123610,17948216
17124810,17124810,17948216
17124867,17124867,17948216
17126233,17126233,17948216
17126399,17126399,17948216
17126836,17126836,17948216
17127021,17127021,17948216
17127058,17127058,17948216
17127423,17127423,17948216
17127461,17127461,17948216
17127554,17127554,17948216
17128184,17128184,17948216
17128976,17128976,17948216
17129933,17129933,17948216
17130071,17130071,17948216
17130157,17130157,17948216
17130417,17130417,17948216
17130542,17130542,17948216
17131547,17131547,17948216
17131827,17131827,17948216
17132067,17132067,17948216
17132362,17132362,17948216
17133343,17133343,17948216
17133978,17133978,17948216
17134088,17134088,17948216
17134923,17134923,17948216
17135546,17135546,17948216
17135846,17135846,17948216
17136642,17136642,17948216
17137081,17137081,17948216
17137560,17137560,17948216
17137848,17137848,17948216
17137877,17137877,17948216
17138233,17138233,17948216
17138820,17138820,17948216
17138853,17138853,17948216
17138964,17138964,17948216
17139275,17139275,17948216
17139276,17139276,17948216
17139464,17139464,17948216
17140430,17140430,17948216
17141053,17141053,17948216
17141133,17141133,17948216
17141303,17141303,17948216
17141714,17141714,17948216
17142571,17142571,17948216
17143057,17143057,17948216
17143689,17143689,17948216
17147193,17147193,17948216
17148810,17148810,17948216
17148824,17148824,17948216
17149242,17149242,17948216
17149777,17149777,17948216
17149980,17149980,17948216
17150980,17150980,17948216
17151830,17151830,17948216
17152309,17152309,17948216
17152946,17152946,17948216
17153362,17153362,17948216
17153378,17153378,17948216
17153511,17153511,17948216
17153943,17153943,17948216
17154018,17154018,17948216
17154590,17154590,17948216
17154623,17154623,17948216
17154952,17154952,17948216
17155069,17155069,17948216
17155176,17155176,17948216
17155369,17155369,17948216
17156643,17156643,17948216
17156982,17156982,17948216
17156992,17156992,17948216
17157903,17157903,17948216
17158113,17158113,17948216
17159228,17159228,17948216
17159546,17159546,17948216
17159910,17159910,17948216
17161212,17161212,17948216
17161429,17161429,17948216
17161847,17161847,17948216
17161955,17161955,17948216
17162126,17162126,17948216
17162223,17162223,17948216
17162854,17162854,17948216
17162945,17162945,17948216
17163107,17163107,17948216
17163671,17163671,17948216
17163803,17163803,17948216
17163984,17163984,17948216
17164088,17164088,17948216
17164732,17164732,17948216
17165029,17165029,17948216
17165376,17165376,17948216
17166721,17166721,17948216
17167023,17167023,17948216
17168624,17168624,17948216
17169143,17169143,17948216
17169294,17169294,17948216
17169348,17169348,17948216
17169377,17169377,17948216
17169670,17169670,17948216
17169857,17169857,17948216
17170602,17170602,17948216
17170972,17170972,17948216
17171137,17171137,17948216
17171145,17171145,17948216
17172311,17172311,17948216
17173087,17173087,17948216
17173983,17173983,17948216
17174349,17174349,17948216
17174765,17174765,17948216
17174780,17174780,17948216
17175067,17175067,17948216
17175697,17175697,17948216
17175791,17175791,17948216
17175906,17175906,17948216
17176844,17176844,17948216
17177471,17177471,17948216
17178108,17178108,17948216
17179593,17179593,17948216
17180920,17180920,17948216
17181528,17181528,17948216
17181595,17181595,17948216
17181810,17181810,17948216
17183752,17183752,17948216
17183836,17183836,17948216
17184104,17184104,17948216
17184483,17184483,17948216
17184600,17184600,17948216
17185166,17185166,17948216
17185938,17185938,17948216
17186527,17186527,17948216
17187748,17187748,17948216
17188046,17188046,17948216
17188057,17188057,17948216
17188686,17188686,17948216
17190027,17190027,17948216
17191433,17191433,17948216
17191994,17191994,17948216
17192528,17192528,17948216
17192691,17192691,17948216
17193056,17193056,17948216
17193118,17193118,17948216
17193519,17193519,17948216
17193828,17193828,17948216
17195350,17195350,17948216
17195395,17195395,17948216
17196742,17196742,17948216
17196761,17196761,17948216
17196794,17196794,17948216
17197291,17197291,17948216
17198075,17198075,17948216
17198187,17198187,17948216
17198720,17198720,17948216
17199464,17199464,17948216
17199549,17199549,17948216
17199683,17199683,17948216
17199868,17199868,17948216
17200629,17200629,17948216
17200935,17200935,17948216
17201838,17201838,17948216
17202326,17202326,17948216
17203025,17203025,17948216
17203141,17203141,17948216
17203429,17203429,17948216
17203556,17203556,17948216
17204513,17204513,17948216
17204921,17204921,17948216
17204932,17204932,17948216
17205535,17205535,17948216
17206161,17206161,17948216
17206644,17206644,17948216
17208556,17208556,17948216
17209689,17209689,17948216
17210277,17210277,17948216
17210334,17210334,17948216
17210537,17210537,17948216
17211243,17211243,17948216
17211979,17211979,17948216
17212273,17212273,17948216
17213074,17213074,17948216
17213436,17213436,17948216
17216445,17216445,17948216
17216533,17216533,17948216
17216948,17216948,17948216
17217047,17217047,17948216
17218232,17218232,17948216
17218319,17218319,17948216
17218436,17218436,17948216
17218933,17218933,17948216
17219526,17219526,17948216
17219694,17219694,17948216
17220916,17220916,17948216
17221488,17221488,17948216
17221706,17221706,17948216
17221814,17221814,17948216
17221852,17221852,17948216
17222347,17222347,17948216
17222397,17222397,17948216
17222459,17222459,17948216
17223206,17223206,17948216
17224660,17224660,17948216
17224870,17224870,17948216
17226074,17226074,17948216
17226240,17226240,17948216
17226369,17226369,17948216
17226739,17226739,17948216
17227059,17227059,17948216
17227261,17227261,17948216
17227427,17227427,17948216
17228238,17228238,17948216
17228947,17228947,17948216
17229696,17229696,17948216
17229849,17229849,17948216
17231632,17231632,17948216
17232521,17232521,17948216
17233940,17233940,17948216
17234005,17234005,17948216
17234067,17234067,17948216
17234358,17234358,17948216
17235604,17235604,17948216
17236356,17236356,17948216
17236689,17236689,17948216
17236901,17236901,17948216
17237118,17237118,17948216
17237265,17237265,17948216
17237404,17237404,17948216
17237985,17237985,17948216
17238242,17238242,17948216
17238395,17238395,17948216
17238515,17238515,17948216
17238944,17238944,17948216
17239015,17239015,17948216
17239420,17239420,17948216
17239424,17239424,17948216
17239601,17239601,17948216
17240119,17240119,17948216
17240289,17240289,17948216
17240518,17240518,17948216
17241618,17241618,17948216
17241648,17241648,17948216
17242162,17242162,17948216
17242515,17242515,17948216
17243440,17243440,17948216
17243464,17243464,17948216
17244154,17244154,17948216
17244583,17244583,17948216
17245586,17245586,17948216
17246255,17246255,17948216
17246833,17246833,17948216
17247681,17247681,17948216
17248661,17248661,17948216
17248692,17248692,17948216
17249032,17249032,17948216
17249389,17249389,17948216
17249579,17249579,17948216
17250061,17250061,17948216
17250388,17250388,17948216
17250440,17250440,17948216
17250580,17250580,17948216
17251034,17251034,17948216
17251884,17251884,17948216
17251916,17251916,17948216
17253176,17253176,17948216
17253288,17253288,17948216
17253431,17253431,17948216
17254665,17254665,17948216
17255212,17255212,17948216
17255594,17255594,17948216
17255861,17255861,17948216
17256206,17256206,17948216
17258038,17258038,17948216
17258301,17258301,17948216
17259054,17259054,17948216
17259420,17259420,17948216
17259543,17259543,17948216
17259669,17259669,17948216
17259834,17259834,17948216
17261348,17261348,17948216
17261412,17261412,17948216
17262034,17262034,17948216
17262569,17262569,17948216
17263069,17263069,17948216
17264034,17264034,17948216
17264134,17264134,17948216
17264941,17264941,17948216
17265150,17265150,17948216
17265669,17265669,17948216
17266229,17266229,17948216
17267566,17267566,17948216
17267930,17267930,17948216
17268311,17268311,17948216
17268675,17268675,17948216
17269037,17269037,17948216
17269392,17269392,17948216
17269656,17269656,17948216
17270815,17270815,17948216
17271702,17271702,17948216
17272071,17272071,17948216
17273083,17273083,17948216
17274778,17274778,17948216
17274778,17274778,17948216
17274982,17274982,17948216
17275562,17275562,17948216
17275731,17275731,17948216
17276326,17276326,17948216
17276420,17276420,17948216
17277161,17277161,17948216
17277554,17277554,17948216
17277702,17277702,17948216
17279427,17279427,17948216
17280104,17280104,17948216
17280154,17280154,17948216
17280715,17280715,17948216
17281259,17281259,17948216
17281319,17281319,17948216
17281831,17281831,17948216
17281947,17281947,17948216
17282343,17282343,17948216
17283259,17283259,17948216
17287172,17287172,17948216
17287860,17287860,17948216
17288163,17288163,17948216
17288291,17288291,17948216
17289696,17289696,17948216
17289710,17289710,17948216
17290378,17290378,17948216
17290927,17290927,17948216
17291197,17291197,17948216
17291551,17291551,17948216
17292082,17292082,17948216
17292435,17292435,17948216
17293522,17293522,17948216
17293937,17293937,17948216
17294547,17294547,17948216
17294783,17294783,17948216
17294911,17294911,17948216
17295680,17295680,17948216
17295909,17295909,17948216
17296228,17296228,17948216
17296592,17296592,17948216
17296860,17296860,17948216
17298670,17298670,17948216
17299399,17299399,17948216
17299789,17299789,17948216
17301835,17301835,17948216
17302400,17302400,17948216
17302513,17302513,17948216
17302592,17302592,17948216
17302678,17302678,17948216
17303046,17303046,17948216
17303072,17303072,17948216
17303084,17303084,17948216
17303276,17303276,17948216
17303821,17303821,17948216
17304272,17304272,17948216
17304661,17304661,17948216
17304808,17304808,17948216
17305107,17305107,17948216
17305125,17305125,17948216
17305967,17305967,17948216
17307190,17307190,17948216
17307619,17307619,17948216
17307741,17307741,17948216
17308840,17308840,17948216
17308886,17308886,17948216
17309022,17309022,17948216
17309203,17309203,17948216
17310028,17310028,17948216
17310357,17310357,17948216
17311289,17311289,17948216
17311846,17311846,17948216
17312076,17312076,17948216
17312491,17312491,17948216
17312532,17312532,17948216
17312905,17312905,17948216
17314373,17314373,17948216
17314466,17314466,17948216
17314661,17314661,17948216
17314774,17314774,17948216
17314952,17314952,17948216
17315078,17315078,17948216
17316453,17316453,17948216
17316697,17316697,17948216
17317010,17317010,17948216
17317050,17317050,17948216
17319099,17319099,17948216
17320317,17320317,17948216
17320969,17320969,17948216
17321158,17321158,17948216
17323308,17323308,17948216
17323310,17323310,17948216
17323627,17323627,17948216
17323978,17323978,17948216
17324047,17324047,17948216
17324176,17324176,17948216
17324802,17324802,17948216
17325389,17325389,17948216
17326287,17326287,17948216
17326698,17326698,17948216
17326776,17326776,17948216
17327055,17327055,17948216
17328080,17328080,17948216
17328640,17328640,17948216
17328800,17328800,17948216
17328935,17328935,17948216
17329007,17329007,17948216
17329108,17329108,17948216
17329131,17329131,17948216
17329420,17329420,17948216
17331085,17331085,17948216
17332645,17332645,17948216
17333531,17333531,17948216
17333871,17333871,17948216
17334437,17334437,17948216
17335503,17335503,17948216
17336563,17336563,17948216
17337724,17337724,17948216
17337905,17337905,17948216
17337936,17337936,17948216
17339787,17339787,17948216
17340010,17340010,17948216
17340773,17340773,17948216
17342009,17342009,17948216
17342057,17342057,17948216
17342124,17342124,17948216
17342904,17342904,17948216
17343366,17343366,17948216
17343423,17343423,17948216
17343912,17343912,17948216
17344521,17344521,17948216
17344604,17344604,17948216
17344931,17344931,17948216
17344978,17344978,17948216
17346082,17346082,17948216
17346315,17346315,17948216
17346375,17346375,17948216
17347686,17347686,17948216
17348269,17348269,17948216
17348785,17348785,17948216
17349055,17349055,17948216
17349478,17349478,17948216
17349737,17349737,17948216
17350528,17350528,17948216
17351598,17351598,17948216
17352090,17352090,17948216
17352668,17352668,17948216
17353583,17353583,17948216
17353742,17353742,17948216
17353855,17353855,17948216
17353946,17353946,17948216
17354871,17354871,17948216
17355028,17355028,17948216
17355648,17355648,17948216
17357028,17357028,17948216
17357377,17357377,17948216
17357758,17357758,17948216
17358629,17358629,17948216
17358748,17358748,17948216
17359555,17359555,17948216
17359687,17359687,17948216
17359840,17359840,17948216
17359863,17359863,17948216
17360584,17360584,17948216
17361447,17361447,17948216
17361799,17361799,17948216
17362347,17362347,17948216
17362682,17362682,17948216
17363372,17363372,17948216
17363486,17363486,17948216
17364869,17364869,17948216
17364963,17364963,17948216
17365320,17365320,17948216
17365547,17365547,17948216
17365639,17365639,17948216
17365892,17365892,17948216
17366222,17366222,17948216
17366232,17366232,17948216
17366279,17366279,17948216
17366850,17366850,17948216
17367024,17367024,17948216
17367591,17367591,17948216
17368099,17368099,17948216
17368820,17368820,17948216
17368832,17368832,17948216
17369043,17369043,17948216
17369549,17369549,17948216
17370041,17370041,17948216
17370686,17370686,17948216
17371646,17371646,17948216
17372652,17372652,17948216
17372895,17372895,17948216
17373575,17373575,17948216
17373670,17373670,17948216
17374666,17374666,17948216
17374751,17374751,17948216
17374920,17374920,17948216
17375496,17375496,17948216
17376033,17376033,17948216
17376034,17376034,17948216
17376303,17376303,17948216
17376366,17376366,17948216
17376439,17376439,17948216
17376654,17376654,17948216
17377051,17377051,17948216
17377083,17377083,17948216
17377506,17377506,17948216
17377912,17377912,17948216
17377917,17377917,17948216
17378411,17378411,17948216
17378623,17378623,17948216
17379171,17379171,17948216
17379244,17379244,17948216
17379810,17379810,17948216
17380079,17380079,17948216
17380082,17380082,17948216
17380955,17380955,17948216
17381397,17381397,17948216
17382439,17382439,17948216
17383366,17383366,17948216
17383849,17383849,17948216
17383961,17383961,17948216
17384241,17384241,17948216
17384481,17384481,17948216
17385434,17385434,17948216
17385878,17385878,17948216
17386067,17386067,17948216
17386676,17386676,17948216
17386916,17386916,17948216
17387385,17387385,17948216
17387608,17387608,17948216
17388819,17388819,17948216
17389172,17389172,17948216
17389496,17389496,17948216
17389604,17389604,17948216
17390049,17390049,17948216
17390787,17390787,17948216
17391301,17391301,17948216
17391550,17391550,17948216
17391775,17391775,17948216
17391969,17391969,17948216
17392024,17392024,17948216
17392119,17392119,17948216
17393872,17393872,17948216
17396602,17396602,17948216
17398256,17398256,17948216
17399913,17399913,17948216
17400277,17400277,17948216
17400294,17400294,17948216
17400568,17400568,17948216
17401133,17401133,17948216
17401291,17401291,17948216
17401374,17401374,17948216
17401693,17401693,17948216
17402576,17402576,17948216
17402962,17402962,17948216
17403279,17403279,17948216
17403329,17403329,17948216
17405196,17405196,17948216
17405727,17405727,17948216
17406813,17406813,17948216
17406836,17406836,17948216
17409005,17409005,17948216
17409141,17409141,17948216
17409464,17409464,17948216
17409500,17409500,17948216
17409607,17409607,17948216
17409989,17409989,17948216
17410568,17410568,17948216
17411179,17411179,17948216
17411411,17411411,17948216
17412346,17412346,17948216
17413694,17413694,17948216
17414414,17414414,17948216
17414856,17414856,17948216
17415093,17415093,17948216
17415639,17415639,17948216
17416326,17416326,17948216
17416386,17416386,17948216
17416575,17416575,17948216
17417131,17417131,17948216
17417366,17417366,17948216
17417415,17417415,17948216
17417768,17417768,17948216
17417856,17417856,17948216
17418046,17418046,17948216
17420925,17420925,17948216
17421934,17421934,17948216
17423014,17423014,17948216
17423059,17423059,17948216
17423141,17423141,17948216
17423144,17423144,17948216
17423433,17423433,17948216
17423782,17423782,17948216
17424100,17424100,17948216
17424687,17424687,17948216
17424777,17424777,17948216
17425182,17425182,17948216
17425498,17425498,17948216
17426735,17426735,17948216
17426767,17426767,17948216
17426908,17426908,17948216
17427843,17427843,17948216
17427964,17427964,17948216
17428888,17428888,17948216
17429372,17429372,17948216
17429920,17429920,17948216
17430140,17430140,17948216
17431304,17431304,17948216
17431420,17431420,17948216
17432251,17432251,17948216
17432257,17432257,17948216
17432400,17432400,17948216
17432793,17432793,17948216
17433050,17433050,17948216
17433362,17433362,17948216
17433494,17433494,17948216
17433682,17433682,17948216
17433740,17433740,17948216
17433929,17433929,17948216
17434136,17434136,17948216
17434252,17434252,17948216
17434254,17434254,17948216
17434692,17434692,17948216
17434816,17434816,17948216
17434863,17434863,17948216
17435408,17435408,17948216
17435915,17435915,17948216
17436014,17436014,17948216
17436730,17436730,17948216
17436913,17436913,17948216
17436965,17436965,17948216
17436999,17436999,17948216
17437078,17437078,17948216
17437190,17437190,17948216
17437824,17437824,17948216
17438145,17438145,17948216
17438416,17438416,17948216
17440084,17440084,17948216
17440157,17440157,17948216
17440390,17440390,17948216
17440401,17440401,17948216
17441043,17441043,17948216
17441693,17441693,17948216
17442032,17442032,17948216
17442436,17442436,17948216
17442692,17442692,17948216
17442738,17442738,17948216
17443172,17443172,17948216
17443197,17443197,17948216
17443567,17443567,17948216
17445248,17445248,17948216
17445700,17445700,17948216
17445846,17445846,17948216
17446260,17446260,17948216
17446326,17446326,17948216
17446618,17446618,17948216
17446941,17446941,17948216
17447508,17447508,17948216
17447598,17447598,17948216
17447886,17447886,17948216
17448841,17448841,17948216
17449116,17449116,17948216
17449526,17449526,17948216
17449905,17449905,17948216
17450807,17450807,17948216
17451680,17451680,17948216
17451962,17451962,17948216
17452159,17452159,17948216
17452237,17452237,17948216
17452282,17452282,17948216
17452288,17452288,17948216
17452514,17452514,17948216
17452586,17452586,17948216
17452875,17452875,17948216
17453533,17453533,17948216
17454089,17454089,17948216
17454310,17454310,17948216
17454503,17454503,17948216
17454703,17454703,17948216
17455137,17455137,17948216
17457673,17457673,17948216
17457865,17457865,17948216
17458246,17458246,17948216
17458483,17458483,17948216
17458495,17458495,17948216
17458505,17458505,17948216
17458674,17458674,17948216
17459720,17459720,17948216
17459845,17459845,17948216
17460329,17460329,17948216
17460785,17460785,17948216
17460919,17460919,17948216
17461564,17461564,17948216
17462194,17462194,17948216
17462574,17462574,17948216
17462834,17462834,17948216
17463020,17463020,17948216
17464194,17464194,17948216
17465191,17465191,17948216
17466443,17466443,17948216
17467523,17467523,17948216
17467866,17467866,17948216
17468606,17468606,17948216
17468625,17468625,17948216
17469000,17469000,17948216
17469017,17469017,17948216
17469293,17469293,17948216
17469558,17469558,17948216
17470215,17470215,17948216
17471497,17471497,17948216
17471509,17471509,17948216
17471587,17471587,17948216
17471610,17471610,17948216
17471729,17471729,17948216
17472124,17472124,17948216
17472248,17472248,17948216
17472612,17472612,17948216
17474366,17474366,17948216
17474442,17474442,17948216
17475087,17475087,17948216
17475360,17475360,17948216
17475656,17475656,17948216
17475746,17475746,17948216
17476577,17476577,17948216
17476726,17476726,17948216
17477317,17477317,17948216
17477609,17477609,17948216
17477614,17477614,17948216
17478362,17478362,17948216
17478367,17478367,17948216
17478712,17478712,17948216
17478761,17478761,17948216
17478838,17478838,17948216
17478968,17478968,17948216
17479559,17479559,17948216
17479926,17479926,17948216
17480012,17480012,17948216
17480517,17480517,17948216
17480959,17480959,17948216
17482602,17482602,17948216
17482846,17482846,17948216
17483166,17483166,17948216
17483998,17483998,17948216
17484160,17484160,17948216
17484241,17484241,17948216
17484674,17484674,17948216
17484816,17484816,17948216
17484830,17484830,17948216
17484881,17484881,17948216
17484900,17484900,17948216
17486315,17486315,17948216
17486927,17486927,17948216
17486976,17486976,17948216
17487722,17487722,17948216
17488028,17488028,17948216
17488070,17488070,17948216
17490243,17490243,17948216
17490387,17490387,17948216
17490395,17490395,17948216
17490538,17490538,17948216
17490890,17490890,17948216
17492195,17492195,17948216
17492298,17492298,17948216
17492372,17492372,17948216
17492403,17492403,17948216
17492443,17492443,17948216
17492551,17492551,17948216
17493080,17493080,17948216
17494089,17494089,17948216
17495602,17495602,17948216
17495851,17495851,17948216
17499829,17499829,17948216
17500583,17500583,17948216
17501106,17501106,17948216
17501600,17501600,17948216
17501735,17501735,17948216
17502433,17502433,17948216
17503166,17503166,17948216
17503406,17503406,17948216
17504635,17504635,17948216
17504736,17504736,17948216
17506354,17506354,17948216
17506681,17506681,17948216
17507752,17507752,17948216
17507897,17507897,17948216
17508846,17508846,17948216
17509759,17509759,17948216
17509800,17509800,17948216
17510405,17510405,17948216
17510765,17510765,17948216
17511101,17511101,17948216
17511694,17511694,17948216
17511971,17511971,17948216
17513017,17513017,17948216
17514562,17514562,17948216
17514965,17514965,17948216
17515962,17515962,17948216
17517105,17517105,17948216
17517663,17517663,17948216
17517731,17517731,17948216
17518362,17518362,17948216
17518493,17518493,17948216
17519075,17519075,17948216
17519093,17519093,17948216
17519524,17519524,17948216
17519664,17519664,17948216
17521839,17521839,17948216
17522007,17522007,17948216
17522390,17522390,17948216
17522421,17522421,17948216
17523431,17523431,17948216
17523503,17523503,17948216
17524337,17524337,17948216
17524596,17524596,17948216
17525517,17525517,17948216
17525620,17525620,17948216
17525861,17525861,17948216
17526176,17526176,17948216
17526254,17526254,17948216
17526382,17526382,17948216
17526796,17526796,17948216
17526929,17526929,17948216
17527042,17527042,17948216
17527129,17527129,17948216
17527391,17527391,17948216
17527853,17527853,17948216
17528122,17528122,17948216
17528214,17528214,17948216
17528511,17528511,17948216
17528606,17528606,17948216
17529192,17529192,17948216
17529795,17529795,17948216
17529868,17529868,17948216
17530531,17530531,17948216
17531038,17531038,17948216
17531209,17531209,17948216
17531712,17531712,17948216
17532033,17532033,17948216
17532238,17532238,17948216
17532361,17532361,17948216
17532505,17532505,17948216
17532910,17532910,17948216
17533218,17533218,17948216
17533494,17533494,17948216
17533751,17533751,17948216
17534834,17534834,17948216
17535237,17535237,17948216
17535457,17535457,17948216
17535457,17535457,17948216
17535603,17535603,17948216
17535604,17535604,17948216
17536796,17536796,17948216
17536918,17536918,17948216
17537117,17537117,17948216
17539562,17539562,17948216
17539793,17539793,17948216
17540144,17540144,17948216
17540215,17540215,17948216
17540320,17540320,17948216
17540359,17540359,17948216
17541208,17541208,17948216
17541569,17541569,17948216
17542227,17542227,17948216
17542969,17542969,17948216
17544000,17544000,17948216
17544782,17544782,17948216
17544971,17544971,17948216
17545027,17545027,17948216
17545402,17545402,17948216
17546414,17546414,17948216
17548121,17548121,17948216
17548239,17548239,17948216
17548389,17548389,17948216
17548548,17548548,17948216
17548899,17548899,17948216
17548943,17548943,17948216
17549496,17549496,17948216
17549569,17549569,17948216
17549679,17549679,17948216
17549886,17549886,17948216
17549909,17549909,17948216
17549964,17549964,17948216
17551145,17551145,17948216
17552657,17552657,17948216
17553306,17553306,17948216
17554746,17554746,17948216
17554824,17554824,17948216
17554911,17554911,17948216
17555833,17555833,17948216
17556106,17556106,17948216
17556415,17556415,17948216
17556635,17556635,17948216
17557202,17557202,17948216
17558389,17558389,17948216
17559380,17559380,17948216
17559571,17559571,17948216
17559579,17559579,17948216
17560305,17560305,17948216
17561930,17561930,17948216
17562185,17562185,17948216
17562224,17562224,17948216
17562276,17562276,17948216
17562295,17562295,17948216
17562707,17562707,17948216
17563092,17563092,17948216
17563242,17563242,17948216
17563409,17563409,17948216
17563433,17563433,17948216
17563880,17563880,17948216
17564450,17564450,17948216
17565346,17565346,17948216
17567375,17567375,17948216
17567735,17567735,17948216
17568933,17568933,17948216
17569007,17569007,17948216
17569217,17569217,17948216
17569397,17569397,17948216
17569507,17569507,17948216
17569756,17569756,17948216
17569950,17569950,17948216
17571211,17571211,17948216
17571291,17571291,17948216
17572154,17572154,17948216
17572792,17572792,17948216
17572892,17572892,17948216
17573200,17573200,17948216
17573232,17573232,17948216
17573462,17573462,17948216
17573749,17573749,17948216
17574017,17574017,17948216
17574811,17574811,17948216
17575228,17575228,17948216
17575289,17575289,17948216
17576165,17576165,17948216
17576193,17576193,17948216
17576239,17576239,17948216
17576335,17576335,17948216
17577217,17577217,17948216
17577753,17577753,17948216
17578549,17578549,17948216
17579436,17579436,17948216
17580516,17580516,17948216
17581342,17581342,17948216
17581796,17581796,17948216
17582629,17582629,17948216
17583043,17583043,17948216
17583225,17583225,17948216
17584008,17584008,17948216
17584222,17584222,17948216
17584558,17584558,17948216
17584561,17584561,17948216
17585217,17585217,17948216
17586246,17586246,17948216
17587725,17587725,17948216
17589202,17589202,17948216
17589360,17589360,17948216
17589559,17589559,17948216
17590606,17590606,17948216
17590748,17590748,17948216
17590791,17590791,17948216
17591349,17591349,17948216
17591422,17591422,17948216
17591992,17591992,17948216
17592663,17592663,17948216
17592820,17592820,17948216
17593575,17593575,17948216
17593926,17593926,17948216
17596573,17596573,17948216
17596615,17596615,17948216
17596647,17596647,17948216
17596782,17596782,17948216
17597624,17597624,17948216
17598563,17598563,17948216
17599217,17599217,17948216
17599340,17599340,17948216
17599615,17599615,17948216
17599659,17599659,17948216
17600091,17600091,17948216
17601293,17601293,17948216
17601529,17601529,17948216
17602282,17602282,17948216
17602411,17602411,17948216
17603016,17603016,17948216
17603400,17603400,17948216
17603505,17603505,17948216
17603542,17603542,17948216
17604853,17604853,17948216
17605858,17605858,17948216
17606164,17606164,17948216
17606307,17606307,17948216
17607306,17607306,17948216
17607317,17607317,17948216
17607639,17607639,17948216
17608390,17608390,17948216
17608464,17608464,17948216
17608568,17608568,17948216
17609034,17609034,17948216
17609429,17609429,17948216
17609763,17609763,17948216
17609946,17609946,17948216
17610204,17610204,17948216
17611024,17611024,17948216
17612153,17612153,17948216
17612323,17612323,17948216
17612404,17612404,17948216
17615060,17615060,17948216
17615750,17615750,17948216
17615842,17615842,17948216
17616082,17616082,17948216
17616096,17616096,17948216
17616899,17616899,17948216
17616983,17616983,17948216
17617067,17617067,17948216
17617264,17617264,17948216
17617390,17617390,17948216
17618084,17618084,17948216
17618579,17618579,17948216
17618664,17618664,17948216
17618897,17618897,17948216
17619914,17619914,17948216
17619970,17619970,17948216
17620054,17620054,17948216
17620056,17620056,17948216
17620708,17620708,17948216
17621136,17621136,17948216
17621258,17621258,17948216
17621729,17621729,17948216
17622609,17622609,17948216
17622690,17622690,17948216
17622715,17622715,17948216
17622791,17622791,17948216
17623811,17623811,17948216
17624804,17624804,17948216
17624850,17624850,17948216
17625831,17625831,17948216
17626250,17626250,17948216
17626516,17626516,17948216
17626689,17626689,17948216
17627429,17627429,17948216
17627988,17627988,17948216
17628125,17628125,17948216
17628989,17628989,17948216
17629276,17629276,17948216
17630248,17630248,17948216
17630283,17630283,17948216
17630394,17630394,17948216
17630428,17630428,17948216
17631024,17631024,17948216
17631559,17631559,17948216
17632038,17632038,17948216
17632562,17632562,17948216
17632652,17632652,17948216
17632734,17632734,17948216
17633085,17633085,17948216
17633734,17633734,17948216
17633946,17633946,17948216
17633948,17633948,17948216
17634144,17634144,17948216
17634450,17634450,17948216
17634701,17634701,17948216
17635674,17635674,17948216
17635931,17635931,17948216
17636149,17636149,17948216
17636827,17636827,17948216
17636893,17636893,17948216
17636966,17636966,17948216
17637353,17637353,17948216
17637578,17637578,17948216
17637664,17637664,17948216
17637835,17637835,17948216
17638413,17638413,17948216
17638601,17638601,17948216
17638825,17638825,17948216
17638834,17638834,17948216
17639019,17639019,17948216
17639561,17639561,17948216
17639605,17639605,17948216
17639934,17639934,17948216
17640216,17640216,17948216
17640253,17640253,17948216
17640581,17640581,17948216
17640631,17640631,17948216
17640971,17640971,17948216
17641256,17641256,17948216
17641290,17641290,17948216
17641867,17641867,17948216
17642406,17642406,17948216
17642969,17642969,17948216
17643026,17643026,17948216
17643080,17643080,17948216
17644454,17644454,17948216
17645808,17645808,17948216
17646068,17646068,17948216
17646454,17646454,17948216
17647061,17647061,17948216
17647332,17647332,17948216
17647754,17647754,17948216
17647769,17647769,17948216
17648659,17648659,17948216
17648772,17648772,17948216
17648774,17648774,17948216
17648962,17648962,17948216
17649259,17649259,17948216
17649706,17649706,17948216
17650335,17650335,17948216
17650839,17650839,17948216
17651661,17651661,17948216
17652908,17652908,17948216
17653988,17653988,17948216
17654180,17654180,17948216
17654547,17654547,17948216
17654769,17654769,17948216
17654916,17654916,17948216
17655377,17655377,17948216
17655700,17655700,17948216
17655990,17655990,17948216
17656002,17656002,17948216
17657071,17657071,17948216
17657197,17657197,17948216
17657308,17657308,17948216
17657346,17657346,17948216
17657866,17657866,17948216
17658199,17658199,17948216
17658461,17658461,17948216
17659648,17659648,17948216
17660500,17660500,17948216
17660818,17660818,17948216
17661416,17661416,17948216
17661743,17661743,17948216
17663597,17663597,17948216
17663817,17663817,17948216
17665149,17665149,17948216
17665306,17665306,17948216
17665684,17665684,17948216
17666006,17666006,17948216
17666366,17666366,17948216
17666720,17666720,17948216
17667041,17667041,17948216
17667622,17667622,17948216
17667763,17667763,17948216
17668402,17668402,17948216
17669478,17669478,17948216
17669600,17669600,17948216
17669714,17669714,17948216
17670058,17670058,17948216
17670918,17670918,17948216
17671563,17671563,17948216
17672234,17672234,17948216
17673098,17673098,17948216
17673404,17673404,17948216
17673471,17673471,17948216
17676011,17676011,17948216
17676607,17676607,17948216
17677153,17677153,17948216
17677219,17677219,17948216
17678501,17678501,17948216
17678853,17678853,17948216
17679790,17679790,17948216
17679985,17679985,17948216
17680014,17680014,17948216
17680126,17680126,17948216
17680153,17680153,17948216
17680227,17680227,17948216
17680942,17680942,17948216
17682315,17682315,17948216
17683717,17683717,17948216
17684039,17684039,17948216
17684392,17684392,17948216
17684616,17684616,17948216
17684794,17684794,17948216
17686667,17686667,17948216
17687619,17687619,17948216
17688652,17688652,17948216
17689435,17689435,17948216
17689570,17689570,17948216
17689730,17689730,17948216
17689776,17689776,17948216
17690323,17690323,17948216
17690610,17690610,17948216
17690886,17690886,17948216
17691072,17691072,17948216
17691277,17691277,17948216
17691677,17691677,17948216
17692545,17692545,17948216
17692672,17692672,17948216
17692962,17692962,17948216
17693003,17693003,17948216
17693263,17693263,17948216
17693563,17693563,17948216
17693643,17693643,17948216
17694142,17694142,17948216
17695861,17695861,17948216
17696502,17696502,17948216
17697850,17697850,17948216
17699530,17699530,17948216
17700148,17700148,17948216
17700251,17700251,17948216
17700604,17700604,17948216
17700704,17700704,17948216
17701166,17701166,17948216
17702350,17702350,17948216
17702380,17702380,17948216
17703318,17703318,17948216
17703421,17703421,17948216
17703453,17703453,17948216
17703914,17703914,17948216
17704354,17704354,17948216
17704409,17704409,17948216
17704651,17704651,17948216
17704981,17704981,17948216
17706253,17706253,17948216
17707108,17707108,17948216
17707679,17707679,17948216
17707886,17707886,17948216
17707968,17707968,17948216
17708425,17708425,17948216
17708687,17708687,17948216
17708720,17708720,17948216
17709621,17709621,17948216
17711655,17711655,17948216
17714367,17714367,17948216
17714789,17714789,17948216
17714916,17714916,17948216
17716036,17716036,17948216
17716741,17716741,17948216
17717241,17717241,17948216
17717511,17717511,17948216
17718141,17718141,17948216
17719597,17719597,17948216
17720551,17720551,17948216
17721374,17721374,17948216
17721382,17721382,17948216
17721469,17721469,17948216
17721532,17721532,17948216
17722360,17722360,17948216
17722641,17722641,17948216
17723593,17723593,17948216
17724646,17724646,17948216
17725173,17725173,17948216
17725765,17725765,17948216
17726846,17726846,17948216
17728690,17728690,17948216
17728936,17728936,17948216
17729099,17729099,17948216
17729895,17729895,17948216
17730408,17730408,17948216
17730509,17730509,17948216
17730539,17730539,17948216
17730716,17730716,17948216
17731291,17731291,17948216
17732479,17732479,17948216
17733330,17733330,17948216
17733832,17733832,17948216
17734023,17734023,17948216
17734096,17734096,17948216
17734198,17734198,17948216
17734780,17734780,17948216
17735576,17735576,17948216
17736069,17736069,17948216
17736327,17736327,17948216
17736941,17736941,17948216
17737188,17737188,17948216
17737791,17737791,17948216
17737894,17737894,17948216
17738027,17738027,17948216
17738049,17738049,17948216
17738873,17738873,17948216
17739039,17739039,17948216
17739070,17739070,17948216
17739237,17739237,17948216
17739298,17739298,17948216
17740140,17740140,17948216
17740272,17740272,17948216
17742071,17742071,17948216
17742871,17742871,17948216
17743468,17743468,17948216
17744047,17744047,17948216
17744433,17744433,17948216
17745370,17745370,17948216
17745956,17745956,17948216
17746547,17746547,17948216
17746727,17746727,17948216
17746760,17746760,17948216
17748233,17748233,17948216
17748310,17748310,17948216
17748700,17748700,17948216
17749499,17749499,17948216
17750132,17750132,17948216
17750438,17750438,17948216
17751158,17751158,17948216
17752294,17752294,17948216
17752614,17752614,17948216
17752811,17752811,17948216
17752837,17752837,17948216
17752883,17752883,17948216
17753591,17753591,17948216
17754236,17754236,17948216
17754316,17754316,17948216
17754325,17754325,17948216
17754503,17754503,17948216
17755412,17755412,17948216
17756249,17756249,17948216
17756277,17756277,17948216
17756392,17756392,17948216
17757299,17757299,17948216
17757366,17757366,17948216
17757473,17757473,17948216
17757732,17757732,17948216
17757999,17757999,17948216
17759052,17759052,17948216
17760142,17760142,17948216
17760901,17760901,17948216
17761234,17761234,17948216
17761704,17761704,17948216
17762038,17762038,17948216
17763288,17763288,17948216
17763445,17763445,17948216
17763865,17763865,17948216
17763885,17763885,17948216
17765533,17765533,17948216
17766586,17766586,17948216
17766760,17766760,17948216
17767096,17767096,17948216
17767120,17767120,17948216
17768633,17768633,17948216
17769442,17769442,17948216
17769723,17769723,17948216
17770102,17770102,17948216
17771453,17771453,17948216
17772222,17772222,17948216
17772298,17772298,17948216
17772634,17772634,17948216
17773576,17773576,17948216
17774251,17774251,17948216
17774588,17774588,17948216
17774828,17774828,17948216
17778148,17778148,17948216
17778167,17778167,17948216
17778236,17778236,17948216
17779713,17779713,17948216
17779894,17779894,17948216
17780002,17780002,17948216
17781344,17781344,17948216
17781646,17781646,17948216
17782463,17782463,17948216
17783228,17783228,17948216
17783382,17783382,17948216
17783822,17783822,17948216
17783857,17783857,17948216
17784165,17784165,17948216
17784530,17784530,17948216
17784622,17784622,17948216
17784749,17784749,17948216
17784764,17784764,17948216
17786880,17786880,17948216
17787308,17787308,17948216
17787385,17787385,17948216
17788052,17788052,17948216
17788060,17788060,17948216
17788412,17788412,17948216
17788523,17788523,17948216
17789015,17789015,17948216
17790231,17790231,17948216
17790274,17790274,17948216
17791090,17791090,17948216
17791184,17791184,17948216
17791660,17791660,17948216
17791843,17791843,17948216
17792141,17792141,17948216
17792480,17792480,17948216
17793139,17793139,17948216
17793239,17793239,17948216
17793753,17793753,17948216
17793778,17793778,17948216
17793879,17793879,17948216
17793912,17793912,17948216
17795504,17795504,17948216
17795909,17795909,17948216
17796208,17796208,17948216
17796617,17796617,17948216
17796852,17796852,17948216
17797132,17797132,17948216
17797425,17797425,17948216
17799132,17799132,17948216
17799412,17799412,17948216
17800176,17800176,17948216
17800331,17800331,17948216
17801721,17801721,17948216
17803022,17803022,17948216
17803251,17803251,17948216
17803331,17803331,17948216
17803428,17803428,17948216
17803647,17803647,17948216
17803791,17803791,17948216
17804969,17804969,17948216
17805448,17805448,17948216
17806125,17806125,17948216
17806474,17806474,17948216
17806773,17806773,17948216
17807801,17807801,17948216
17808316,17808316,17948216
17808905,17808905,17948216
17809368,17809368,17948216
17809969,17809969,17948216
17810365,17810365,17948216
17810603,17810603,17948216
17810648,17810648,17948216
17810700,17810700,17948216
17811289,17811289,17948216
17811921,17811921,17948216
17812662,17812662,17948216
17812966,17812966,17948216
17814211,17814211,17948216
17814571,17814571,17948216
17814683,17814683,17948216
17815190,17815190,17948216
17815313,17815313,17948216
17815677,17815677,17948216
17815816,17815816,17948216
17817141,17817141,17948216
17818159,17818159,17948216
17818250,17818250,17948216
17818441,17818441,17948216
17819256,17819256,17948216
17819653,17819653,17948216
17820921,17820921,17948216
17821417,17821417,17948216
17821450,17821450,17948216
17821569,17821569,17948216
17821612,17821612,17948216
17822102,17822102,17948216
17822233,17822233,17948216
17823041,17823041,17948216
17823108,17823108,17948216
17823342,17823342,17948216
17823385,17823385,17948216
17823518,17823518,17948216
17823528,17823528,17948216
17823762,17823762,17948216
17824067,17824067,17948216
17824170,17824170,17948216
17824489,17824489,17948216
17825010,17825010,17948216
17825546,17825546,17948216
17826149,17826149,17948216
17826435,17826435,17948216
17827422,17827422,17948216
17827473,17827473,17948216
17827581,17827581,17948216
17828097,17828097,17948216
17828293,17828293,17948216
17829617,17829617,17948216
17830124,17830124,17948216
17830580,17830580,17948216
17831741,17831741,17948216
17831794,17831794,17948216
17831858,17831858,17948216
17832010,17832010,17948216
17832727,17832727,17948216
17832894,17832894,17948216
17832945,17832945,17948216
17833276,17833276,17948216
17833417,17833417,17948216
17833641,17833641,17948216
17833656,17833656,17948216
17833702,17833702,17948216
17834152,17834152,17948216
17834288,17834288,17948216
17834489,17834489,17948216
17836331,17836331,17948216
17836907,17836907,17948216
17837127,17837127,17948216
17837521,17837521,17948216
17838467,17838467,17948216
17838810,17838810,17948216
17839939,17839939,17948216
17842255,17842255,17948216
17842468,17842468,17948216
17843069,17843069,17948216
17843075,17843075,17948216
17843582,17843582,17948216
17843774,17843774,17948216
17845117,17845117,17948216
17845670,17845670,17948216
17845701,17845701,17948216
17845713,17845713,17948216
17846372,17846372,17948216
17848236,17848236,17948216
17848515,17848515,17948216
17848906,17848906,17948216
17849294,17849294,17948216
17850320,17850320,17948216
17851009,17851009,17948216
17852259,17852259,17948216
17852543,17852543,17948216
17852706,17852706,17948216
17853512,17853512,17948216
17853547,17853547,17948216
17853636,17853636,17948216
17853670,17853670,17948216
17853864,17853864,17948216
17854963,17854963,17948216
17855554,17855554,17948216
17855971,17855971,17948216
17856150,17856150,17948216
17856228,17856228,17948216
17856977,17856977,17948216
17857528,17857528,17948216
17858111,17858111,17948216
17858150,17858150,17948216
17858253,17858253,17948216
17858380,17858380,17948216
17858553,17858553,17948216
17859279,17859279,17948216
17859317,17859317,17948216
17860315,17860315,17948216
17860315,17860315,17948216
17860520,17860520,17948216
17861072,17861072,17948216
17861481,17861481,17948216
17861532,17861532,17948216
17861655,17861655,17948216
17862545,17862545,17948216
17862831,17862831,17948216
17862856,17862856,17948216
17863673,17863673,17948216
17863678,17863678,17948216
17863819,17863819,17948216
17863912,17863912,17948216
17864550,17864550,17948216
17865421,17865421,17948216
17865462,17865462,17948216
17865916,17865916,17948216
17866226,17866226,17948216
17866226,17866226,17948216
17866303,17866303,17948216
17866747,17866747,17948216
17867166,17867166,17948216
17867668,17867668,17948216
17867771,17867771,17948216
17868204,17868204,17948216
17868506,17868506,17948216
17868510,17868510,17948216
17868943,17868943,17948216
17868985,17868985,17948216
17870141,17870141,17948216
17870702,17870702,17948216
17873106,17873106,17948216
17873208,17873208,17948216
17874033,17874033,17948216
17874325,17874325,17948216
17874582,17874582,17948216
17875019,17875019,17948216
17875682,17875682,17948216
17876291,17876291,17948216
17876351,17876351,17948216
17876568,17876568,17948216
17876875,17876875,17948216
17878472,17878472,17948216
17878549,17878549,17948216
17878661,17878661,17948216
17879127,17879127,17948216
17879707,17879707,17948216
17880430,17880430,17948216
17880896,17880896,17948216
17881362,17881362,17948216
17881822,17881822,17948216
17882337,17882337,17948216
17882639,17882639,17948216
17882813,17882813,17948216
17883138,17883138,17948216
17883161,17883161,17948216
17883510,17883510,17948216
17884044,17884044,17948216
17884917,17884917,17948216
17884938,17884938,17948216
17885403,17885403,17948216
17885750,17885750,17948216
17886113,17886113,17948216
17886391,17886391,17948216
17887168,17887168,17948216
17887752,17887752,17948216
17888292,17888292,17948216
17889259,17889259,17948216
17889475,17889475,17948216
17889979,17889979,17948216
17890654,17890654,17948216
17890842,17890842,17948216
17892360,17892360,17948216
17892420,17892420,17948216
17892925,17892925,17948216
17893041,17893041,17948216
17893206,17893206,17948216
17893813,17893813,17948216
17894212,17894212,17948216
17894354,17894354,17948216
17895469,17895469,17948216
17895767,17895767,17948216
17897426,17897426,17948216
17897783,17897783,17948216
17898140,17898140,17948216
17898721,17898721,17948216
17899254,17899254,17948216
17899709,17899709,17948216
17901346,17901346,17948216
17902200,17902200,17948216
17902786,17902786,17948216
17902857,17902857,17948216
17903472,17903472,17948216
17903782,17903782,17948216
17904101,17904101,17948216
17904722,17904722,17948216
17906161,17906161,17948216
17906701,17906701,17948216
17906828,17906828,17948216
17908478,17908478,17948216
17909368,17909368,17948216
17909562,17909562,17948216
17910017,17910017,17948216
17910262,17910262,17948216
17910382,17910382,17948216
17910677,17910677,17948216
17911408,17911408,17948216
17911752,17911752,17948216
17912213,17912213,17948216
17913186,17913186,17948216
17913424,17913424,17948216
17913953,17913953,17948216
17914194,17914194,17948216
17915056,17915056,17948216
17916761,17916761,17948216
17916769,17916769,17948216
17916967,17916967,17948216
17917163,17917163,17948216
17918065,17918065,17948216
17918099,17918099,17948216
17918443,17918443,17948216
17919889,17919889,17948216
17920918,17920918,17948216
17921901,17921901,17948216
17921961,17921961,17948216
17923497,17923497,17948216
17923551,17923551,17948216
17924141,17924141,17948216
17924407,17924407,17948216
17924571,17924571,17948216
17924628,17924628,17948216
17924991,17924991,17948216
17925179,17925179,17948216
17925186,17925186,17948216
17925224,17925224,17948216
17925327,17925327,17948216
17925711,17925711,17948216
17925834,17925834,17948216
17926089,17926089,17948216
17926156,17926156,17948216
17926705,17926705,17948216
17926836,17926836,17948216
17927361,17927361,17948216
17927673,17927673,17948216
17927906,17927906,17948216
17928462,17928462,17948216
17928632,17928632,17948216
17929161,17929161,17948216
17930123,17930123,17948216
17930471,17930471,17948216
17931188,17931188,17948216
17931354,17931354,17948216
17931608,17931608,17948216
17932012,17932012,17948216
17932968,17932968,17948216
17933681,17933681,17948216
17933689,17933689,17948216
17934085,17934085,17948216
17934500,17934500,17948216
17934529,17934529,17948216
17934912,17934912,17948216
17935001,17935001,17948216
17935041,17935041,17948216
17935483,17935483,17948216
17936745,17936745,17948216
17938366,17938366,17948216
17938841,17938841,17948216
17939409,17939409,17948216
17940440,17940440,17948216
17941024,17941024,17948216
17941078,17941078,17948216
17941656,17941656,17948216
17942042,17942042,17948216
17942062,17942062,17948216
17942154,17942154,17948216
17942724,17942724,17948216
17943181,17943181,17948216
17943203,17943203,17948216
17943388,17943388,17948216
17943583,17943583,17948216
17944535,17944535,17948216
17944560,17944560,17948216
17945109,17945109,17948216
17945280,17945280,17948216
17945566,17945566,17948216
17945633,17945633,17948216
17945985,17945985,17948216
17946026,17946026,17948216
17946114,17946114,17948216
17947178,17947178,17948216
17947256,17947256,17948216
17947508,17947508,17948216
17947632,17947632,17948216
17947652,17947652,17948216
17947821,17947821,17948216
17947910,17947910,17948216
17948192,17948192,17948216
17948416,17948416,19894627
17949416,17949416,19894627
17949522,17949522,19894627
17949554,17949554,19894627
17950549,17950549,19894627
17950914,17950914,19894627
17951097,17951097,19894627
17952103,17952103,19894627
17952143,17952143,19894627
17952462,17952462,19894627
17953123,17953123,19894627
17953165,17953165,19894627
17953375,17953375,19894627
17953752,17953752,19894627
17953763,17953763,19894627
17953885,17953885,19894627
17953929,17953929,19894627
17954446,17954446,19894627
17954623,17954623,19894627
17954895,17954895,19894627
17955227,17955227,19894627
17955688,17955688,19894627
17956879,17956879,19894627
17957447,17957447,19894627
17957587,17957587,19894627
17957609,17957609,19894627
17957738,17957738,19894627
17958454,17958454,19894627
17959257,17959257,19894627
17959415,17959415,19894627
17960458,17960458,19894627
17961196,17961196,19894627
17962132,17962132,19894627
17964537,17964537,19894627
17965962,17965962,19894627
17966395,17966395,19894627
17966550,17966550,19894627
17966744,17966744,19894627
17966890,17966890,19894627
17967032,17967032,19894627
17967479,17967479,19894627
17967895,17967895,19894627
17968974,17968974,19894627
17969506,17969506,19894627
17969525,17969525,19894627
17969544,17969544,19894627
17970713,17970713,19894627
17970843,17970843,19894627
17971717,17971717,19894627
17971880,17971880,19894627
17971900,17971900,19894627
17972759,17972759,19894627
17972908,17972908,19894627
17973145,17973145,19894627
17974264,17974264,19894627
17974849,17974849,19894627
17975307,17975307,19894627
17975447,17975447,19894627
17976263,17976263,19894627
17976461,17976461,19894627
17976900,17976900,19894627
17977886,17977886,19894627
17979150,17979150,19894627
17979366,17979366,19894627
17979995,17979995,19894627
17981708,17981708,19894627
17982177,17982177,19894627
17982597,17982597,19894627
17983133,17983133,19894627
17983710,17983710,19894627
17983839,17983839,19894627
17983840,17983840,19894627
17986504,17986504,19894627
17986681,17986681,19894627
17986740,17986740,19894627
17986842,17986842,19894627
17987648,17987648,19894627
17987679,17987679,19894627
17987750,17987750,19894627
17988267,17988267,19894627
17988452,17988452,19894627
17989160,17989160,19894627
17989516,17989516,19894627
17989568,17989568,19894627
17989581,17989581,19894627
17990117,17990117,19894627
17990437,17990437,19894627
17990457,17990457,19894627
17990520,17990520,19894627
17991313,17991313,19894627
17991481,17991481,19894627
17992222,17992222,19894627
17992297,17992297,19894627
17992886,17992886,19894627
17993252,17993252,19894627
17994213,17994213,19894627
17994894,17994894,19894627
17995002,17995002,19894627
17995227,17995227,19894627
17995298,17995298,19894627
17995309,17995309,19894627
17995413,17995413,19894627
17996413,17996413,19894627
17996416,17996416,19894627
17996501,17996501,19894627
17996908,17996908,19894627
17997420,17997420,19894627
17997465,17997465,19894627
17997480,17997480,19894627
17997990,17997990,19894627
17998213,17998213,19894627
17998292,17998292,19894627
17998497,17998497,19894627
17998970,17998970,19894627
17999095,17999095,19894627
17999291,17999291,19894627
17999427,17999427,19894627
17999439,17999439,19894627
17999540,17999540,19894627
17999908,17999908,19894627
18000092,18000092,19894627
18000144,18000144,19894627
18000688,18000688,19894627
18001001,18001001,19894627
18001170,18001170,19894627
18001625,18001625,19894627
18003062,18003062,19894627
18003130,18003130,19894627
18004043,18004043,19894627
18004394,18004394,19894627
18005438,18005438,19894627
18005673,18005673,19894627
18006741,18006741,19894627
18006937,18006937,19894627
18007486,18007486,19894627
18009011,18009011,19894627
18009076,18009076,19894627
18009756,18009756,19894627
18010242,18010242,19894627
18010602,18010602,19894627
18011219,18011219,19894627
18011434,18011434,19894627
18011925,18011925,19894627
18012164,18012164,19894627
18012256,18012256,19894627
18012628,18012628,19894627
18012782,18012782,19894627
18013318,18013318,19894627
18013366,18013366,19894627
18013872,18013872,19894627
18014085,18014085,19894627
18014313,18014313,19894627
18014617,18014617,19894627
18014672,18014672,19894627
18014905,18014905,19894627
18015234,18015234,19894627
18015440,18015440,19894627
18015745,18015745,19894627
18016101,18016101,19894627
18016412,18016412,19894627
18017232,18017232,19894627
18018592,18018592,19894627
18019698,18019698,19894627
18020176,18020176,19894627
18021634,18021634,19894627
18022142,18022142,19894627
18022419,18022419,19894627
18022779,18022779,19894627
18023216,18023216,19894627
18023509,18023509,19894627
18024056,18024056,19894627
18025111,18025111,19894627
18025491,18025491,19894627
18025672,18025672,19894627
18026405,18026405,19894627
18026599,18026599,19894627
18027306,18027306,19894627
18027391,18027391,19894627
18028598,18028598,19894627
18028703,18028703,19894627
18029172,18029172,19894627
18029559,18029559,19894627
18029622,18029622,19894627
18030258,18030258,19894627
18031741,18031741,19894627
18031758,18031758,19894627
18032222,18032222,19894627
18033179,18033179,19894627
18033207,18033207,19894627
18033488,18033488,19894627
18034181,18034181,19894627
18034973,18034973,19894627
18035464,18035464,19894627
18035959,18035959,19894627
18037528,18037528,19894627
18037629,18037629,19894627
18038283,18038283,19894627
18038477,18038477,19894627
18038741,18038741,19894627
18039579,18039579,19894627
18040714,18040714,19894627
18040743,18040743,19894627
18041491,18041491,19894627
18041780,18041780,19894627
18042520,18042520,19894627
18042836,18042836,19894627
18043456,18043456,19894627
18043566,18043566,19894627
18044350,18044350,19894627
18045769,18045769,19894627
18045984,18045984,19894627
18046034,18046034,19894627
18046326,18046326,19894627
18047095,18047095,19894627
18049520,18049520,19894627
18051031,18051031,19894627
18051880,18051880,19894627
18052186,18052186,19894627
18052265,18052265,19894627
18052572,18052572,19894627
18052681,18052681,19894627
18052905,18052905,19894627
18053132,18053132,19894627
18053218,18053218,19894627
18054231,18054231,19894627
18054287,18054287,19894627
18054397,18054397,19894627
18054547,18054547,19894627
18055717,18055717,19894627
18056169,18056169,19894627
18056619,18056619,19894627
18056895,18056895,19894627
18057114,18057114,19894627
18057508,18057508,19894627
18057786,18057786,19894627
18058843,18058843,19894627
18058873,18058873,19894627
18059425,18059425,19894627
18060873,18060873,19894627
18061371,18061371,19894627
18061447,18061447,19894627
18062645,18062645,19894627
18062915,18062915,19894627
18062920,18062920,19894627
18063450,18063450,19894627
18063850,18063850,19894627
18063868,18063868,19894627
18063897,18063897,19894627
18064131,18064131,19894627
18064211,18064211,19894627
18065003,18065003,19894627
18067609,18067609,19894627
18068116,18068116,19894627
18069116,18069116,19894627
18069455,18069455,19894627
18070175,18070175,19894627
18070300,18070300,19894627
18070433,18070433,19894627
18070730,18070730,19894627
18071567,18071567,19894627
18071596,18071596,19894627
18072091,18072091,19894627
18074273,18074273,19894627
18074531,18074531,19894627
18075513,18075513,19894627
18075945,18075945,19894627
18076206,18076206,19894627
18077101,18077101,19894627
18078311,18078311,19894627
18078546,18078546,19894627
18079222,18079222,19894627
18079580,18079580,19894627
18079820,18079820,19894627
18080443,18080443,19894627
18080603,18080603,19894627
18081001,18081001,19894627
18081578,18081578,19894627
18081989,18081989,19894627
18082526,18082526,19894627
18082827,18082827,19894627
18083147,18083147,19894627
18083389,18083389,19894627
18083557,18083557,19894627
18083612,18083612,19894627
18084514,18084514,19894627
18085988,18085988,19894627
18086823,18086823,19894627
18087174,18087174,19894627
18087556,18087556,19894627
18087714,18087714,19894627
18088107,18088107,19894627
18088301,18088301,19894627
18090773,18090773,19894627
18090802,18090802,19894627
18091379,18091379,19894627
18092257,18092257,19894627
18093370,18093370,19894627
18094223,18094223,19894627
18096199,18096199,19894627
18096449,18096449,19894627
18096868,18096868,19894627
18098152,18098152,19894627
18098343,18098343,19894627
18098852,18098852,19894627
18098935,18098935,19894627
18098940,18098940,19894627
18099138,18099138,19894627
18099232,18099232,19894627
18099259,18099259,19894627
18099793,18099793,19894627
18100364,18100364,19894627
18100487,18100487,19894627
18100755,18100755,19894627
18101776,18101776,19894627
18102717,18102717,19894627
18104123,18104123,19894627
18105046,18105046,19894627
18105264,18105264,19894627
18105761,18105761,19894627
18105885,18105885,19894627
18105924,18105924,19894627
18106588,18106588,19894627
18106752,18106752,19894627
18106902,18106902,19894627
18106951,18106951,19894627
18107779,18107779,19894627
18107884,18107884,19894627
18108442,18108442,19894627
18109213,18109213,19894627
18110144,18110144,19894627
18110406,18110406,19894627
18110803,18110803,19894627
18110874,18110874,19894627
18111013,18111013,19894627
18111318,18111318,19894627
18111418,18111418,19894627
18111654,18111654,19894627
18112371,18112371,19894627
18112767,18112767,19894627
18113202,18113202,19894627
18113516,18113516,19894627
18114174,18114174,19894627
18114180,18114180,19894627
18114551,18114551,19894627
18115679,18115679,19894627
18116739,18116739,19894627
18117875,18117875,19894627
18118858,18118858,19894627
18119223,18119223,19894627
18119957,18119957,19894627
18120460,18120460,19894627
18120649,18120649,19894627
18120668,18120668,19894627
18120744,18120744,19894627
18121527,18121527,19894627
18121647,18121647,19894627
18121744,18121744,19894627
18123412,18123412,19894627
18123812,18123812,19894627
18124310,18124310,19894627
18125746,18125746,19894627
18126060,18126060,19894627
18126849,18126849,19894627
18127058,18127058,19894627
18127423,18127423,19894627
18127479,18127479,19894627
18127787,18127787,19894627
18127853,18127853,19894627
18128457,18128457,19894627
18130110,18130110,19894627
18130427,18130427,19894627
18130597,18130597,19894627
18131142,18131142,19894627
18131339,18131339,19894627
18131572,18131572,19894627
18131622,18131622,19894627
18132503,18132503,19894627
18132581,18132581,19894627
18133472,18133472,19894627
18133574,18133574,19894627
18133819,18133819,19894627
18134195,18134195,19894627
18134870,18134870,19894627
18135209,18135209,19894627
18136144,18136144,19894627
18137018,18137018,19894627
18137108,18137108,19894627
18137525,18137525,19894627
18137635,18137635,19894627
18138413,18138413,19894627
18138483,18138483,19894627
18139084,18139084,19894627
18139355,18139355,19894627
18140233,18140233,19894627
18140343,18140343,19894627
18141251,18141251,19894627
18141821,18141821,19894627
18142199,18142199,19894627
18142574,18142574,19894627
18143355,18143355,19894627
18144795,18144795,19894627
18145921,18145921,19894627
18145993,18145993,19894627
18146047,18146047,19894627
18148212,18148212,19894627
18148578,18148578,19894627
18148663,18148663,19894627
18148781,18148781,19894627
18149790,18149790,19894627
18149977,18149977,19894627
18150480,18150480,19894627
18151183,18151183,19894627
18151276,18151276,19894627
18151948,18151948,19894627
18152618,18152618,19894627
18153374,18153374,19894627
18153600,18153600,19894627
18153712,18153712,19894627
18154309,18154309,19894627
18154633,18154633,19894627
18154735,18154735,19894627
18155261,18155261,19894627
18155601,18155601,19894627
18155915,18155915,19894627
18156409,18156409,19894627
18156604,18156604,19894627
18156899,18156899,19894627
18157203,18157203,19894627
18157594,18157594,19894627
18157915,18157915,19894627
18158710,18158710,19894627
18158922,18158922,19894627
18159344,18159344,19894627
18159422,18159422,19894627
18159447,18159447,19894627
18159499,18159499,19894627
18159730,18159730,19894627
18160070,18160070,19894627
18161973,18161973,19894627
18162375,18162375,19894627
18163471,18163471,19894627
18163600,18163600,19894627
18165632,18165632,19894627
18165691,18165691,19894627
18166054,18166054,19894627
18166371,18166371,19894627
18166476,18166476,19894627
18167238,18167238,19894627
18168606,18168606,19894627
18168682,18168682,19894627
18169358,18169358,19894627
18169640,18169640,19894627
18169779,18169779,19894627
18170437,18170437,19894627
18170951,18170951,19894627
18172371,18172371,19894627
18172477,18172477,19894627
18173747,18173747,19894627
18173872,18173872,19894627
18173993,18173993,19894627
18174033,18174033,19894627
18174751,18174751,19894627
18174868,18174868,19894627
18177407,18177407,19894627
18177429,18177429,19894627
18178434,18178434,19894627
18178445,18178445,19894627
18178768,18178768,19894627
18179275,18179275,19894627
18180044,18180044,19894627
18180209,18180209,19894627
18181210,18181210,19894627
18181486,18181486,19894627
18181917,18181917,19894627
18183045,18183045,19894627
18183472,18183472,19894627
18183612,18183612,19894627
18183732,18183732,19894627
18184342,18184342,19894627
18184354,18184354,19894627
18184448,18184448,19894627
18185704,18185704,19894627
18186422,18186422,19894627
18187069,18187069,19894627
18187213,18187213,19894627
18188072,18188072,19894627
18188312,18188312,19894627
18188507,18188507,19894627
18189678,18189678,19894627
18189681,18189681,19894627
18190366,18190366,19894627
18190520,18190520,19894627
18191091,18191091,19894627
18191522,18191522,19894627
18191762,18191762,19894627
18192003,18192003,19894627
18192033,18192033,19894627
18192436,18192436,19894627
18192571,18192571,19894627
18192624,18192624,19894627
18192907,18192907,19894627
18193366,18193366,19894627
18193377,18193377,19894627
18193589,18193589,19894627
18193969,18193969,19894627
18194001,18194001,19894627
18194046,18194046,19894627
18194149,18194149,19894627
18194543,18194543,19894627
18194772,18194772,19894627
18194941,18194941,19894627
18195087,18195087,19894627
18195231,18195231,19894627
18195771,18195771,19894627
18197963,18197963,19894627
18197979,18197979,19894627
18198175,18198175,19894627
18198774,18198774,19894627
18199213,18199213,19894627
18200051,18200051,19894627
18200604,18200604,19894627
18200637,18200637,19894627
18200825,18200825,19894627
18201245,18201245,19894627
18201446,18201446,19894627
18203835,18203835,19894627
18205444,18205444,19894627
18205799,18205799,19894627
18206360,18206360,19894627
18206486,18206486,19894627
18207506,18207506,19894627
18208003,18208003,19894627
18208220,18208220,19894627
18208882,18208882,19894627
18209011,18209011,19894627
18209200,18209200,19894627
18209280,18209280,19894627
18209949,18209949,19894627
18210269,18210269,19894627
18211925,18211925,19894627
18212881,18212881,19894627
18214129,18214129,19894627
18214259,18214259,19894627
18214726,18214726,19894627
18215355,18215355,19894627
18216123,18216123,19894627
18216230,18216230,19894627
18216629,18216629,19894627
18216905,18216905,19894627
18217883,18217883,19894627
18218897,18218897,19894627
18219143,18219143,19894627
18219231,18219231,19894627
18219859,18219859,19894627
18220787,18220787,19894627
18221273,18221273,19894627
18221886,18221886,19894627
18222092,18222092,19894627
18222263,18222263,19894627
18223109,18223109,19894627
18225241,18225241,19894627
18225559,18225559,19894627
18225684,18225684,19894627
18225793,18225793,19894627
18225838,18225838,19894627
18226017,18226017,19894627
18226221,18226221,19894627
18226638,18226638,19894627
18227614,18227614,19894627
18228372,18228372,19894627
18229761,18229761,19894627
18229912,18229912,19894627
18230239,18230239,19894627
18230878,18230878,19894627
18230995,18230995,19894627
18231392,18231392,19894627
18231946,18231946,19894627
18231958,18231958,19894627
18233337,18233337,19894627
18233405,18233405,19894627
18234121,18234121,19894627
18234245,18234245,19894627
18234418,18234418,19894627
18234518,18234518,19894627
18235794,18235794,19894627
18235823,18235823,19894627
18236159,18236159,19894627
18237122,18237122,19894627
18237383,18237383,19894627
18237406,18237406,19894627
18237572,18237572,19894627
18238035,18238035,19894627
18238513,18238513,19894627
18238791,18238791,19894627
18239021,18239021,19894627
18239110,18239110,19894627
18239316,18239316,19894627
18239494,18239494,19894627
18239559,18239559,19894627
18239844,18239844,19894627
18240216,18240216,19894627
18240500,18240500,19894627
18241418,18241418,19894627
18242064,18242064,19894627
18242276,18242276,19894627
18242979,18242979,19894627
18244369,18244369,19894627
18244402,18244402,19894627
18244628,18244628,19894627
18246093,18246093,19894627
18246156,18246156,19894627
18248294,18248294,19894627
18249109,18249109,19894627
18250708,18250708,19894627
18250739,18250739,19894627
18251060,18251060,19894627
18251343,18251343,19894627
18251842,18251842,19894627
18251857,18251857,19894627
18252342,18252342,19894627
18252365,18252365,19894627
18252446,18252446,19894627
18252513,18252513,19894627
18252884,18252884,19894627
18253277,18253277,19894627
18253716,18253716,19894627
18254545,18254545,19894627
18254647,18254647,19894627
18255047,18255047,19894627
18255795,18255795,19894627
18256386,18256386,19894627
18256593,18256593,19894627
18256854,18256854,19894627
18257120,18257120,19894627
18257800,18257800,19894627
18258286,18258286,19894627
18258511,18258511,19894627
18258941,18258941,19894627
18259463,18259463,19894627
18259465,18259465,19894627
18259479,18259479,19894627
18260259,18260259,19894627
18260486,18260486,19894627
18261061,18261061,19894627
18261554,18261554,19894627
18261644,18261644,19894627
18262300,18262300,19894627
18262826,18262826,19894627
18263424,18263424,19894627
18263487,18263487,19894627
18263649,18263649,19894627
18263696,18263696,19894627
18263937,18263937,19894627
18264172,18264172,19894627
18264876,18264876,19894627
18264879,18264879,19894627
18265312,18265312,19894627
18265677,18265677,19894627
18266374,18266374,19894627
18267232,18267232,19894627
18267549,18267549,19894627
18267812,18267812,19894627
18268361,18268361,19894627
18268673,18268673,19894627
18268909,18268909,19894627
18269330,18269330,19894627
18269350,18269350,19894627
18269422,18269422,19894627
18269788,18269788,19894627
18269955,18269955,19894627
18270322,18270322,19894627
18271439,18271439,19894627
18271473,18271473,19894627
18271811,18271811,19894627
18272878,18272878,19894627
18273202,18273202,19894627
18274517,18274517,19894627
18275326,18275326,19894627
18275377,18275377,19894627
18275404,18275404,19894627
18275710,18275710,19894627
18277323,18277323,19894627
18277834,18277834,19894627
18277935,18277935,19894627
18278164,18278164,19894627
18278340,18278340,19894627
18278512,18278512,19894627
18279934,18279934,19894627
18280622,18280622,19894627
18280744,18280744,19894627
18281481,18281481,19894627
18282033,18282033,19894627
18282677,18282677,19894627
18282751,18282751,19894627
18282760,18282760,19894627
18284224,18284224,19894627
18284764,18284764,19894627
18286855,18286855,19894627
18286922,18286922,19894627
18287001,18287001,19894627
18287183,18287183,19894627
18287308,18287308,19894627
18287569,18287569,19894627
18287997,18287997,19894627
18288424,18288424,19894627
18289257,18289257,19894627
18289568,18289568,19894627
18290832,18290832,19894627
18290955,18290955,19894627
18291339,18291339,19894627
18291850,18291850,19894627
18292154,18292154,19894627
18292488,18292488,19894627
18292712,18292712,19894627
18293078,18293078,19894627
18293647,18293647,19894627
18294127,18294127,19894627
18294246,18294246,19894627
18295493,18295493,19894627
18296018,18296018,19894627
18296686,18296686,19894627
18296736,18296736,19894627
18297065,18297065,19894627
18297118,18297118,19894627
18297278,18297278,19894627
18297321,18297321,19894627
18298046,18298046,19894627
18298306,18298306,19894627
18298374,18298374,19894627
18298584,18298584,19894627
18298651,18298651,19894627
18298787,18298787,19894627
18299807,18299807,19894627
18300250,18300250,19894627
18300517,18300517,19894627
18300769,18300769,19894627
18300828,18300828,19894627
18301281,18301281,19894627
18301404,18301404,19894627
18301882,18301882,19894627
18303352,18303352,19894627
18303668,18303668,19894627
18303669,18303669,19894627
18303917,18303917,19894627
18304093,18304093,19894627
18305399,18305399,19894627
18305610,18305610,19894627
18308258,18308258,19894627
18308429,18308429,19894627
18309152,18309152,19894627
18309235,18309235,19894627
18309296,18309296,19894627
18309342,18309342,19894627
18309527,18309527,19894627
18310121,18310121,19894627
18310333,18310333,19894627
18310703,18310703,19894627
18311178,18311178,19894627
18311313,18311313,19894627
18311487,18311487,19894627
18311791,18311791,19894627
18313117,18313117,19894627
18313342,18313342,19894627
18313455,18313455,19894627
18313846,18313846,19894627
18314136,18314136,19894627
18315150,18315150,19894627
18315278,18315278,19894627
18315376,18315376,19894627
18315879,18315879,19894627
18316671,18316671,19894627
18316930,18316930,19894627
18316994,18316994,19894627
18317111,18317111,19894627
18317562,18317562,19894627
18318515,18318515,19894627
18318874,18318874,19894627
18319591,18319591,19894627
18319860,18319860,19894627
18320871,18320871,19894627
18320909,18320909,19894627
18321050,18321050,19894627
18321265,18321265,19894627
18321703,18321703,19894627
18322006,18322006,19894627
18323400,18323400,19894627
18324057,18324057,19894627
18324841,18324841,19894627
18325058,18325058,19894627
18325175,18325175,19894627
18325290,18325290,19894627
18326511,18326511,19894627
18327358,18327358,19894627
18327757,18327757,19894627
18328385,18328385,19894627
18328525,18328525,19894627
18328804,18328804,19894627
18328999,18328999,19894627
18329609,18329609,19894627
18330056,18330056,19894627
18330415,18330415,19894627
18333026,18333026,19894627
18333361,18333361,19894627
18333954,18333954,19894627
18334356,18334356,19894627
18334440,18334440,19894627
18334622,18334622,19894627
18334802,18334802,19894627
18335551,18335551,19894627
18335857,18335857,19894627
18335912,18335912,19894627
18336602,18336602,19894627
18336763,18336763,19894627
18338304,18338304,19894627
18339211,18339211,19894627
18339896,18339896,19894627
18340029,18340029,19894627
18341517,18341517,19894627
18342146,18342146,19894627
18342283,18342283,19894627
18342946,18342946,19894627
18343438,18343438,19894627
18343640,18343640,19894627
18344269,18344269,19894627
18344846,18344846,19894627
18345274,18345274,19894627
18346789,18346789,19894627
18347213,18347213,19894627
18347585,18347585,19894627
18348355,18348355,19894627
18348505,18348505,19894627
18348834,18348834,19894627
18349660,18349660,19894627
18349723,18349723,19894627
18350518,18350518,19894627
18351384,18351384,19894627
18351421,18351421,19894627
18352433,18352433,19894627
18353360,18353360,19894627
18353773,18353773,19894627
18353995,18353995,19894627
18354040,18354040,19894627
18354508,18354508,19894627
18354596,18354596,19894627
18354877,18354877,19894627
18354906,18354906,19894627
18355029,18355029,19894627
18356697,18356697,19894627
18357558,18357558,19894627
18358400,18358400,19894627
18358457,18358457,19894627
18358493,18358493,19894627
18358581,18358581,19894627
18358987,18358987,19894627
18359284,18359284,19894627
18359757,18359757,19894627
18359997,18359997,19894627
18360365,18360365,19894627
18360942,18360942,19894627
18361031,18361031,19894627
18361118,18361118,19894627
18361575,18361575,19894627
18362126,18362126,19894627
18362364,18362364,19894627
18362905,18362905,19894627
18363356,18363356,19894627
18364023,18364023,19894627
18364255,18364255,19894627
18364604,18364604,19894627
18364716,18364716,19894627
18365043,18365043,19894627
18365568,18365568,19894627
18365586,18365586,19894627
18365794,18365794,19894627
18366090,18366090,19894627
18366141,18366141,19894627
18366592,18366592,19894627
18366793,18366793,19894627
18367041,18367041,19894627
18367894,18367894,19894627
18368226,18368226,19894627
18368240,18368240,19894627
18368621,18368621,19894627
18368687,18368687,19894627
18369433,18369433,19894627
18369448,18369448,19894627
18369473,18369473,19894627
18370425,18370425,19894627
18370891,18370891,19894627
18371526,18371526,19894627
18371718,18371718,19894627
18371808,18371808,19894627
18372410,18372410,19894627
18372570,18372570,19894627
18372848,18372848,19894627
18373795,18373795,19894627
18373843,18373843,19894627
18374131,18374131,19894627
18374850,18374850,19894627
18375101,18375101,19894627
18375182,18375182,19894627
18375227,18375227,19894627
18376939,18376939,19894627
18377442,18377442,19894627
18378046,18378046,19894627
18378328,18378328,19894627
18378384,18378384,19894627
18378709,18378709,19894627
18378885,18378885,19894627
18379195,18379195,19894627
18379595,18379595,19894627
18379949,18379949,19894627
18380496,18380496,19894627
18381067,18381067,19894627
18381580,18381580,19894627
18381756,18381756,19894627
18382254,18382254,19894627
18382453,18382453,19894627
18382883,18382883,19894627
18383250,18383250,19894627
18384072,18384072,19894627
18384610,18384610,19894627
18384756,18384756,19894627
18385547,18385547,19894627
18386337,18386337,19894627
18386498,18386498,19894627
18387555,18387555,19894627
18388121,18388121,19894627
18389078,18389078,19894627
18389129,18389129,19894627
18389283,18389283,19894627
18389368,18389368,19894627
18389672,18389672,19894627
18390172,18390172,19894627
18390203,18390203,19894627
18390550,18390550,19894627
18390699,18390699,19894627
18390836,18390836,19894627
18391228,18391228,19894627
18391268,18391268,19894627
18391564,18391564,19894627
18392135,18392135,19894627
18392451,18392451,19894627
18392536,18392536,19894627
18392834,18392834,19894627
18394198,18394198,19894627
18394463,18394463,19894627
18395317,18395317,19894627
18396432,18396432,19894627
18397266,18397266,19894627
18397877,18397877,19894627
18398414,18398414,19894627
18398564,18398564,19894627
18398715,18398715,19894627
18400382,18400382,19894627
18400505,18400505,19894627
18402018,18402018,19894627
18402606,18402606,19894627
18402609,18402609,19894627
18403178,18403178,19894627
18403180,18403180,19894627
18404151,18404151,19894627
18404181,18404181,19894627
18406074,18406074,19894627
18407411,18407411,19894627
18407688,18407688,19894627
18407823,18407823,19894627
18408002,18408002,19894627
18408638,18408638,19894627
18408828,18408828,19894627
18409365,18409365,19894627
18409451,18409451,19894627
18409846,18409846,19894627
18409854,18409854,19894627
18410169,18410169,19894627
18410970,18410970,19894627
18410986,18410986,19894627
18411418,18411418,19894627
18411691,18411691,19894627
18411766,18411766,19894627
18412284,18412284,19894627
18412599,18412599,19894627
18413625,18413625,19894627
18414212,18414212,19894627
18414269,18414269,19894627
18414489,18414489,19894627
18414936,18414936,19894627
18414967,18414967,19894627
18415300,18415300,19894627
18416222,18416222,19894627
18416353,18416353,19894627
18416601,18416601,19894627
18416661,18416661,19894627
18417603,18417603,19894627
18418240,18418240,19894627
18421100,18421100,19894627
18422086,18422086,19894627
18422327,18422327,19894627
18422424,18422424,19894627
18423434,18423434,19894627
18425276,18425276,19894627
18425630,18425630,19894627
18426991,18426991,19894627
18427153,18427153,19894627
18427464,18427464,19894627
18428077,18428077,19894627
18428512,18428512,19894627
18428550,18428550,19894627
18428796,18428796,19894627
18428924,18428924,19894627
18428956,18428956,19894627
18429638,18429638,19894627
18430033,18430033,19894627
18430725,18430725,19894627
18431614,18431614,19894627
18431980,18431980,19894627
18434827,18434827,19894627
18435812,18435812,19894627
18435854,18435854,19894627
18436556,18436556,19894627
18436809,18436809,19894627
18436839,18436839,19894627
18437007,18437007,19894627
18437594,18437594,19894627
18439117,18439117,19894627
18439252,18439252,19894627
18439914,18439914,19894627
18440010,18440010,19894627
18441360,18441360,19894627
18444478,18444478,19894627
18444598,18444598,19894627
18445358,18445358,19894627
18445418,18445418,19894627
18445945,18445945,19894627
18447268,18447268,19894627
18447581,18447581,19894627
18447820,18447820,19894627
18448106,18448106,19894627
18448236,18448236,19894627
18448296,18448296,19894627
18448319,18448319,19894627
18449777,18449777,19894627
18450117,18450117,19894627
18450436,18450436,19894627
18451348,18451348,19894627
18451592,18451592,19894627
18453438,18453438,19894627
18453503,18453503,19894627
18453912,18453912,19894627
18453958,18453958,19894627
18454708,18454708,19894627
18455280,18455280,19894627
18455480,18455480,19894627
18455574,18455574,19894627
18455607,18455607,19894627
18455621,18455621,19894627
18456717,18456717,19894627
18456960,18456960,19894627
18457569,18457569,19894627
18457758,18457758,19894627
18457846,18457846,19894627
18458426,18458426,19894627
18458748,18458748,19894627
18459126,18459126,19894627
18459318,18459318,19894627
18459323,18459323,19894627
18460028,18460028,19894627
18460039,18460039,19894627
18460951,18460951,19894627
18461154,18461154,19894627
18462552,18462552,19894627
18464237,18464237,19894627
18464565,18464565,19894627
18465222,18465222,19894627
18465363,18465363,19894627
18465749,18465749,19894627
18466727,18466727,19894627
18469558,18469558,19894627
18470086,18470086,19894627
18470393,18470393,19894627
18470551,18470551,19894627
18470830,18470830,19894627
18470849,18470849,19894627
18472854,18472854,19894627
18473035,18473035,19894627
18473433,18473433,19894627
18474102,18474102,19894627
18474534,18474534,19894627
18474605,18474605,19894627
18474710,18474710,19894627
18474809,18474809,19894627
18474884,18474884,19894627
18475802,18475802,19894627
18476885,18476885,19894627
18476926,18476926,19894627
18477009,18477009,19894627
18477234,18477234,19894627
18477533,18477533,19894627
18477566,18477566,19894627
18477709,18477709,19894627
18478623,18478623,19894627
18479323,18479323,19894627
18479416,18479416,19894627
18479661,18479661,19894627
18480071,18480071,19894627
18481964,18481964,19894627
18482271,18482271,19894627
18482782,18482782,19894627
18483006,18483006,19894627
18483177,18483177,19894627
18483307,18483307,19894627
18483311,18483311,19894627
18483425,18483425,19894627
18483661,18483661,19894627
18483750,18483750,19894627
18483762,18483762,19894627
18483939,18483939,19894627
18483980,18483980,19894627
18484009,18484009,19894627
18484610,18484610,19894627
18485364,18485364,19894627
18485642,18485642,19894627
18485690,18485690,19894627
18485754,18485754,19894627
18486248,18486248,19894627
18486981,18486981,19894627
18487061,18487061,19894627
18487514,18487514,19894627
18487975,18487975,19894627
18488096,18488096,19894627
18489194,18489194,19894627
18489447,18489447,19894627
18489908,18489908,19894627
18490409,18490409,19894627
18491051,18491051,19894627
18491098,18491098,19894627
18491466,18491466,19894627
18491835,18491835,19894627
18491885,18491885,19894627
18495031,18495031,19894627
18495119,18495119,19894627
18495332,18495332,19894627
18496940,18496940,19894627
18497150,18497150,19894627
18499116,18499116,19894627
18499303,18499303,19894627
18499804,18499804,19894627
18500400,18500400,19894627
18500452,18500452,19894627
18500481,18500481,19894627
18500504,18500504,19894627
18500709,18500709,19894627
18500838,18500838,19894627
18501726,18501726,19894627
18501747,18501747,19894627
18502154,18502154,19894627
18502619,18502619,19894627
18503053,18503053,19894627
18504566,18504566,19894627
18504816,18504816,19894627
18505050,18505050,19894627
18505294,18505294,19894627
18505661,18505661,19894627
18506870,18506870,19894627
18507633,18507633,19894627
18508268,18508268,19894627
18508876,18508876,19894627
18509429,18509429,19894627
18509577,18509577,19894627
18510618,18510618,19894627
18511237,18511237,19894627
18511994,18511994,19894627
18512153,18512153,19894627
18513082,18513082,19894627
18513290,18513290,19894627
18513587,18513587,19894627
18513642,18513642,19894627
18513712,18513712,19894627
18514918,18514918,19894627
18515324,18515324,19894627
18515689,18515689,19894627
18516075,18516075,19894627
18516716,18516716,19894627
18516959,18516959,19894627
18517551,18517551,19894627
18517670,18517670,19894627
18517745,18517745,19894627
18518363,18518363,19894627
18518886,18518886,19894627
18519035,18519035,19894627
18519803,18519803,19894627
18520450,18520450,19894627
18520578,18520578,19894627
18520587,18520587,19894627
18521368,18521368,19894627
18521388,18521388,19894627
18521448,18521448,19894627
18521491,18521491,19894627
18522656,18522656,19894627
18523341,18523341,19894627
18523359,18523359,19894627
18523389,18523389,19894627
18523597,18523597,19894627
18523691,18523691,19894627
18523954,18523954,19894627
18524308,18524308,19894627
18524563,18524563,19894627
18524689,18524689,19894627
18524695,18524695,19894627
18526392,18526392,19894627
18526415,18526415,19894627
18527181,18527181,19894627
18527618,18527618,19894627
18527930,18527930,19894627
18529737,18529737,19894627
18530149,18530149,19894627
18530238,18530238,19894627
18530401,18530401,19894627
18530442,18530442,19894627
18530501,18530501,19894627
18530520,18530520,19894627
18530693,18530693,19894627
18531283,18531283,19894627
18532811,18532811,19894627
18533061,18533061,19894627
18533488,18533488,19894627
18533498,18533498,19894627
18534447,18534447,19894627
18534597,18534597,19894627
18534608,18534608,19894627
18535066,18535066,19894627
18535316,18535316,19894627
18535947,18535947,19894627
18537324,18537324,19894627
18538093,18538093,19894627
18538127,18538127,19894627
18538157,18538157,19894627
18538312,18538312,19894627
18538691,18538691,19894627
18539368,18539368,19894627
18540154,18540154,19894627
18541804,18541804,19894627
18542199,18542199,19894627
18542626,18542626,19894627
18543459,18543459,19894627
18543732,18543732,19894627
18543862,18543862,19894627
18544161,18544161,19894627
18544175,18544175,19894627
18544280,18544280,19894627
18544769,18544769,19894627
18545699,18545699,19894627
18546136,18546136,19894627
18547326,18547326,19894627
18547571,18547571,19894627
18548766,18548766,19894627
18550202,18550202,19894627
18551566,18551566,19894627
18551949,18551949,19894627
18553522,18553522,19894627
18553705,18553705,19894627
18554523,18554523,19894627
18554602,18554602,19894627
18555672,18555672,19894627
18555935,18555935,19894627
18556579,18556579,19894627
18557019,18557019,19894627
18557556,18557556,19894627
18558037,18558037,19894627
18558825,18558825,19894627
18558883,18558883,19894627
18559108,18559108,19894627
18559914,18559914,19894627
18560099,18560099,19894627
18560194,18560194,19894627
18560416,18560416,19894627
18562095,18562095,19894627
18562183,18562183,19894627
18562371,18562371,19894627
18562521,18562521,19894627
18562711,18562711,19894627
18564048,18564048,19894627
18564876,18564876,19894627
18564899,18564899,19894627
18565160,18565160,19894627
18565543,18565543,19894627
18567219,18567219,19894627
18567411,18567411,19894627
18568732,18568732,19894627
18568984,18568984,19894627
18569425,18569425,19894627
18569809,18569809,19894627
18570669,18570669,19894627
18571230,18571230,19894627
18571311,18571311,19894627
18572485,18572485,19894627
18572595,18572595,19894627
18573435,18573435,19894627
18573651,18573651,19894627
18573703,18573703,19894627
18574106,18574106,19894627
18574483,18574483,19894627
18574793,18574793,19894627
18574917,18574917,19894627
18574981,18574981,19894627
18575092,18575092,19894627
18575336,18575336,19894627
18575353,18575353,19894627
18575405,18575405,19894627
18576518,18576518,19894627
18577288,18577288,19894627
18577561,18577561,19894627
18577660,18577660,19894627
18577990,18577990,19894627
18578015,18578015,19894627
18578094,18578094,19894627
18579369,18579369,19894627
18579802,18579802,19894627
18579850,18579850,19894627
18580731,18580731,19894627
18580926,18580926,19894627
18581217,18581217,19894627
18582022,18582022,19894627
18582678,18582678,19894627
18583120,18583120,19894627
18583346,18583346,19894627
18584332,18584332,19894627
18584406,18584406,19894627
18586180,18586180,19894627
18587189,18587189,19894627
18587843,18587843,19894627
18588197,18588197,19894627
18588301,18588301,19894627
18588305,18588305,19894627
18588790,18588790,19894627
18588827,18588827,19894627
18589436,18589436,19894627
18589679,18589679,19894627
18590783,18590783,19894627
18591343,18591343,19894627
18591477,18591477,19894627
18592110,18592110,19894627
18592362,18592362,19894627
18592691,18592691,19894627
18592899,18592899,19894627
18593039,18593039,19894627
18593221,18593221,19894627
18593541,18593541,19894627
18593627,18593627,19894627
18594307,18594307,19894627
18594880,18594880,19894627
18595395,18595395,19894627
18595708,18595708,19894627
18596058,18596058,19894627
18596651,18596651,19894627
18596991,18596991,19894627
18597733,18597733,19894627
18597880,18597880,19894627
18598281,18598281,19894627
18598294,18598294,19894627
18599751,18599751,19894627
18600832,18600832,19894627
18600906,18600906,19894627
18600968,18600968,19894627
18600973,18600973,19894627
18601269,18601269,19894627
18601430,18601430,19894627
18601476,18601476,19894627
18602937,18602937,19894627
18603215,18603215,19894627
18603775,18603775,19894627
18604031,18604031,19894627
18605110,18605110,19894627
18605991,18605991,19894627
18606041,18606041,19894627
18606055,18606055,19894627
18606171,18606171,19894627
18606660,18606660,19894627
18606838,18606838,19894627
18606997,18606997,19894627
18607845,18607845,19894627
18608181,18608181,19894627
18608692,18608692,19894627
18609103,18609103,19894627
18609443,18609443,19894627
18609482,18609482,19894627
18609556,18609556,19894627
18610498,18610498,19894627
18610731,18610731,19894627
18610750,18610750,19894627
18610826,18610826,19894627
18611937,18611937,19894627
18612162,18612162,19894627
18612681,18612681,19894627
18612980,18612980,19894627
18613007,18613007,19894627
18613243,18613243,19894627
18613553,18613553,19894627
18613771,18613771,19894627
18613803,18613803,19894627
18613876,18613876,19894627
18613891,18613891,19894627
18614030,18614030,19894627
18614950,18614950,19894627
18615239,18615239,19894627
18615447,18615447,19894627
18615556,18615556,19894627
18615871,18615871,19894627
18616702,18616702,19894627
18616965,18616965,19894627
18616987,18616987,19894627
18618203,18618203,19894627
18618659,18618659,19894627
18618803,18618803,19894627
18619189,18619189,19894627
18619327,18619327,19894627
18619537,18619537,19894627
18619596,18619596,19894627
18619843,18619843,19894627
18620132,18620132,19894627
18620802,18620802,19894627
18620935,18620935,19894627
18620976,18620976,19894627
18622066,18622066,19894627
18622260,18622260,19894627
18623193,18623193,19894627
18623510,18623510,19894627
18623615,18623615,19894627
18624654,18624654,19894627
18625720,18625720,19894627
18626431,18626431,19894627
18626894,18626894,19894627
18627827,18627827,19894627
18628515,18628515,19894627
18628949,18628949,19894627
18629649,18629649,19894627
18630459,18630459,19894627
18630613,18630613,19894627
18631052,18631052,19894627
18631989,18631989,19894627
18632057,18632057,19894627
18632519,18632519,19894627
18633411,18633411,19894627
18633594,18633594,19894627
18633620,18633620,19894627
18633988,18633988,19894627
18635599,18635599,19894627
18635729,18635729,19894627
18636133,18636133,19894627
18636858,18636858,19894627
18638167,18638167,19894627
18638337,18638337,19894627
18638585,18638585,19894627
18638931,18638931,19894627
18639673,18639673,19894627
18641003,18641003,19894627
18641275,18641275,19894627
18641485,18641485,19894627
18641750,18641750,19894627
18642281,18642281,19894627
18642543,18642543,19894627
18642799,18642799,19894627
18643667,18643667,19894627
18644753,18644753,19894627
18644755,18644755,19894627
18644839,18644839,19894627
18646077,18646077,19894627
18646619,18646619,19894627
18646725,18646725,19894627
18646756,18646756,19894627
18648199,18648199,19894627
18648425,18648425,19894627
18648570,18648570,19894627
18649570,18649570,19894627
18650572,18650572,19894627
18650609,18650609,19894627
18651400,18651400,19894627
18652512,18652512,19894627
18652889,18652889,19894627
18653109,18653109,19894627
18653658,18653658,19894627
18653833,18653833,19894627
18654179,18654179,19894627
18654598,18654598,19894627
18655567,18655567,19894627
18655573,18655573,19894627
18655858,18655858,19894627
18656318,18656318,19894627
18656493,18656493,19894627
18657606,18657606,19894627
18657663,18657663,19894627
18657876,18657876,19894627
18658181,18658181,19894627
18658873,18658873,19894627
18659160,18659160,19894627
18659832,18659832,19894627
18660963,18660963,19894627
18661406,18661406,19894627
18661568,18661568,19894627
18661603,18661603,19894627
18661687,18661687,19894627
18661744,18661744,19894627
18662265,18662265,19894627
18662466,18662466,19894627
18662892,18662892,19894627
18663185,18663185,19894627
18663786,18663786,19894627
18663956,18663956,19894627
18663986,18663986,19894627
18664791,18664791,19894627
18665388,18665388,19894627
18665407,18665407,19894627
18665473,18665473,19894627
18665782,18665782,19894627
18666069,18666069,19894627
18666081,18666081,19894627
18666244,18666244,19894627
18666701,18666701,19894627
18667132,18667132,19894627
18667320,18667320,19894627
18667555,18667555,19894627
18667735,18667735,19894627
18668306,18668306,19894627
18668433,18668433,19894627
18668456,18668456,19894627
18669270,18669270,19894627
18669359,18669359,19894627
18670060,18670060,19894627
18670705,18670705,19894627
18670816,18670816,19894627
18671623,18671623,19894627
18671627,18671627,19894627
18671936,18671936,19894627
18672589,18672589,19894627
18672620,18672620,19894627
18673021,18673021,19894627
18674890,18674890,19894627
18677237,18677237,19894627
18677306,18677306,19894627
18677355,18677355,19894627
18677499,18677499,19894627
18677920,18677920,19894627
18678241,18678241,19894627
18679270,18679270,19894627
18680438,18680438,19894627
18680483,18680483,19894627
18680910,18680910,19894627
18680991,18680991,19894627
18682276,18682276,19894627
18682351,18682351,19894627
18682437,18682437,19894627
18682486,18682486,19894627
18682649,18682649,19894627
18683303,18683303,19894627
18683776,18683776,19894627
18683818,18683818,19894627
18684201,18684201,19894627
18685748,18685748,19894627
18685904,18685904,19894627
18686343,18686343,19894627
18686922,18686922,19894627
18686951,18686951,19894627
18687331,18687331,19894627
18688307,18688307,19894627
18688779,18688779,19894627
18690719,18690719,19894627
18690951,18690951,19894627
18691728,18691728,19894627
18692138,18692138,19894627
18692674,18692674,19894627
18692891,18692891,19894627
18693099,18693099,19894627
18693596,18693596,19894627
18693739,18693739,19894627
18694044,18694044,19894627
18694487,18694487,19894627
18694523,18694523,19894627
18694545,18694545,19894627
18694803,18694803,19894627
18694919,18694919,19894627
18695670,18695670,19894627
18696598,18696598,19894627
18698473,18698473,19894627
18699052,18699052,19894627
18699450,18699450,19894627
18699892,18699892,19894627
18700098,18700098,19894627
18700205,18700205,19894627
18701511,18701511,19894627
18703189,18703189,19894627
18703218,18703218,19894627
18703817,18703817,19894627
18704074,18704074,19894627
18704736,18704736,19894627
18704753,18704753,19894627
18705109,18705109,19894627
18706259,18706259,19894627
18707019,18707019,19894627
18707479,18707479,19894627
18707621,18707621,19894627
18707756,18707756,19894627
18708008,18708008,19894627
18708211,18708211,19894627
18709261,18709261,19894627
18709940,18709940,19894627
18710056,18710056,19894627
18710509,18710509,19894627
18710565,18710565,19894627
18710713,18710713,19894627
18710892,18710892,19894627
18711125,18711125,19894627
18711797,18711797,19894627
18712923,18712923,19894627
18714056,18714056,19894627
18714075,18714075,19894627
18714438,18714438,19894627
18714581,18714581,19894627
18714885,18714885,19894627
18715697,18715697,19894627
18715761,18715761,19894627
18716344,18716344,19894627
18716828,18716828,19894627
18717059,18717059,19894627
18718874,18718874,19894627
18719377,18719377,19894627
18719620,18719620,19894627
18719826,18719826,19894627
18720166,18720166,19894627
18720809,18720809,19894627
18721250,18721250,19894627
18721512,18721512,19894627
18721793,18721793,19894627
18722255,18722255,19894627
18723456,18723456,19894627
18723788,18723788,19894627
18724131,18724131,19894627
18724851,18724851,19894627
18725804,18725804,19894627
18726350,18726350,19894627
18727320,18727320,19894627
18727608,18727608,19894627
18728122,18728122,19894627
18728609,18728609,19894627
18732846,18732846,19894627
18732938,18732938,19894627
18733823,18733823,19894627
18733997,18733997,19894627
18734211,18734211,19894627
18735803,18735803,19894627
18735935,18735935,19894627
18736022,18736022,19894627
18736089,18736089,19894627
18736337,18736337,19894627
18737034,18737034,19894627
18737117,18737117,19894627
18737372,18737372,19894627
18738031,18738031,19894627
18738289,18738289,19894627
18738566,18738566,19894627
18740559,18740559,19894627
18740631,18740631,19894627
18741637,18741637,19894627
18742584,18742584,19894627
18743014,18743014,19894627
18743233,18743233,19894627
18743574,18743574,19894627
18743897,18743897,19894627
18744086,18744086,19894627
18744224,18744224,19894627
18744472,18744472,19894627
18744646,18744646,19894627
18745029,18745029,19894627
18745795,18745795,19894627
18746010,18746010,19894627
18746607,18746607,19894627
18746617,18746617,19894627
18746811,18746811,19894627
18746900,18746900,19894627
18747220,18747220,19894627
18747568,18747568,19894627
18748302,18748302,19894627
18748714,18748714,19894627
18748884,18748884,19894627
18748980,18748980,19894627
18749380,18749380,19894627
18749684,18749684,19894627
18750415,18750415,19894627
18751238,18751238,19894627
18752025,18752025,19894627
18752194,18752194,19894627
18752661,18752661,19894627
18752919,18752919,19894627
18753138,18753138,19894627
18753302,18753302,19894627
18754511,18754511,19894627
18754640,18754640,19894627
18754919,18754919,19894627
18755214,18755214,19894627
18755585,18755585,19894627
18756297,18756297,19894627
18756474,18756474,19894627
18756571,18756571,19894627
18757213,18757213,19894627
18757717,18757717,19894627
18758001,18758001,19894627
18758096,18758096,19894627
18758140,18758140,19894627
18758740,18758740,19894627
18759435,18759435,19894627
18759780,18759780,19894627
18760023,18760023,19894627
18760902,18760902,19894627
18761159,18761159,19894627
18761750,18761750,19894627
18762872,18762872,19894627
18763162,18763162,19894627
18763580,18763580,19894627
18764931,18764931,19894627
18765230,18765230,19894627
18765455,18765455,19894627
18766707,18766707,19894627
18767242,18767242,19894627
18767377,18767377,19894627
18767540,18767540,19894627
18768013,18768013,19894627
18768379,18768379,19894627
18768416,18768416,19894627
18768671,18768671,19894627
18770084,18770084,19894627
18770756,18770756,19894627
18771282,18771282,19894627
18771554,18771554,19894627
18771659,18771659,19894627
18772417,18772417,19894627
18773036,18773036,19894627
18773174,18773174,19894627
18773383,18773383,19894627
18773748,18773748,19894627
18774505,18774505,19894627
18775089,18775089,19894627
18775135,18775135,19894627
18775210,18775210,19894627
18775452,18775452,19894627
18775755,18775755,19894627
18776139,18776139,19894627
18776206,18776206,19894627
18776316,18776316,19894627
18776761,18776761,19894627
18776950,18776950,19894627
18777242,18777242,19894627
18778985,18778985,19894627
18779973,18779973,19894627
18780286,18780286,19894627
18780459,18780459,19894627
18781155,18781155,19894627
18781279,18781279,19894627
18781355,18781355,19894627
18782890,18782890,19894627
18784095,18784095,19894627
18784096,18784096,19894627
18784549,18784549,19894627
18784692,18784692,19894627
18784919,18784919,19894627
18785473,18785473,19894627
18785602,18785602,19894627
18786303,18786303,19894627
18786599,18786599,19894627
18786831,18786831,19894627
18786838,18786838,19894627
18788477,18788477,19894627
18788494,18788494,19894627
18789376,18789376,19894627
18789694,18789694,19894627
18790063,18790063,19894627
18790341,18790341,19894627
18790412,18790412,19894627
18791334,18791334,19894627
18791523,18791523,19894627
18791523,18791523,19894627
18791829,18791829,19894627
18792128,18792128,19894627
18792490,18792490,19894627
18792522,18792522,19894627
18792588,18792588,19894627
18792971,18792971,19894627
18793540,18793540,19894627
18793558,18793558,19894627
18794541,18794541,19894627
18794724,18794724,19894627
18794810,18794810,19894627
18794815,18794815,19894627
18794864,18794864,19894627
18795052,18795052,19894627
18795941,18795941,19894627
18795944,18795944,19894627
18796032,18796032,19894627
18796185,18796185,19894627
18797289,18797289,19894627
18797724,18797724,19894627
18798409,18798409,19894627
18799231,18799231,19894627
18800092,18800092,19894627
18800484,18800484,19894627
18800949,18800949,19894627
18802450,18802450,19894627
18802898,18802898,19894627
18803215,18803215,19894627
18803237,18803237,19894627
18803285,18803285,19894627
18803969,18803969,19894627
18804048,18804048,19894627
18804162,18804162,19894627
18804667,18804667,19894627
18807498,18807498,19894627
18807770,18807770,19894627
18808195,18808195,19894627
18808316,18808316,19894627
18808678,18808678,19894627
18809402,18809402,19894627
18810453,18810453,19894627
18810769,18810769,19894627
18810865,18810865,19894627
18810937,18810937,19894627
18811052,18811052,19894627
18811130,18811130,19894627
18811729,18811729,19894627
18812109,18812109,19894627
18812389,18812389,19894627
18812439,18812439,19894627
18812972,18812972,19894627
18815012,18815012,19894627
18815221,18815221,19894627
18815381,18815381,19894627
18816708,18816708,19894627
18817981,18817981,19894627
18818012,18818012,19894627
18818732,18818732,19894627
18819357,18819357,19894627
18819638,18819638,19894627
18819700,18819700,19894627
18819818,18819818,19894627
18820056,18820056,19894627
18820633,18820633,19894627
18820689,18820689,19894627
18820766,18820766,19894627
18821621,18821621,19894627
18822295,18822295,19894627
18822444,18822444,19894627
18823342,18823342,19894627
18823611,18823611,19894627
18823857,18823857,19894627
18824072,18824072,19894627
18824115,18824115,19894627
18824217,18824217,19894627
18824465,18824465,19894627
18827220,18827220,19894627
18827596,18827596,19894627
18827641,18827641,19894627
18827770,18827770,19894627
18829623,18829623,19894627
18829734,18829734,19894627
18829900,18829900,19894627
18830318,18830318,19894627
18830683,18830683,19894627
18830741,18830741,19894627
18831125,18831125,19894627
18833321,18833321,19894627
18833913,18833913,19894627
18834505,18834505,19894627
18835890,18835890,19894627
18837118,18837118,19894627
18837377,18837377,19894627
18837767,18837767,19894627
18837885,18837885,19894627
18838156,18838156,19894627
18838726,18838726,19894627
18838759,18838759,19894627
18838844,18838844,19894627
18839322,18839322,19894627
18839634,18839634,19894627
18839675,18839675,19894627
18839887,18839887,19894627
18841172,18841172,19894627
18841588,18841588,19894627
18841636,18841636,19894627
18842191,18842191,19894627
18842333,18842333,19894627
18842409,18842409,19894627
18842412,18842412,19894627
18842661,18842661,19894627
18843228,18843228,19894627
18843553,18843553,19894627
18843594,18843594,19894627
18843930,18843930,19894627
18844195,18844195,19894627
18844457,18844457,19894627
18844526,18844526,19894627
18844590,18844590,19894627
18844730,18844730,19894627
18844899,18844899,19894627
18845500,18845500,19894627
18845714,18845714,19894627
18845792,18845792,19894627
18845992,18845992,19894627
18846414,18846414,19894627
18846893,18846893,19894627
18846953,18846953,19894627
18847038,18847038,19894627
18848875,18848875,19894627
18849787,18849787,19894627
18849858,18849858,19894627
18850973,18850973,19894627
18851072,18851072,19894627
18851224,18851224,19894627
18852431,18852431,19894627
18853135,18853135,19894627
18853218,18853218,19894627
18853582,18853582,19894627
18853607,18853607,19894627
18853865,18853865,19894627
18854447,18854447,19894627
18854518,18854518,19894627
18855123,18855123,19894627
18855424,18855424,19894627
18856063,18856063,19894627
18856128,18856128,19894627
18856866,18856866,19894627
18856885,18856885,19894627
18857137,18857137,19894627
18857412,18857412,19894627
18857447,18857447,19894627
18858348,18858348,19894627
18859138,18859138,19894627
18859511,18859511,19894627
18859804,18859804,19894627
18860330,18860330,19894627
18860570,18860570,19894627
18861281,18861281,19894627
18861675,18861675,19894627
18862421,18862421,19894627
18862519,18862519,19894627
18863467,18863467,19894627
18863865,18863865,19894627
18864135,18864135,19894627
18864298,18864298,19894627
18864409,18864409,19894627
18864442,18864442,19894627
18865187,18865187,19894627
18866958,18866958,19894627
18867009,18867009,19894627
18867405,18867405,19894627
18867604,18867604,19894627
18868253,18868253,19894627
18868523,18868523,19894627
18869552,18869552,19894627
18869715,18869715,19894627
18870564,18870564,19894627
18870882,18870882,19894627
18871115,18871115,19894627
18871683,18871683,19894627
18873053,18873053,19894627
18873144,18873144,19894627
18874785,18874785,19894627
18875091,18875091,19894627
18875665,18875665,19894627
18876124,18876124,19894627
18876670,18876670,19894627
18876720,18876720,19894627
18877085,18877085,19894627
18878462,18878462,19894627
18878550,18878550,19894627
18878756,18878756,19894627
18879637,18879637,19894627
18879826,18879826,19894627
18879992,18879992,19894627
18880499,18880499,19894627
18880633,18880633,19894627
18880671,18880671,19894627
18880862,18880862,19894627
18881357,18881357,19894627
18881414,18881414,19894627
18882092,18882092,19894627
18882215,18882215,19894627
18883035,18883035,19894627
18883074,18883074,19894627
18883448,18883448,19894627
18883653,18883653,19894627
18884244,18884244,19894627
18885192,18885192,19894627
18885236,18885236,19894627
18885330,18885330,19894627
18885521,18885521,19894627
18885571,18885571,19894627
18885630,18885630,19894627
18886062,18886062,19894627
18886182,18886182,19894627
18886276,18886276,19894627
18886348,18886348,19894627
18887355,18887355,19894627
18887396,18887396,19894627
18887533,18887533,19894627
18887539,18887539,19894627
18887698,18887698,19894627
18889282,18889282,19894627
18889619,18889619,19894627
18889658,18889658,19894627
18890108,18890108,19894627
18890563,18890563,19894627
18890830,18890830,19894627
18890860,18890860,19894627
18891378,18891378,19894627
18891668,18891668,19894627
18892865,18892865,19894627
18892996,18892996,19894627
18893148,18893148,19894627
18893642,18893642,19894627
18894099,18894099,19894627
18894290,18894290,19894627
18895112,18895112,19894627
18895268,18895268,19894627
18896968,18896968,19894627
18898110,18898110,19894627
18898399,18898399,19894627
18898599,18898599,19894627
18899457,18899457,19894627
18899791,18899791,19894627
18899972,18899972,19894627
18900276,18900276,19894627
18900345,18900345,19894627
18901501,18901501,19894627
18901871,18901871,19894627
18902775,18902775,19894627
18904361,18904361,19894627
18905664,18905664,19894627
18906900,18906900,19894627
18906988,18906988,19894627
18907582,18907582,19894627
18907937,18907937,19894627
18909091,18909091,19894627
18909619,18909619,19894627
18910283,18910283,19894627
18910394,18910394,19894627
18910800,18910800,19894627
18910989,18910989,19894627
18911471,18911471,19894627
18911727,18911727,19894627
18912848,18912848,19894627
18913105,18913105,19894627
18913234,18913234,19894627
18913380,18913380,19894627
18913632,18913632,19894627
18913774,18913774,19894627
18914083,18914083,19894627
18914405,18914405,19894627
18914861,18914861,19894627
18915842,18915842,19894627
18916528,18916528,19894627
18916646,18916646,19894627
18918620,18918620,19894627
18918665,18918665,19894627
18919163,18919163,19894627
18920226,18920226,19894627
18921295,18921295,19894627
18921851,18921851,19894627
18923143,18923143,19894627
18923891,18923891,19894627
18924399,18924399,19894627
18924750,18924750,19894627
18925071,18925071,19894627
18925176,18925176,19894627
18927883,18927883,19894627
18928824,18928824,19894627
18930849,18930849,19894627
18931008,18931008,19894627
18931825,18931825,19894627
18932488,18932488,19894627
18933107,18933107,19894627
18934099,18934099,19894627
18934549,18934549,19894627
18935271,18935271,19894627
18935317,18935317,19894627
18936669,18936669,19894627
18936831,18936831,19894627
18936986,18936986,19894627
18937553,18937553,19894627
18937992,18937992,19894627
18938949,18938949,19894627
18939762,18939762,19894627
18939953,18939953,19894627
18940183,18940183,19894627
18940372,18940372,19894627
18940727,18940727,19894627
18940743,18940743,19894627
18941167,18941167,19894627
18943188,18943188,19894627
18943588,18943588,19894627
18943917,18943917,19894627
18944250,18944250,19894627
18944402,18944402,19894627
18945015,18945015,19894627
18945329,18945329,19894627
18946312,18946312,19894627
18946581,18946581,19894627
18947448,18947448,19894627
18947534,18947534,19894627
18948023,18948023,19894627
18948644,18948644,19894627
18949415,18949415,19894627
18949589,18949589,19894627
18949882,18949882,19894627
18949935,18949935,19894627
18950477,18950477,19894627
18950552,18950552,19894627
18950753,18950753,19894627
18950773,18950773,19894627
18950932,18950932,19894627
18950954,18950954,19894627
18951043,18951043,19894627
18951755,18951755,19894627
18952058,18952058,19894627
18952636,18952636,19894627
18953316,18953316,19894627
18955378,18955378,19894627
18955392,18955392,19894627
18956910,18956910,19894627
18957067,18957067,19894627
18957089,18957089,19894627
18958100,18958100,19894627
18958518,18958518,19894627
18958528,18958528,19894627
18958970,18958970,19894627
18959053,18959053,19894627
18959640,18959640,19894627
18960154,18960154,19894627
18960365,18960365,19894627
18960558,18960558,19894627
18960636,18960636,19894627
18960745,18960745,19894627
18961141,18961141,19894627
18961513,18961513,19894627
18961655,18961655,19894627
18961741,18961741,19894627
18965160,18965160,19894627
18965699,18965699,19894627
18966233,18966233,19894627
18966714,18966714,19894627
18966804,18966804,19894627
18967072,18967072,19894627
18967374,18967374,19894627
18967953,18967953,19894627
18968267,18968267,19894627
18968327,18968327,19894627
18969672,18969672,19894627
18970858,18970858,19894627
18970914,18970914,19894627
18971481,18971481,19894627
18971728,18971728,19894627
18971868,18971868,19894627
18972122,18972122,19894627
18972291,18972291,19894627
18973809,18973809,19894627
18974147,18974147,19894627
18974198,18974198,19894627
18974262,18974262,19894627
18974518,18974518,19894627
18975095,18975095,19894627
18975415,18975415,19894627
18975518,18975518,19894627
18976162,18976162,19894627
18977390,18977390,19894627
18977817,18977817,19894627
18978265,18978265,19894627
18978374,18978374,19894627
18978481,18978481,19894627
18979721,18979721,19894627
18979842,18979842,19894627
18980568,18980568,19894627
18981790,18981790,19894627
18982658,18982658,19894627
18982938,18982938,19894627
18984223,18984223,19894627
18984794,18984794,19894627
18984855,18984855,19894627
18985215,18985215,19894627
18985388,18985388,19894627
18986147,18986147,19894627
18986219,18986219,19894627
18986398,18986398,19894627
18986413,18986413,19894627
18986512,18986512,19894627
18986919,18986919,19894627
18987707,18987707,19894627
18987832,18987832,19894627
18987888,18987888,19894627
18988536,18988536,19894627
18988922,18988922,19894627
18989464,18989464,19894627
18989819,18989819,19894627
18990072,18990072,19894627
18990250,18990250,19894627
18991121,18991121,19894627
18991901,18991901,19894627
18992230,18992230,19894627
18992622,18992622,19894627
18992917,18992917,19894627
18993063,18993063,19894627
18993400,18993400,19894627
18993529,18993529,19894627
18993779,18993779,19894627
18993836,18993836,19894627
18994130,18994130,19894627
18994305,18994305,19894627
18994611,18994611,19894627
18994761,18994761,19894627
18995726,18995726,19894627
18996824,18996824,19894627
18997226,18997226,19894627
18997403,18997403,19894627
18997465,18997465,19894627
18998104,18998104,19894627
18999250,18999250,19894627
18999495,18999495,19894627
19000090,19000090,19894627
19000869,19000869,19894627
19001555,19001555,19894627
19002179,19002179,19894627
19002229,19002229,19894627
19002523,19002523,19894627
19004148,19004148,19894627
19004284,19004284,19894627
19004493,19004493,19894627
19005268,19005268,19894627
19005597,19005597,19894627
19007073,19007073,19894627
19007857,19007857,19894627
19008199,19008199,19894627
19008217,19008217,19894627
19008879,19008879,19894627
19009211,19009211,19894627
19009407,19009407,19894627
19009661,19009661,19894627
19010015,19010015,19894627
19011407,19011407,19894627
19012154,19012154,19894627
19012303,19012303,19894627
19012344,19012344,19894627
19012558,19012558,19894627
19012572,19012572,19894627
19012684,19012684,19894627
19012839,19012839,19894627
19012934,19012934,19894627
19013124,19013124,19894627
19013645,19013645,19894627
19013952,19013952,19894627
19013980,19013980,19894627
19015087,19015087,19894627
19016338,19016338,19894627
19016366,19016366,19894627
19016846,19016846,19894627
19017315,19017315,19894627
19017535,19017535,19894627
19017726,19017726,19894627
19017801,19017801,19894627
19018166,19018166,19894627
19018181,19018181,19894627
19018410,19018410,19894627
19018918,19018918,19894627
19019102,19019102,19894627
19019573,19019573,19894627
19019846,19019846,19894627
19020928,19020928,19894627
19020984,19020984,19894627
19021238,19021238,19894627
19022330,19022330,19894627
19024018,19024018,19894627
19024935,19024935,19894627
19025523,19025523,19894627
19026276,19026276,19894627
19026556,19026556,19894627
19027083,19027083,19894627
19027548,19027548,19894627
19027716,19027716,19894627
19027759,19027759,19894627
19027765,19027765,19894627
19027834,19027834,19894627
19027846,19027846,19894627
19028197,19028197,19894627
19028987,19028987,19894627
19029400,19029400,19894627
19030491,19030491,19894627
19034158,19034158,19894627
19034259,19034259,19894627
19034794,19034794,19894627
19035846,19035846,19894627
19035931,19035931,19894627
19036196,19036196,19894627
19037206,19037206,19894627
19037409,19037409,19894627
19037496,19037496,19894627
19037736,19037736,19894627
19037997,19037997,19894627
19038308,19038308,19894627
19038356,19038356,19894627
19039849,19039849,19894627
19040364,19040364,19894627
19040842,19040842,19894627
19041000,19041000,19894627
19041264,19041264,19894627
19042898,19042898,19894627
19044486,19044486,19894627
19044495,19044495,19894627
19045423,19045423,19894627
19046052,19046052,19894627
19046167,19046167,19894627
19046948,19046948,19894627
19049790,19049790,19894627
19049960,19049960,19894627
19050724,19050724,19894627
19050930,19050930,19894627
19051994,19051994,19894627
19052735,19052735,19894627
19053619,19053619,19894627
19054024,19054024,19894627
19054821,19054821,19894627
19055112,19055112,19894627
19056564,19056564,19894627
19057040,19057040,19894627
19057089,19057089,19894627
19057132,19057132,19894627
19057166,19057166,19894627
19057203,19057203,19894627
19057210,19057210,19894627
19057275,19057275,19894627
19057806,19057806,19894627
19057962,19057962,19894627
19057979,19057979,19894627
19058029,19058029,19894627
19058105,19058105,19894627
19059218,19059218,19894627
19059238,19059238,19894627
19059631,19059631,19894627
19059736,19059736,19894627
19061080,19061080,19894627
19061175,19061175,19894627
19062097,19062097,19894627
19062234,19062234,19894627
19062807,19062807,19894627
19063292,19063292,19894627
19063668,19063668,19894627
19064478,19064478,19894627
19064859,19064859,19894627
19065641,19065641,19894627
19065918,19065918,19894627
19067094,19067094,19894627
19067531,19067531,19894627
19067654,19067654,19894627
19068818,19068818,19894627
19068848,19068848,19894627
19068912,19068912,19894627
19068967,19068967,19894627
19069398,19069398,19894627
19069691,19069691,19894627
19069757,19069757,19894627
19070004,19070004,19894627
19070157,19070157,19894627
19071313,19071313,19894627
19071388,19071388,19894627
19071747,19071747,19894627
19072208,19072208,19894627
19072416,19072416,19894627
19073053,19073053,19894627
19073822,19073822,19894627
19073962,19073962,19894627
19073974,19073974,19894627
19074090,19074090,19894627
19074708,19074708,19894627
19075005,19075005,19894627
19075572,19075572,19894627
19075719,19075719,19894627
19076826,19076826,19894627
19076897,19076897,19894627
19077197,19077197,19894627
19077225,19077225,19894627
19078968,19078968,19894627
19079289,19079289,19894627
19080763,19080763,19894627
19080861,19080861,19894627
19080895,19080895,19894627
19081572,19081572,19894627
19082228,19082228,19894627
19083975,19083975,19894627
19084112,19084112,19894627
19084667,19084667,19894627
19085104,19085104,19894627
19085999,19085999,19894627
19086053,19086053,19894627
19087528,19087528,19894627
19088068,19088068,19894627
19088491,19088491,19894627
19088548,19088548,19894627
19088791,19088791,19894627
19089384,19089384,19894627
19091856,19091856,19894627
19092242,19092242,19894627
19094828,19094828,19894627
19095132,19095132,19894627
19095339,19095339,19894627
19095598,19095598,19894627
19095895,19095895,19894627
19096544,19096544,19894627
19097227,19097227,19894627
19098241,19098241,19894627
19099112,19099112,19894627
19099418,19099418,19894627
19099553,19099553,19894627
19100287,19100287,19894627
19100476,19100476,19894627
19100491,19100491,19894627
19100709,19100709,19894627
19102906,19102906,19894627
19102941,19102941,19894627
19103201,19103201,19894627
19104082,19104082,19894627
19104256,19104256,19894627
19104392,19104392,19894627
19104622,19104622,19894627
19105316,19105316,19894627
19105359,19105359,19894627
19105445,19105445,19894627
19105547,19105547,19894627
19105662,19105662,19894627
19105679,19105679,19894627
19106268,19106268,19894627
19107200,19107200,19894627
19108024,19108024,19894627
19108386,19108386,19894627
19108568,19108568,19894627
19109343,19109343,19894627
19109409,19109409,19894627
19110212,19110212,19894627
19111095,19111095,19894627
19111445,19111445,19894627
19111906,19111906,19894627
19112699,19112699,19894627
19113516,19113516,19894627
19113867,19113867,19894627
19114025,19114025,19894627
19114512,19114512,19894627
19114843,19114843,19894627
19115042,19115042,19894627
19116376,19116376,19894627
19116732,19116732,19894627
19117368,19117368,19894627
19117904,19117904,19894627
19118782,19118782,19894627
19119089,19119089,19894627
19119246,19119246,19894627
19119409,19119409,19894627
19119459,19119459,19894627
19120081,19120081,19894627
19120097,19120097,19894627
19120172,19120172,19894627
19120420,19120420,19894627
19121036,19121036,19894627
19121536,19121536,19894627
19121724,19121724,19894627
19122732,19122732,19894627
19123527,19123527,19894627
19123811,19123811,19894627
19124007,19124007,19894627
19124160,19124160,19894627
19124271,19124271,19894627
19124738,19124738,19894627
19126021,19126021,19894627
19126419,19126419,19894627
19126439,19126439,19894627
19126458,19126458,19894627
19126500,19126500,19894627
19126696,19126696,19894627
19126847,19126847,19894627
19127199,19127199,19894627
19128076,19128076,19894627
19130667,19130667,19894627
19130692,19130692,19894627
19131683,19131683,19894627
19131726,19131726,19894627
19132160,19132160,19894627
19132772,19132772,19894627
19134682,19134682,19894627
19134688,19134688,19894627
19135430,19135430,19894627
19135723,19135723,19894627
19136592,19136592,19894627
19136995,19136995,19894627
19137133,19137133,19894627
19138296,19138296,19894627
19138583,19138583,19894627
19138686,19138686,19894627
19139280,19139280,19894627
19139586,19139586,19894627
19140755,19140755,19894627
19140814,19140814,19894627
19141128,19141128,19894627
19143491,19143491,19894627
19143576,19143576,19894627
19143815,19143815,19894627
19144485,19144485,19894627
19146695,19146695,19894627
19147509,19147509,19894627
19147936,19147936,19894627
19148267,19148267,19894627
19148866,19148866,19894627
19148984,19148984,19894627
19149767,19149767,19894627
19150478,19150478,19894627
19150789,19150789,19894627
19150820,19150820,19894627
19151292,19151292,19894627
19151475,19151475,19894627
19152862,19152862,19894627
19153455,19153455,19894627
19153695,19153695,19894627
19154870,19154870,19894627
19155118,19155118,19894627
19155230,19155230,19894627
19155290,19155290,19894627
19156232,19156232,19894627
19156241,19156241,19894627
19156791,19156791,19894627
19157070,19157070,19894627
19157438,19157438,19894627
19157450,19157450,19894627
19157904,19157904,19894627
19159499,19159499,19894627
19159792,19159792,19894627
19159848,19159848,19894627
19160215,19160215,19894627
19160289,19160289,19894627
19160522,19160522,19894627
19162754,19162754,19894627
19162808,19162808,19894627
19163427,19163427,19894627
19164216,19164216,19894627
19164504,19164504,19894627
19164734,19164734,19894627
19165604,19165604,19894627
19166695,19166695,19894627
19167110,19167110,19894627
19167904,19167904,19894627
19168148,19168148,19894627
19169156,19169156,19894627
19170130,19170130,19894627
19170338,19170338,19894627
19170339,19170339,19894627
19171068,19171068,19894627
19171960,19171960,19894627
19172158,19172158,19894627
19172406,19172406,19894627
19172979,19172979,19894627
19173669,19173669,19894627
19174377,19174377,19894627
19174434,19174434,19894627
19174790,19174790,19894627
19174962,19174962,19894627
19175592,19175592,19894627
19176728,19176728,19894627
19176930,19176930,19894627
19176994,19176994,19894627
19178667,19178667,19894627
19178747,19178747,19894627
19179392,19179392,19894627
19180072,19180072,19894627
19180110,19180110,19894627
19181653,19181653,19894627
19182311,19182311,19894627
19182719,19182719,19894627
19182786,19182786,19894627
19183031,19183031,19894627
19183846,19183846,19894627
19183957,19183957,19894627
19183967,19183967,19894627
19184712,19184712,19894627
19184940,19184940,19894627
19185073,19185073,19894627
19185203,19185203,19894627
19186090,19186090,19894627
19186368,19186368,19894627
19187054,19187054,19894627
19187419,19187419,19894627
19188578,19188578,19894627
19189223,19189223,19894627
19190831,19190831,19894627
19190852,19190852,19894627
19190912,19190912,19894627
19191067,19191067,19894627
19192697,19192697,19894627
19193060,19193060,19894627
19193101,19193101,19894627
19193213,19193213,19894627
19193250,19193250,19894627
19193269,19193269,19894627
19193295,19193295,19894627
19193516,19193516,19894627
19193843,19193843,19894627
19194377,19194377,19894627
19194912,19194912,19894627
19195162,19195162,19894627
19195500,19195500,19894627
19196610,19196610,19894627
19196855,19196855,19894627
19197463,19197463,19894627
19198452,19198452,19894627
19199216,19199216,19894627
19199968,19199968,19894627
19199987,19199987,19894627
19201053,19201053,19894627
19202063,19202063,19894627
19202777,19202777,19894627
19203010,19203010,19894627
19203047,19203047,19894627
19203085,19203085,19894627
19203413,19203413,19894627
19203976,19203976,19894627
19204063,19204063,19894627
19204633,19204633,19894627
19204727,19204727,19894627
19205305,19205305,19894627
19206209,19206209,19894627
19206567,19206567,19894627
19206953,19206953,19894627
19207210,19207210,19894627
19208367,19208367,19894627
19208424,19208424,19894627
19208776,19208776,19894627
19209296,19209296,19894627
19210141,19210141,19894627
19210509,19210509,19894627
19210789,19210789,19894627
19211341,19211341,19894627
19211404,19211404,19894627
19211872,19211872,19894627
19212496,19212496,19894627
19213057,19213057,19894627
19213108,19213108,19894627
19214097,19214097,19894627
19214248,19214248,19894627
19214397,19214397,19894627
19215310,19215310,19894627
19215322,19215322,19894627
19216144,19216144,19894627
19216891,19216891,19894627
19218015,19218015,19894627
19218839,19218839,19894627
19219235,19219235,19894627
19219850,19219850,19894627
19220007,19220007,19894627
19220283,19220283,19894627
19220634,19220634,19894627
19220878,19220878,19894627
19220900,19220900,19894627
19221273,19221273,19894627
19221289,19221289,19894627
19222346,19222346,19894627
19222771,19222771,19894627
19222912,19222912,19894627
19223634,19223634,19894627
19223798,19223798,19894627
19225346,19225346,19894627
19227021,19227021,19894627
19227152,19227152,19894627
19227250,19227250,19894627
19227504,19227504,19894627
19228090,19228090,19894627
19228230,19228230,19894627
19232261,19232261,19894627
19232998,19232998,19894627
19234115,19234115,19894627
19234684,19234684,19894627
19235136,19235136,19894627
19235392,19235392,19894627
19235991,19235991,19894627
19236950,19236950,19894627
19237314,19237314,19894627
19237448,19237448,19894627
19237692,19237692,19894627
19238250,19238250,19894627
19238369,19238369,19894627
19238719,19238719,19894627
19239534,19239534,19894627
19239558,19239558,19894627
19239998,19239998,19894627
19240380,19240380,19894627
19240446,19240446,19894627
19241539,19241539,19894627
19242255,19242255,19894627
19244203,19244203,19894627
19244522,19244522,19894627
19245190,19245190,19894627
19247438,19247438,19894627
19247870,19247870,19894627
19248336,19248336,19894627
19248596,19248596,19894627
19249753,19249753,19894627
19249787,19249787,19894627
19249950,19249950,19894627
19250319,19250319,19894627
19250451,19250451,19894627
19250730,19250730,19894627
19250834,19250834,19894627
19250866,19250866,19894627
19251621,19251621,19894627
19251641,19251641,19894627
19251796,19251796,19894627
19252026,19252026,19894627
19252847,19252847,19894627
19253657,19253657,19894627
19254610,19254610,19894627
19254891,19254891,19894627
19254971,19254971,19894627
19255277,19255277,19894627
19257596,19257596,19894627
19257647,19257647,19894627
19257674,19257674,19894627
19257834,19257834,19894627
19258205,19258205,19894627
19258382,19258382,19894627
19259596,19259596,19894627
19259821,19259821,19894627
19260138,19260138,19894627
19263083,19263083,19894627
19263229,19263229,19894627
19264914,19264914,19894627
19265985,19265985,19894627
19266480,19266480,19894627
19267422,19267422,19894627
19267936,19267936,19894627
19268426,19268426,19894627
19268451,19268451,19894627
19269095,19269095,19894627
19269620,19269620,19894627
19270848,19270848,19894627
19271034,19271034,19894627
19273375,19273375,19894627
19273651,19273651,19894627
19274264,19274264,19894627
19274365,19274365,19894627
19274515,19274515,19894627
19275239,19275239,19894627
19275507,19275507,19894627
19276276,19276276,19894627
19276895,19276895,19894627
19277014,19277014,19894627
19277856,19277856,19894627
19278133,19278133,19894627
19278841,19278841,19894627
19278898,19278898,19894627
19279943,19279943,19894627
19280040,19280040,19894627
19280367,19280367,19894627
19280558,19280558,19894627
19280719,19280719,19894627
19281791,19281791,19894627
19282260,19282260,19894627
19282554,19282554,19894627
19282692,19282692,19894627
19283726,19283726,19894627
19283783,19283783,19894627
19284445,19284445,19894627
19284797,19284797,19894627
19285676,19285676,19894627
19286853,19286853,19894627
19288136,19288136,19894627
19288454,19288454,19894627
19289835,19289835,19894627
19289962,19289962,19894627
19290142,19290142,19894627
19290313,19290313,19894627
19290608,19290608,19894627
19291350,19291350,19894627
19291459,19291459,19894627
19291808,19291808,19894627
19292536,19292536,19894627
19292539,19292539,19894627
19293251,19293251,19894627
19293290,19293290,19894627
19293347,19293347,19894627
19293472,19293472,19894627
19294139,19294139,19894627
19294229,19294229,19894627
19294233,19294233,19894627
19294937,19294937,19894627
19295472,19295472,19894627
19295847,19295847,19894627
19296370,19296370,19894627
19296680,19296680,19894627
19297158,19297158,19894627
19298065,19298065,19894627
19298114,19298114,19894627
19298412,19298412,19894627
19298507,19298507,19894627
19298994,19298994,19894627
19299613,19299613,19894627
19300008,19300008,19894627
19300243,19300243,19894627
19300725,19300725,19894627
19301387,19301387,19894627
19302547,19302547,19894627
19302854,19302854,19894627
19303583,19303583,19894627
19303591,19303591,19894627
19303987,19303987,19894627
19304050,19304050,19894627
19304399,19304399,19894627
19304529,19304529,19894627
19304812,19304812,19894627
19305576,19305576,19894627
19305711,19305711,19894627
19306892,19306892,19894627
19306935,19306935,19894627
19307128,19307128,19894627
19307830,19307830,19894627
19309013,19309013,19894627
19309616,19309616,19894627
19309757,19309757,19894627
19310358,19310358,19894627
19311298,19311298,19894627
19311492,19311492,19894627
19311670,19311670,19894627
19311777,19311777,19894627
19312279,19312279,19894627
19312368,19312368,19894627
19312725,19312725,19894627
19313236,19313236,19894627
19313296,19313296,19894627
19313594,19313594,19894627
19313720,19313720,19894627
19313995,19313995,19894627
19314823,19314823,19894627
19315133,19315133,19894627
19316316,19316316,19894627
19316338,19316338,19894627
19317025,19317025,19894627
19317071,19317071,19894627
19317265,19317265,19894627
19317799,19317799,19894627
19318364,19318364,19894627
19318660,19318660,19894627
19319417,19319417,19894627
19320060,19320060,19894627
19320553,19320553,19894627
19320564,19320564,19894627
19320610,19320610,19894627
19321391,19321391,19894627
19321449,19321449,19894627
19321617,19321617,19894627
19322012,19322012,19894627
19322661,19322661,19894627
19322691,19322691,19894627
19323365,19323365,19894627
19323781,19323781,19894627
19324175,19324175,19894627
19324299,19324299,19894627
19324474,19324474,19894627
19325335,19325335,19894627
19325439,19325439,19894627
19325694,19325694,19894627
19325770,19325770,19894627
19326590,19326590,19894627
19326782,19326782,19894627
19327343,19327343,19894627
19327414,19327414,19894627
19328210,19328210,19894627
19328405,19328405,19894627
19329219,19329219,19894627
19329541,19329541,19894627
19329893,19329893,19894627
19330948,19330948,19894627
19331704,19331704,19894627
19331905,19331905,19894627
19332158,19332158,19894627
19332204,19332204,19894627
19332555,19332555,19894627
19333671,19333671,19894627
19334660,19334660,19894627
19335010,19335010,19894627
19335694,19335694,19894627
19336388,19336388,19894627
19336400,19336400,19894627
19336720,19336720,19894627
19336878,19336878,19894627
19337535,19337535,19894627
19337974,19337974,19894627
19338252,19338252,19894627
19338260,19338260,19894627
19339058,19339058,19894627
19339954,19339954,19894627
19340119,19340119,19894627
19340647,19340647,19894627
19341757,19341757,19894627
19343014,19343014,19894627
19343651,19343651,19894627
19344266,19344266,19894627
19344632,19344632,19894627
19345382,19345382,19894627
19345525,19345525,19894627
19345552,19345552,19894627
19345823,19345823,19894627
19346670,19346670,19894627
19348056,19348056,19894627
19348498,19348498,19894627
19349892,19349892,19894627
19351389,19351389,19894627
19351409,19351409,19894627
19351601,19351601,19894627
19351794,19351794,19894627
19351851,19351851,19894627
19351911,19351911,19894627
19352120,19352120,19894627
19352229,19352229,19894627
19352321,19352321,19894627
19352485,19352485,19894627
19352536,19352536,19894627
19352765,19352765,19894627
19352927,19352927,19894627
19352933,19352933,19894627
19353035,19353035,19894627
19353916,19353916,19894627
19354276,19354276,19894627
19355214,19355214,19894627
19355238,19355238,19894627
19355697,19355697,19894627
19355874,19355874,19894627
19356014,19356014,19894627
19356058,19356058,19894627
19356249,19356249,19894627
19356596,19356596,19894627
19357382,19357382,19894627
19357687,19357687,19894627
19358968,19358968,19894627
19359649,19359649,19894627
19360731,19360731,19894627
19361237,19361237,19894627
19362115,19362115,19894627
19362439,19362439,19894627
19362825,19362825,19894627
19363025,19363025,19894627
19363252,19363252,19894627
19363506,19363506,19894627
19363533,19363533,19894627
19363597,19363597,19894627
19363686,19363686,19894627
19364135,19364135,19894627
19365684,19365684,19894627
19367574,19367574,19894627
19367782,19367782,19894627
19368198,19368198,19894627
19368399,19368399,19894627
19368426,19368426,19894627
19368630,19368630,19894627
19369098,19369098,19894627
19369795,19369795,19894627
19371947,19371947,19894627
19372033,19372033,19894627
19372927,19372927,19894627
19374914,19374914,19894627
19374937,19374937,19894627
19375036,19375036,19894627
19376136,19376136,19894627
19376275,19376275,19894627
19376696,19376696,19894627
19377098,19377098,19894627
19378267,19378267,19894627
19378597,19378597,19894627
19380439,19380439,19894627
19380458,19380458,19894627
19380654,19380654,19894627
19380778,19380778,19894627
19381297,19381297,19894627
19383059,19383059,19894627
19384212,19384212,19894627
19384719,19384719,19894627
19384782,19384782,19894627
19384927,19384927,19894627
19385481,19385481,19894627
19386175,19386175,19894627
19387281,19387281,19894627
19387663,19387663,19894627
19387889,19387889,19894627
19388657,19388657,19894627
19389182,19389182,19894627
19389594,19389594,19894627
19389594,19389594,19894627
19390046,19390046,19894627
19390104,19390104,19894627
19391047,19391047,19894627
19391768,19391768,19894627
19391893,19391893,19894627
19392222,19392222,19894627
19392780,19392780,19894627
19392783,19392783,19894627
19392873,19392873,19894627
19393589,19393589,19894627
19393680,19393680,19894627
19393937,19393937,19894627
19394433,19394433,19894627
19395484,19395484,19894627
19395901,19395901,19894627
19395937,19395937,19894627
19395937,19395937,19894627
19396007,19396007,19894627
19396309,19396309,19894627
19396824,19396824,19894627
19397133,19397133,19894627
19397597,19397597,19894627
19397641,19397641,19894627
19397878,19397878,19894627
19397979,19397979,19894627
19398456,19398456,19894627
19398800,19398800,19894627
19399634,19399634,19894627
19399782,19399782,19894627
19399790,19399790,19894627
19400090,19400090,19894627
19400121,19400121,19894627
19401071,19401071,19894627
19402005,19402005,19894627
19402006,19402006,19894627
19402841,19402841,19894627
19403162,19403162,19894627
19403457,19403457,19894627
19403980,19403980,19894627
19404635,19404635,19894627
19404896,19404896,19894627
19406763,19406763,19894627
19407236,19407236,19894627
19407457,19407457,19894627
19407613,19407613,19894627
19408587,19408587,19894627
19408671,19408671,19894627
19408720,19408720,19894627
19410530,19410530,19894627
19410685,19410685,19894627
19413532,19413532,19894627
19414613,19414613,19894627
19414747,19414747,19894627
19415220,19415220,19894627
19415324,19415324,19894627
19415525,19415525,19894627
19417108,19417108,19894627
19417124,19417124,19894627
19417127,19417127,19894627
19418422,19418422,19894627
19418728,19418728,19894627
19419529,19419529,19894627
19420344,19420344,19894627
19420482,19420482,19894627
19421584,19421584,19894627
19421848,19421848,19894627
19421854,19421854,19894627
19422139,19422139,19894627
19422410,19422410,19894627
19422839,19422839,19894627
19422950,19422950,19894627
19423556,19423556,19894627
19424725,19424725,19894627
19424863,19424863,19894627
19425898,19425898,19894627
19426733,19426733,19894627
19428145,19428145,19894627
19428577,19428577,19894627
19429070,19429070,19894627
19429075,19429075,19894627
19429890,19429890,19894627
19429958,19429958,19894627
19430271,19430271,19894627
19430936,19430936,19894627
19430970,19430970,19894627
19431554,19431554,19894627
19431702,19431702,19894627
19431981,19431981,19894627
19432936,19432936,19894627
19435134,19435134,19894627
19435201,19435201,19894627
19435542,19435542,19894627
19435761,19435761,19894627
19436211,19436211,19894627
19436277,19436277,19894627
19436702,19436702,19894627
19437306,19437306,19894627
19437833,19437833,19894627
19438419,19438419,19894627
19438443,19438443,19894627
19438673,19438673,19894627
19438720,19438720,19894627
19439502,19439502,19894627
19439575,19439575,19894627
19441101,19441101,19894627
19441473,19441473,19894627
19441734,19441734,19894627
19442022,19442022,19894627
19442032,19442032,19894627
19442606,19442606,19894627
19442684,19442684,19894627
19442743,19442743,19894627
19443393,19443393,19894627
19444527,19444527,19894627
19444647,19444647,19894627
19445013,19445013,19894627
19445717,19445717,19894627
19446254,19446254,19894627
19446312,19446312,19894627
19447587,19447587,19894627
19447929,19447929,19894627
19449583,19449583,19894627
19449912,19449912,19894627
19450654,19450654,19894627
19450694,19450694,19894627
19450957,19450957,19894627
19451888,19451888,19894627
19451929,19451929,19894627
19452568,19452568,19894627
19452777,19452777,19894627
19453222,19453222,19894627
19453712,19453712,19894627
19454812,19454812,19894627
19454865,19454865,19894627
19455209,19455209,19894627
19455223,19455223,19894627
19455560,19455560,19894627
19456193,19456193,19894627
19456821,19456821,19894627
19457022,19457022,19894627
19457808,19457808,19894627
19458277,19458277,19894627
19458742,19458742,19894627
19458864,19458864,19894627
19459076,19459076,19894627
19459600,19459600,19894627
19460511,19460511,19894627
19460624,19460624,19894627
19460637,19460637,19894627
19460978,19460978,19894627
19461328,19461328,19894627
19461713,19461713,19894627
19461960,19461960,19894627
19462565,19462565,19894627
19462767,19462767,19894627
19462835,19462835,19894627
19463324,19463324,19894627
19463698,19463698,19894627
19464155,19464155,19894627
19464364,19464364,19894627
19465153,19465153,19894627
19465159,19465159,19894627
19465491,19465491,19894627
19467082,19467082,19894627
19467399,19467399,19894627
19467402,19467402,19894627
19467554,19467554,19894627
19467634,19467634,19894627
19467792,19467792,19894627
19468724,19468724,19894627
19469815,19469815,19894627
19470609,19470609,19894627
19470821,19470821,19894627
19471211,19471211,19894627
19473268,19473268,19894627
19474076,19474076,19894627
19474427,19474427,19894627
19475702,19475702,19894627
19475881,19475881,19894627
19476365,19476365,19894627
19478201,19478201,19894627
19478291,19478291,19894627
19478485,19478485,19894627
19478578,19478578,19894627
19478719,19478719,19894627
19479313,19479313,19894627
19479895,19479895,19894627
19480401,19480401,19894627
19480475,19480475,19894627
19480977,19480977,19894627
19482250,19482250,19894627
19482480,19482480,19894627
19482844,19482844,19894627
19484387,19484387,19894627
19485115,19485115,19894627
19485476,19485476,19894627
19486228,19486228,19894627
19487255,19487255,19894627
19487476,19487476,19894627
19487653,19487653,19894627
19487874,19487874,19894627
19488692,19488692,19894627
19488912,19488912,19894627
19489072,19489072,19894627
19489205,19489205,19894627
19489299,19489299,19894627
19489427,19489427,19894627
19489558,19489558,19894627
19490695,19490695,19894627
19491353,19491353,19894627
19491489,19491489,19894627
19491821,19491821,19894627
19492294,19492294,19894627
19492555,19492555,19894627
19492790,19492790,19894627
19492997,19492997,19894627
19494170,19494170,19894627
19494277,19494277,19894627
19494324,19494324,19894627
19495746,19495746,19894627
19496030,19496030,19894627
19496222,19496222,19894627
19496318,19496318,19894627
19498427,19498427,19894627
19498747,19498747,19894627
19499176,19499176,19894627
19499769,19499769,19894627
19500504,19500504,19894627
19501267,19501267,19894627
19501750,19501750,19894627
19502477,19502477,19894627
19503010,19503010,19894627
19503872,19503872,19894627
19503974,19503974,19894627
19504077,19504077,19894627
19504131,19504131,19894627
19505493,19505493,19894627
19505561,19505561,19894627
19506010,19506010,19894627
19506186,19506186,19894627
19506555,19506555,19894627
19507358,19507358,19894627
19508272,19508272,19894627
19508670,19508670,19894627
19509303,19509303,19894627
19509932,19509932,19894627
19510118,19510118,19894627
19510869,19510869,19894627
19512603,19512603,19894627
19513660,19513660,19894627
19514097,19514097,19894627
19514730,19514730,19894627
19514925,19514925,19894627
19515411,19515411,19894627
19515427,19515427,19894627
19515512,19515512,19894627
19516048,19516048,19894627
19516110,19516110,19894627
19516183,19516183,19894627
19516186,19516186,19894627
19516770,19516770,19894627
19517025,19517025,19894627
19517199,19517199,19894627
19518849,19518849,19894627
19518877,19518877,19894627
19519061,19519061,19894627
19519520,19519520,19894627
19519639,19519639,19894627
19519734,19519734,19894627
19519838,19519838,19894627
19520246,19520246,19894627
19520349,19520349,19894627
19520646,19520646,19894627
19521636,19521636,19894627
19521680,19521680,19894627
19521724,19521724,19894627
19522572,19522572,19894627
19523905,19523905,19894627
19525948,19525948,19894627
19526265,19526265,19894627
19526787,19526787,19894627
19526978,19526978,19894627
19527226,19527226,19894627
19528714,19528714,19894627
19528924,19528924,19894627
19529327,19529327,19894627
19529660,19529660,19894627
19529768,19529768,19894627
19529874,19529874,19894627
19530017,19530017,19894627
19530027,19530027,19894627
19531204,19531204,19894627
19531375,19531375,19894627
19531495,19531495,19894627
19532232,19532232,19894627
19533153,19533153,19894627
19533609,19533609,19894627
19533877,19533877,19894627
19534059,19534059,19894627
19534349,19534349,19894627
19534564,19534564,19894627
19535986,19535986,19894627
19536057,19536057,19894627
19536121,19536121,19894627
19537047,19537047,19894627
19537390,19537390,19894627
19537852,19537852,19894627
19538010,19538010,19894627
19538732,19538732,19894627
19539252,19539252,19894627
19539413,19539413,19894627
19539621,19539621,19894627
19541076,19541076,19894627
19541282,19541282,19894627
19541631,19541631,19894627
19541791,19541791,19894627
19542034,19542034,19894627
19544935,19544935,19894627
19545426,19545426,19894627
19546545,19546545,19894627
19547200,19547200,19894627
19547545,19547545,19894627
19548082,19548082,19894627
19548220,19548220,19894627
19548528,19548528,19894627
19548569,19548569,19894627
19549709,19549709,19894627
19550175,19550175,19894627
19550331,19550331,19894627
19550717,19550717,19894627
19551024,19551024,19894627
19552117,19552117,19894627
19553516,19553516,19894627
19553605,19553605,19894627
19553746,19553746,19894627
19554541,19554541,19894627
19554728,19554728,19894627
19556810,19556810,19894627
19557174,19557174,19894627
19557655,19557655,19894627
19557747,19557747,19894627
19558861,19558861,19894627
19559300,19559300,19894627
19559661,19559661,19894627
19560338,19560338,19894627
19562853,19562853,19894627
19563202,19563202,19894627
19563394,19563394,19894627
19563820,19563820,19894627
19564030,19564030,19894627
19564446,19564446,19894627
19564472,19564472,19894627
19564574,19564574,19894627
19564713,19564713,19894627
19564807,19564807,19894627
19564954,19564954,19894627
19565080,19565080,19894627
19565299,19565299,19894627
19565476,19565476,19894627
19566200,19566200,19894627
19566837,19566837,19894627
19567492,19567492,19894627
19567764,19567764,19894627
19568587,19568587,19894627
19569034,19569034,19894627
19569375,19569375,19894627
19569495,19569495,19894627
19569525,19569525,19894627
19570465,19570465,19894627
19570836,19570836,19894627
19572462,19572462,19894627
19573453,19573453,19894627
19574382,19574382,19894627
19575214,19575214,19894627
19575815,19575815,19894627
19575953,19575953,19894627
19576017,19576017,19894627
19576211,19576211,19894627
19576679,19576679,19894627
19576698,19576698,19894627
19577265,19577265,19894627
19577457,19577457,19894627
19577510,19577510,19894627
19577621,19577621,19894627
19577727,19577727,19894627
19577837,19577837,19894627
19578414,19578414,19894627
19578931,19578931,19894627
19581103,19581103,19894627
19581193,19581193,19894627
19581451,19581451,19894627
19581903,19581903,19894627
19582032,19582032,19894627
19582116,19582116,19894627
19582859,19582859,19894627
19583334,19583334,19894627
19583848,19583848,19894627
19583925,19583925,19894627
19584667,19584667,19894627
19586727,19586727,19894627
19587842,19587842,19894627
19588225,19588225,19894627
19589456,19589456,19894627
19590348,19590348,19894627
19590349,19590349,19894627
19590566,19590566,19894627
19590610,19590610,19894627
19590714,19590714,19894627
19591264,19591264,19894627
19591461,19591461,19894627
19591692,19591692,19894627
19592080,19592080,19894627
19592226,19592226,19894627
19593757,19593757,19894627
19593945,19593945,19894627
19594887,19594887,19894627
19595047,19595047,19894627
19595141,19595141,19894627
19595409,19595409,19894627
19596750,19596750,19894627
19597356,19597356,19894627
19597736,19597736,19894627
19597778,19597778,19894627
19598118,19598118,19894627
19598338,19598338,19894627
19598902,19598902,19894627
19599282,19599282,19894627
19599619,19599619,19894627
19600747,19600747,19894627
19601269,19601269,19894627
19601374,19601374,19894627
19601388,19601388,19894627
19601555,19601555,19894627
19601587,19601587,19894627
19601625,19601625,19894627
19601690,19601690,19894627
19602317,19602317,19894627
19603040,19603040,19894627
19603281,19603281,19894627
19603731,19603731,19894627
19603824,19603824,19894627
19604856,19604856,19894627
19605111,19605111,19894627
19607639,19607639,19894627
19608003,19608003,19894627
19608219,19608219,19894627
19608329,19608329,19894627
19609173,19609173,19894627
19610253,19610253,19894627
19610702,19610702,19894627
19611417,19611417,19894627
19612185,19612185,19894627
19612568,19612568,19894627
19614706,19614706,19894627
19614948,19614948,19894627
19615197,19615197,19894627
19615200,19615200,19894627
19615841,19615841,19894627
19616058,19616058,19894627
19616712,19616712,19894627
19616767,19616767,19894627
19617819,19617819,19894627
19618615,19618615,19894627
19618751,19618751,19894627
19619824,19619824,19894627
19620155,19620155,19894627
19620209,19620209,19894627
19620674,19620674,19894627
19620847,19620847,19894627
19621486,19621486,19894627
19621689,19621689,19894627
19622593,19622593,19894627
19622608,19622608,19894627
19623424,19623424,19894627
19623685,19623685,19894627
19624307,19624307,19894627
19624861,19624861,19894627
19625284,19625284,19894627
19625474,19625474,19894627
19626975,19626975,19894627
19627290,19627290,19894627
19628488,19628488,19894627
19628530,19628530,19894627
19629295,19629295,19894627
19629319,19629319,19894627
19629740,19629740,19894627
19629934,19629934,19894627
19629983,19629983,19894627
19630455,19630455,19894627
19631026,19631026,19894627
19631159,19631159,19894627
19631235,19631235,19894627
19631416,19631416,19894627
19633413,19633413,19894627
19633759,19633759,19894627
19634266,19634266,19894627
19634803,19634803,19894627
19634967,19634967,19894627
19635256,19635256,19894627
19635496,19635496,19894627
19635781,19635781,19894627
19635801,19635801,19894627
19636925,19636925,19894627
19638225,19638225,19894627
19638575,19638575,19894627
19639844,19639844,19894627
19640997,19640997,19894627
19641036,19641036,19894627
19641051,19641051,19894627
19641100,19641100,19894627
19641608,19641608,19894627
19641649,19641649,19894627
19641866,19641866,19894627
19642098,19642098,19894627
19643616,19643616,19894627
19644068,19644068,19894627
19644127,19644127,19894627
19644404,19644404,19894627
19647388,19647388,19894627
19647907,19647907,19894627
19647947,19647947,19894627
19648399,19648399,19894627
19648483,19648483,19894627
19648614,19648614,19894627
19648677,19648677,19894627
19649039,19649039,19894627
19649064,19649064,19894627
19650019,19650019,19894627
19650034,19650034,19894627
19650329,19650329,19894627
19650579,19650579,19894627
19650791,19650791,19894627
19650851,19650851,19894627
19651134,19651134,19894627
19651417,19651417,19894627
19651807,19651807,19894627
19652856,19652856,19894627
19653097,19653097,19894627
19653851,19653851,19894627
19653953,19653953,19894627
19654249,19654249,19894627
19655449,19655449,19894627
19655632,19655632,19894627
19656474,19656474,19894627
19657189,19657189,19894627
19657207,19657207,19894627
19657228,19657228,19894627
19657718,19657718,19894627
19657785,19657785,19894627
19658049,19658049,19894627
19658470,19658470,19894627
19658748,19658748,19894627
19658913,19658913,19894627
19659067,19659067,19894627
19659331,19659331,19894627
19659821,19659821,19894627
19660726,19660726,19894627
19663614,19663614,19894627
19663722,19663722,19894627
19663828,19663828,19894627
19664091,19664091,19894627
19664232,19664232,19894627
19664920,19664920,19894627
19665348,19665348,19894627
19665767,19665767,19894627
19665882,19665882,19894627
19666331,19666331,19894627
19666490,19666490,19894627
19668148,19668148,19894627
19668605,19668605,19894627
19669248,19669248,19894627
19669479,19669479,19894627
19670050,19670050,19894627
19670277,19670277,19894627
19671896,19671896,19894627
19673990,19673990,19894627
19674105,19674105,19894627
19674370,19674370,19894627
19674709,19674709,19894627
19675057,19675057,19894627
19675788,19675788,19894627
19676046,19676046,19894627
19676482,19676482,19894627
19677472,19677472,19894627
19677607,19677607,19894627
19678018,19678018,19894627
19678619,19678619,19894627
19678916,19678916,19894627
19679910,19679910,19894627
19681135,19681135,19894627
19681147,19681147,19894627
19681312,19681312,19894627
19681496,19681496,19894627
19682064,19682064,19894627
19682333,19682333,19894627
19682972,19682972,19894627
19683856,19683856,19894627
19685090,19685090,19894627
19685193,19685193,19894627
19685943,19685943,19894627
19685977,19685977,19894627
19686178,19686178,19894627
19687570,19687570,19894627
19687921,19687921,19894627
19688464,19688464,19894627
19689107,19689107,19894627
19689716,19689716,19894627
19690060,19690060,19894627
19690093,19690093,19894627
19690236,19690236,19894627
19691918,19691918,19894627
19692033,19692033,19894627
19692951,19692951,19894627
19693387,19693387,19894627
19694439,19694439,19894627
19694551,19694551,19894627
19694604,19694604,19894627
19696294,19696294,19894627
19696494,19696494,19894627
19696620,19696620,19894627
19697640,19697640,19894627
19698405,19698405,19894627
19699433,19699433,19894627
19699473,19699473,19894627
19700639,19700639,19894627
19700978,19700978,19894627
19701410,19701410,19894627
19703129,19703129,19894627
19703574,19703574,19894627
19703948,19703948,19894627
19704350,19704350,19894627
19704461,19704461,19894627
19704626,19704626,19894627
19705983,19705983,19894627
19706146,19706146,19894627
19706306,19706306,19894627
19706887,19706887,19894627
19707125,19707125,19894627
19707786,19707786,19894627
19708036,19708036,19894627
19708731,19708731,19894627
19708850,19708850,19894627
19709010,19709010,19894627
19709288,19709288,19894627
19709711,19709711,19894627
19710093,19710093,19894627
19710208,19710208,19894627
19710779,19710779,19894627
19711721,19711721,19894627
19711990,19711990,19894627
19712908,19712908,19894627
19713308,19713308,19894627
19713914,19713914,19894627
19714833,19714833,19894627
19715328,19715328,19894627
19715694,19715694,19894627
19715927,19715927,19894627
19717154,19717154,19894627
19717196,19717196,19894627
19717500,19717500,19894627
19717539,19717539,19894627
19718943,19718943,19894627
19720877,19720877,19894627
19721509,19721509,19894627
19722900,19722900,19894627
19722989,19722989,19894627
19724819,19724819,19894627
19726325,19726325,19894627
19726333,19726333,19894627
19726380,19726380,19894627
19727025,19727025,19894627
19727166,19727166,19894627
19727305,19727305,19894627
19728663,19728663,19894627
19728837,19728837,19894627
19729305,19729305,19894627
19730555,19730555,19894627
19730707,19730707,19894627
19730773,19730773,19894627
19733493,19733493,19894627
19733557,19733557,19894627
19733712,19733712,19894627
19733764,19733764,19894627
19735254,19735254,19894627
19736727,19736727,19894627
19737564,19737564,19894627
19737753,19737753,19894627
19738862,19738862,19894627
19738889,19738889,19894627
19739052,19739052,19894627
19739200,19739200,19894627
19739500,19739500,19894627
19740018,19740018,19894627
19740137,19740137,19894627
19741000,19741000,19894627
19741134,19741134,19894627
19741290,19741290,19894627
19741624,19741624,19894627
19742019,19742019,19894627
19742032,19742032,19894627
19742482,19742482,19894627
19742757,19742757,19894627
19742975,19742975,19894627
19743446,19743446,19894627
19743570,19743570,19894627
19744060,19744060,19894627
19744436,19744436,19894627
19744592,19744592,19894627
19745018,19745018,19894627
19746103,19746103,19894627
19746168,19746168,19894627
19746339,19746339,19894627
19747442,19747442,19894627
19747756,19747756,19894627
19748516,19748516,19894627
19748866,19748866,19894627
19749020,19749020,19894627
19749133,19749133,19894627
19749808,19749808,19894627
19749931,19749931,19894627
19750360,19750360,19894627
19751617,19751617,19894627
19751716,19751716,19894627
19751992,19751992,19894627
19752603,19752603,19894627
19754131,19754131,19894627
19755503,19755503,19894627
19756398,19756398,19894627
19757404,19757404,19894627
19757882,19757882,19894627
19758144,19758144,19894627
19758236,19758236,19894627
19758586,19758586,19894627
19758869,19758869,19894627
19759601,19759601,19894627
19759769,19759769,19894627
19760082,19760082,19894627
19760273,19760273,19894627
19760660,19760660,19894627
19761012,19761012,19894627
19761224,19761224,19894627
19761243,19761243,19894627
19761473,19761473,19894627
19762310,19762310,19894627
19762966,19762966,19894627
19763295,19763295,19894627
19763534,19763534,19894627
19763791,19763791,19894627
19763981,19763981,19894627
19764313,19764313,19894627
19764946,19764946,19894627
19765407,19765407,19894627
19765891,19765891,19894627
19766158,19766158,19894627
19766162,19766162,19894627
19766259,19766259,19894627
19766362,19766362,19894627
19766617,19766617,19894627
19766623,19766623,19894627
19770252,19770252,19894627
19770437,19770437,19894627
19771222,19771222,19894627
19771625,19771625,19894627
19771761,19771761,19894627
19772163,19772163,19894627
19772659,19772659,19894627
19772804,19772804,19894627
19772979,19772979,19894627
19773324,19773324,19894627
19774360,19774360,19894627
19774972,19774972,19894627
19775096,19775096,19894627
19775629,19775629,19894627
19775908,19775908,19894627
19776133,19776133,19894627
19776149,19776149,19894627
19776644,19776644,19894627
19776814,19776814,19894627
19776873,19776873,19894627
19777144,19777144,19894627
19778009,19778009,19894627
19778309,19778309,19894627
19778595,19778595,19894627
19779202,19779202,19894627
19779871,19779871,19894627
19780089,19780089,19894627
19780779,19780779,19894627
19781395,19781395,19894627
19781427,19781427,19894627
19781796,19781796,19894627
19782980,19782980,19894627
19783125,19783125,19894627
19783294,19783294,19894627
19783712,19783712,19894627
19783782,19783782,19894627
19785307,19785307,19894627
19786786,19786786,19894627
19787041,19787041,19894627
19787159,19787159,19894627
19788852,19788852,19894627
19788934,19788934,19894627
19790164,19790164,19894627
19791334,19791334,19894627
19791348,19791348,19894627
19791837,19791837,19894627
19791908,19791908,19894627
19792008,19792008,19894627
19792120,19792120,19894627
19792303,19792303,19894627
19793880,19793880,19894627
19793994,19793994,19894627
19794216,19794216,19894627
19796611,19796611,19894627
19796652,19796652,19894627
19796710,19796710,19894627
19797592,19797592,19894627
19797619,19797619,19894627
19798038,19798038,19894627
19798822,19798822,19894627
19800633,19800633,19894627
19800891,19800891,19894627
19801931,19801931,19894627
19802058,19802058,19894627
19803852,19803852,19894627
19804145,19804145,19894627
19804832,19804832,19894627
19805213,19805213,19894627
19805620,19805620,19894627
19806083,19806083,19894627
19806437,19806437,19894627
19806492,19806492,19894627
19807086,19807086,19894627
19807325,19807325,19894627
19807491,19807491,19894627
19808571,19808571,19894627
19808587,19808587,19894627
19808741,19808741,19894627
19809317,19809317,19894627
19809649,19809649,19894627
19809941,19809941,19894627
19810170,19810170,19894627
19810189,19810189,19894627
19811631,19811631,19894627
19812087,19812087,19894627
19812245,19812245,19894627
19812659,19812659,19894627
19813736,19813736,19894627
19813864,19813864,19894627
19814771,19814771,19894627
19815249,19815249,19894627
19816248,19816248,19894627
19816351,19816351,19894627
19816605,19816605,19894627
19816647,19816647,19894627
19817826,19817826,19894627
19817897,19817897,19894627
19818260,19818260,19894627
19818458,19818458,19894627
19818472,19818472,19894627
19818765,19818765,19894627
19819976,19819976,19894627
19820015,19820015,19894627
19820021,19820021,19894627
19821787,19821787,19894627
19821852,19821852,19894627
19822863,19822863,19894627
19823031,19823031,19894627
19823522,19823522,19894627
19823554,19823554,19894627
19823585,19823585,19894627
19824364,19824364,19894627
19824465,19824465,19894627
19824674,19824674,19894627
19825602,19825602,19894627
19825939,19825939,19894627
19826877,19826877,19894627
19827396,19827396,19894627
19829882,19829882,19894627
19830568,19830568,19894627
19830847,19830847,19894627
19831128,19831128,19894627
19831970,19831970,19894627
19832339,19832339,19894627
19833102,19833102,19894627
19833828,19833828,19894627
19834367,19834367,19894627
19834402,19834402,19894627
19834440,19834440,19894627
19834819,19834819,19894627
19834844,19834844,19894627
19835734,19835734,19894627
19835783,19835783,19894627
19836044,19836044,19894627
19836124,19836124,19894627
19837296,19837296,19894627
19837947,19837947,19894627
19838831,19838831,19894627
19838852,19838852,19894627
19839060,19839060,19894627
19839078,19839078,19894627
19839334,19839334,19894627
19840464,19840464,19894627
19840482,19840482,19894627
19840852,19840852,19894627
19841257,19841257,19894627
19842091,19842091,19894627
19844182,19844182,19894627
19845352,19845352,19894627
19846232,19846232,19894627
19848843,19848843,19894627
19848917,19848917,19894627
19849534,19849534,19894627
19849942,19849942,19894627
19850077,19850077,19894627
19850206,19850206,19894627
19850388,19850388,19894627
19851551,19851551,19894627
19851708,19851708,19894627
19853761,19853761,19894627
19853913,19853913,19894627
19854295,19854295,19894627
19854654,19854654,19894627
19855331,19855331,19894627
19856890,19856890,19894627
19857191,19857191,19894627
19857258,19857258,19894627
19857952,19857952,19894627
19858085,19858085,19894627
19858248,19858248,19894627
19858347,19858347,19894627
19858356,19858356,19894627
19859547,19859547,19894627
19859715,19859715,19894627
19860066,19860066,19894627
19860372,19860372,19894627
19861593,19861593,19894627
19861914,19861914,19894627
19862627,19862627,19894627
19862888,19862888,19894627
19863654,19863654,19894627
19864068,19864068,19894627
19864125,19864125,19894627
19864157,19864157,19894627
19864573,19864573,19894627
19865058,19865058,19894627
19865434,19865434,19894627
19865578,19865578,19894627
19866010,19866010,19894627
19866301,19866301,19894627
19866640,19866640,19894627
19866986,19866986,19894627
19867577,19867577,19894627
19867876,19867876,19894627
19867997,19867997,19894627
19868250,19868250,19894627
19868258,19868258,19894627
19868576,19868576,19894627
19868807,19868807,19894627
19869556,19869556,19894627
19869752,19869752,19894627
19869838,19869838,19894627
19870314,19870314,19894627
19872453,19872453,19894627
19873718,19873718,19894627
19874127,19874127,19894627
19875243,19875243,19894627
19875362,19875362,19894627
19875839,19875839,19894627
19876030,19876030,19894627
19876081,19876081,19894627
19876828,19876828,19894627
19876830,19876830,19894627
19877056,19877056,19894627
19877627,19877627,19894627
19878648,19878648,19894627
19880450,19880450,19894627
19880849,19880849,19894627
19881133,19881133,19894627
19881217,19881217,19894627
19881600,19881600,19894627
19882093,19882093,19894627
19883329,19883329,19894627
19883632,19883632,19894627
19883792,19883792,19894627
19883895,19883895,19894627
19883896,19883896,19894627
19884133,19884133,19894627
19884223,19884223,19894627
19885198,19885198,19894627
19885549,19885549,19894627
19886396,19886396,19894627
19886702,19886702,19894627
19886800,19886800,19894627
19887054,19887054,19894627
19887535,19887535,19894627
19888526,19888526,19894627
19888776,19888776,19894627
19889769,19889769,19894627
19890078,19890078,19894627
19890319,19890319,19894627
19890982,19890982,19894627
19891161,19891161,19894627
19891162,19891162,19894627
19893201,19893201,19894627
19893395,19893395,19894627
19893403,19893403,19894627
19894576,19894576,19894627
19894590,19894590,19894627
19894817,19894817,21908069
19895908,19895908,21908069
19895936,19895936,21908069
19896323,19896323,21908069
19897387,19897387,21908069
19897736,19897736,21908069
19897982,19897982,21908069
19898622,19898622,21908069
19898812,19898812,21908069
19900345,19900345,21908069
19900968,19900968,21908069
19901252,19901252,21908069
19901563,19901563,21908069
19902362,19902362,21908069
19902469,19902469,21908069
19902595,19902595,21908069
19902787,19902787,21908069
19903569,19903569,21908069
19903681,19903681,21908069
19904455,19904455,21908069
19904523,19904523,21908069
19904763,19904763,21908069
19905391,19905391,21908069
19905570,19905570,21908069
19905591,19905591,21908069
19905942,19905942,21908069
19906104,19906104,21908069
19906886,19906886,21908069
19907333,19907333,21908069
19907914,19907914,21908069
19910669,19910669,21908069
19910993,19910993,21908069
19911991,19911991,21908069
19913048,19913048,21908069
19913403,19913403,21908069
19914880,19914880,21908069
19916365,19916365,21908069
19916642,19916642,21908069
19916855,19916855,21908069
19917045,19917045,21908069
19917077,19917077,21908069
19917168,19917168,21908069
19917953,19917953,21908069
19918082,19918082,21908069
19918217,19918217,21908069
19919941,19919941,21908069
19920292,19920292,21908069
19922280,19922280,21908069
19922633,19922633,21908069
19922881,19922881,21908069
19923542,19923542,21908069
19923916,19923916,21908069
19923935,19923935,21908069
19924246,19924246,21908069
19924418,19924418,21908069
19924805,19924805,21908069
19924868,19924868,21908069
19925315,19925315,21908069
19925628,19925628,21908069
19925838,19925838,21908069
19926610,19926610,21908069
19926676,19926676,21908069
19927737,19927737,21908069
19928479,19928479,21908069
19928757,19928757,21908069
19929455,19929455,21908069
19931571,19931571,21908069
19932813,19932813,21908069
19932889,19932889,21908069
19933129,19933129,21908069
19933251,19933251,21908069
19933515,19933515,21908069
19935368,19935368,21908069
19935641,19935641,21908069
19936428,19936428,21908069
19936496,19936496,21908069
19936519,19936519,21908069
19936753,19936753,21908069
19937045,19937045,21908069
19937202,19937202,21908069
19937302,19937302,21908069
19937511,19937511,21908069
19938969,19938969,21908069
19938983,19938983,21908069
19939573,19939573,21908069
19941004,19941004,21908069
19941282,19941282,21908069
19941334,19941334,21908069
19941811,19941811,21908069
19942002,19942002,21908069
19942208,19942208,21908069
19942250,19942250,21908069
19942338,19942338,21908069
19943046,19943046,21908069
19943973,19943973,21908069
19944000,19944000,21908069
19944523,19944523,21908069
19944677,19944677,21908069
19945098,19945098,21908069
19945345,19945345,21908069
19945597,19945597,21908069
19945940,19945940,21908069
19946952,19946952,21908069
19947034,19947034,21908069
19947111,19947111,21908069
19947814,19947814,21908069
19948216,19948216,21908069
19948593,19948593,21908069
19948937,19948937,21908069
19949123,19949123,21908069
19949693,19949693,21908069
19949741,19949741,21908069
19950728,19950728,21908069
19951039,19951039,21908069
19951085,19951085,21908069
19951211,19951211,21908069
19951260,19951260,21908069
19951934,19951934,21908069
19952239,19952239,21908069
19952480,19952480,21908069
19952675,19952675,21908069
19953017,19953017,21908069
19953359,19953359,21908069
19954368,19954368,21908069
19955027,19955027,21908069
19955452,19955452,21908069
19957541,19957541,21908069
19958401,19958401,21908069
19959404,19959404,21908069
19959592,19959592,21908069
19959618,19959618,21908069
19960083,19960083,21908069
19960794,19960794,21908069
19960800,19960800,21908069
19960895,19960895,21908069
19962490,19962490,21908069
19963313,19963313,21908069
19963319,19963319,21908069
19963972,19963972,21908069
19964972,19964972,21908069
19965171,19965171,21908069
19965202,19965202,21908069
19965886,19965886,21908069
19966620,19966620,21908069
19967544,19967544,21908069
19967701,19967701,21908069
19967832,19967832,21908069
19969519,19969519,21908069
19969718,19969718,21908069
19970582,19970582,21908069
19970987,19970987,21908069
19971200,19971200,21908069
19971522,19971522,21908069
19972329,19972329,21908069
19972343,19972343,21908069
19973095,19973095,21908069
19973448,19973448,21908069
19973816,19973816,21908069
19975431,19975431,21908069
19975728,19975728,21908069
19976349,19976349,21908069
19976471,19976471,21908069
19976803,19976803,21908069
19977509,19977509,21908069
19977805,19977805,21908069
19978507,19978507,21908069
19979163,19979163,21908069
19979315,19979315,21908069
19981235,19981235,21908069
19981464,19981464,21908069
19981723,19981723,21908069
19981743,19981743,21908069
19982578,19982578,21908069
19983053,19983053,21908069
19983497,19983497,21908069
19983552,19983552,21908069
19983839,19983839,21908069
19983965,19983965,21908069
19984032,19984032,21908069
19984409,19984409,21908069
19984467,19984467,21908069
19984469,19984469,21908069
19985243,19985243,21908069
19986054,19986054,21908069
19986195,19986195,21908069
19986273,19986273,21908069
19986706,19986706,21908069
19986960,19986960,21908069
19988542,19988542,21908069
19989686,19989686,21908069
19990141,19990141,21908069
19990657,19990657,21908069
19990657,19990657,21908069
19990940,19990940,21908069
19991014,19991014,21908069
19991507,19991507,21908069
19991981,19991981,21908069
19992063,19992063,21908069
19993270,19993270,21908069
19993516,19993516,21908069
19994157,19994157,21908069
19994228,19994228,21908069
19994236,19994236,21908069
19994262,19994262,21908069
19994286,19994286,21908069
19994358,19994358,21908069
19994568,19994568,21908069
19994948,19994948,21908069
19995172,19995172,21908069
19995922,19995922,21908069
19997153,19997153,21908069
19997653,19997653,21908069
19997693,19997693,21908069
19997757,19997757,21908069
19999336,19999336,21908069
19999400,19999400,21908069
19999812,19999812,21908069
19999836,19999836,21908069
20000175,20000175,21908069
20000512,20000512,21908069
20001127,20001127,21908069
20001221,20001221,21908069
20002067,20002067,21908069
20002109,20002109,21908069
20002636,20002636,21908069
20002749,20002749,21908069
20002859,20002859,21908069
20003158,20003158,21908069
20003828,20003828,21908069
20004464,20004464,21908069
20006081,20006081,21908069
20006323,20006323,21908069
20007140,20007140,21908069
20008063,20008063,21908069
20008298,20008298,21908069
20008440,20008440,21908069
20008506,20008506,21908069
20008628,20008628,21908069
20009024,20009024,21908069
20009393,20009393,21908069
20009743,20009743,21908069
20009878,20009878,21908069
20010466,20010466,21908069
20011270,20011270,21908069
20011292,20011292,21908069
20011819,20011819,21908069
20013263,20013263,21908069
20014016,20014016,21908069
20014334,20014334,21908069
20015670,20015670,21908069
20017105,20017105,21908069
20018544,20018544,21908069
20019266,20019266,21908069
20020048,20020048,21908069
20020119,20020119,21908069
20020837,20020837,21908069
20020851,20020851,21908069
20021176,20021176,21908069
20021344,20021344,21908069
20021462,20021462,21908069
20021575,20021575,21908069
20021840,20021840,21908069
20023067,20023067,21908069
20023237,20023237,21908069
20023420,20023420,21908069
20023841,20023841,21908069
20024016,20024016,21908069
20024041,20024041,21908069
20024405,20024405,21908069
20024475,20024475,21908069
20024700,20024700,21908069
20024823,20024823,21908069
20025895,20025895,21908069
20027019,20027019,21908069
20027579,20027579,21908069
20027597,20027597,21908069
20027835,20027835,21908069
20028988,20028988,21908069
20029786,20029786,21908069
20030181,20030181,21908069
20030467,20030467,21908069
20030500,20030500,21908069
20030526,20030526,21908069
20032474,20032474,21908069
20032496,20032496,21908069
20033318,20033318,21908069
20033632,20033632,21908069
20034082,20034082,21908069
20034337,20034337,21908069
20034946,20034946,21908069
20036551,20036551,21908069
20037422,20037422,21908069
20038182,20038182,21908069
20038964,20038964,21908069
20039094,20039094,21908069
20039728,20039728,21908069
20039797,20039797,21908069
20040121,20040121,21908069
20040643,20040643,21908069
20041765,20041765,21908069
20042257,20042257,21908069
20042724,20042724,21908069
20042962,20042962,21908069
20043195,20043195,21908069
20043948,20043948,21908069
20044469,20044469,21908069
20044572,20044572,21908069
20045428,20045428,21908069
20045574,20045574,21908069
20046810,20046810,21908069
20046818,20046818,21908069
20047246,20047246,21908069
20047691,20047691,21908069
20050413,20050413,21908069
20050511,20050511,21908069
20050933,20050933,21908069
20051470,20051470,21908069
20051565,20051565,21908069
20051594,20051594,21908069
20052132,20052132,21908069
20052389,20052389,21908069
20052803,20052803,21908069
20053994,20053994,21908069
20054408,20054408,21908069
20055706,20055706,21908069
20055755,20055755,21908069
20057098,20057098,21908069
20057918,20057918,21908069
20059661,20059661,21908069
20060320,20060320,21908069
20061277,20061277,21908069
20061481,20061481,21908069
20062601,20062601,21908069
20063296,20063296,21908069
20064430,20064430,21908069
20064927,20064927,21908069
20064979,20064979,21908069
20065599,20065599,21908069
20065941,20065941,21908069
20066573,20066573,21908069
20066595,20066595,21908069
20068530,20068530,21908069
20069268,20069268,21908069
20070153,20070153,21908069
20070493,20070493,21908069
20070556,20070556,21908069
20070576,20070576,21908069
20070669,20070669,21908069
20071275,20071275,21908069
20072339,20072339,21908069
20073282,20073282,21908069
20073337,20073337,21908069
20073628,20073628,21908069
20073738,20073738,21908069
20074131,20074131,21908069
20074476,20074476,21908069
20074824,20074824,21908069
20075088,20075088,21908069
20075152,20075152,21908069
20075396,20075396,21908069
20076519,20076519,21908069
20076581,20076581,21908069
20077225,20077225,21908069
20077587,20077587,21908069
20078943,20078943,21908069
20079547,20079547,21908069
20079769,20079769,21908069
20080913,20080913,21908069
20081078,20081078,21908069
20081129,20081129,21908069
20081164,20081164,21908069
20081813,20081813,21908069
20082008,20082008,21908069
20082326,20082326,21908069
20082941,20082941,21908069
20083033,20083033,21908069
20083108,20083108,21908069
20083400,20083400,21908069
20083839,20083839,21908069
20084215,20084215,21908069
20084275,20084275,21908069
20084302,20084302,21908069
20084591,20084591,21908069
20084827,20084827,21908069
20084969,20084969,21908069
20086715,20086715,21908069
20087455,20087455,21908069
20087925,20087925,21908069
20088191,20088191,21908069
20088484,20088484,21908069
20090856,20090856,21908069
20091147,20091147,21908069
20091315,20091315,21908069
20091791,20091791,21908069
20092057,20092057,21908069
20092603,20092603,21908069
20092843,20092843,21908069
20093073,20093073,21908069
20093165,20093165,21908069
20093679,20093679,21908069
20093905,20093905,21908069
20095194,20095194,21908069
20096322,20096322,21908069
20096545,20096545,21908069
20096990,20096990,21908069
20097632,20097632,21908069
20097668,20097668,21908069
20097768,20097768,21908069
20097809,20097809,21908069
20098013,20098013,21908069
20098974,20098974,21908069
20099034,20099034,21908069
20099088,20099088,21908069
20099132,20099132,21908069
20100402,20100402,21908069
20101974,20101974,21908069
20101993,20101993,21908069
20102348,20102348,21908069
20103510,20103510,21908069
20103788,20103788,21908069
20104058,20104058,21908069
20104159,20104159,21908069
20104184,20104184,21908069
20105211,20105211,21908069
20105295,20105295,21908069
20105768,20105768,21908069
20106003,20106003,21908069
20106295,20106295,21908069
20106423,20106423,21908069
20106813,20106813,21908069
20107109,20107109,21908069
20107115,20107115,21908069
20107565,20107565,21908069
20108176,20108176,21908069
20108323,20108323,21908069
20109424,20109424,21908069
20109724,20109724,21908069
20109893,20109893,21908069
20110811,20110811,21908069
20111123,20111123,21908069
20111230,20111230,21908069
20111298,20111298,21908069
20112554,20112554,21908069
20112640,20112640,21908069
20113496,20113496,21908069
20113669,20113669,21908069
20114450,20114450,21908069
20114984,20114984,21908069
20115131,20115131,21908069
20115223,20115223,21908069
20115463,20115463,21908069
20115823,20115823,21908069
20116071,20116071,21908069
20116630,20116630,21908069
20117466,20117466,21908069
20119005,20119005,21908069
20119084,20119084,21908069
20119387,20119387,21908069
20119819,20119819,21908069
20119893,20119893,21908069
20120074,20120074,21908069
20120154,20120154,21908069
20120899,20120899,21908069
20120941,20120941,21908069
20121235,20121235,21908069
20121882,20121882,21908069
20122328,20122328,21908069
20122582,20122582,21908069
20123251,20123251,21908069
20123629,20123629,21908069
20124060,20124060,21908069
20124453,20124453,21908069
20124904,20124904,21908069
20125281,20125281,21908069
20126119,20126119,21908069
20126184,20126184,21908069
20126477,20126477,21908069
20126591,20126591,21908069
20126603,20126603,21908069
20127078,20127078,21908069
20127355,20127355,21908069
20127564,20127564,21908069
20128975,20128975,21908069
20129450,20129450,21908069
20130101,20130101,21908069
20130102,20130102,21908069
20130982,20130982,21908069
20131682,20131682,21908069
20131779,20131779,21908069
20131897,20131897,21908069
20132124,20132124,21908069
20132308,20132308,21908069
20132956,20132956,21908069
20133823,20133823,21908069
20134347,20134347,21908069
20134629,20134629,21908069
20134770,20134770,21908069
20135080,20135080,21908069
20135329,20135329,21908069
20136811,20136811,21908069
20137932,20137932,21908069
20137992,20137992,21908069
20138421,20138421,21908069
20140131,20140131,21908069
20140278,20140278,21908069
20140652,20140652,21908069
20141416,20141416,21908069
20142106,20142106,21908069
20142604,20142604,21908069
20143168,20143168,21908069
20143697,20143697,21908069
20144000,20144000,21908069
20144203,20144203,21908069
20144572,20144572,21908069
20144864,20144864,21908069
20145008,20145008,21908069
20145669,20145669,21908069
20145701,20145701,21908069
20146039,20146039,21908069
20146172,20146172,21908069
20146507,20146507,21908069
20146772,20146772,21908069
20147126,20147126,21908069
20147256,20147256,21908069
20148054,20148054,21908069
20148227,20148227,21908069
20148477,20148477,21908069
20150103,20150103,21908069
20150372,20150372,21908069
20150890,20150890,21908069
20151567,20151567,21908069
20151701,20151701,21908069
20151800,20151800,21908069
20153051,20153051,21908069
20153254,20153254,21908069
20153301,20153301,21908069
20153464,20153464,21908069
20153969,20153969,21908069
20154448,20154448,21908069
20155074,20155074,21908069
20155208,20155208,21908069
20155684,20155684,21908069
20157219,20157219,21908069
20157617,20157617,21908069
20158186,20158186,21908069
20160005,20160005,21908069
20161012,20161012,21908069
20162718,20162718,21908069
20162789,20162789,21908069
20162817,20162817,21908069
20166084,20166084,21908069
20166103,20166103,21908069
20166485,20166485,21908069
20166588,20166588,21908069
20167153,20167153,21908069
20168117,20168117,21908069
20168325,20168325,21908069
20168557,20168557,21908069
20169233,20169233,21908069
20169958,20169958,21908069
20171479,20171479,21908069
20172176,20172176,21908069
20172233,20172233,21908069
20173711,20173711,21908069
20174539,20174539,21908069
20174824,20174824,21908069
20175046,20175046,21908069
20175080,20175080,21908069
20176063,20176063,21908069
20176559,20176559,21908069
20177445,20177445,21908069
20177919,20177919,21908069
20178274,20178274,21908069
20178316,20178316,21908069
20178688,20178688,21908069
20179174,20179174,21908069
20179400,20179400,21908069
20179861,20179861,21908069
20180253,20180253,21908069
20180531,20180531,21908069
20181166,20181166,21908069
20181216,20181216,21908069
20181376,20181376,21908069
20181648,20181648,21908069
20182966,20182966,21908069
20183319,20183319,21908069
20183431,20183431,21908069
20183613,20183613,21908069
20185206,20185206,21908069
20185673,20185673,21908069
20186082,20186082,21908069
20186250,20186250,21908069
20186596,20186596,21908069
20186842,20186842,21908069
20187338,20187338,21908069
20187600,20187600,21908069
20187631,20187631,21908069
20187736,20187736,21908069
20188382,20188382,21908069
20188842,20188842,21908069
20189367,20189367,21908069
20189714,20189714,21908069
20189928,20189928,21908069
20192454,20192454,21908069
20192696,20192696,21908069
20192855,20192855,21908069
20192883,20192883,21908069
20192954,20192954,21908069
20193067,20193067,21908069
20194209,20194209,21908069
20194265,20194265,21908069
20194414,20194414,21908069
20194494,20194494,21908069
20194782,20194782,21908069
20194860,20194860,21908069
20195069,20195069,21908069
20195165,20195165,21908069
20195326,20195326,21908069
20196518,20196518,21908069
20196917,20196917,21908069
20197107,20197107,21908069
20198505,20198505,21908069
20198669,20198669,21908069
20198696,20198696,21908069
20199086,20199086,21908069
20199371,20199371,21908069
20200047,20200047,21908069
20200199,20200199,21908069
20200565,20200565,21908069
20201697,20201697,21908069
20201727,20201727,21908069
20202827,20202827,21908069
20203396,20203396,21908069
20204003,20204003,21908069
20204177,20204177,21908069
20204690,20204690,21908069
20205214,20205214,21908069
20206273,20206273,21908069
20206649,20206649,21908069
20207204,20207204,21908069
20209975,20209975,21908069
20210149,20210149,21908069
20210709,20210709,21908069
20210897,20210897,21908069
20212082,20212082,21908069
20212102,20212102,21908069
20212117,20212117,21908069
20212661,20212661,21908069
20214880,20214880,21908069
20215122,20215122,21908069
20215284,20215284,21908069
20217834,20217834,21908069
20217989,20217989,21908069
20218870,20218870,21908069
20220929,20220929,21908069
20220993,20220993,21908069
20221266,20221266,21908069
20221700,20221700,21908069
20221865,20221865,21908069
20221885,20221885,21908069
20222974,20222974,21908069
20224008,20224008,21908069
20224876,20224876,21908069
20225689,20225689,21908069
20225711,20225711,21908069
20226215,20226215,21908069
20226348,20226348,21908069
20227048,20227048,21908069
20228025,20228025,21908069
20228217,20228217,21908069
20229229,20229229,21908069
20229426,20229426,21908069
20229584,20229584,21908069
20229636,20229636,21908069
20229696,20229696,21908069
20229857,20229857,21908069
20230046,20230046,21908069
20230179,20230179,21908069
20230251,20230251,21908069
20230257,20230257,21908069
20231787,20231787,21908069
20232093,20232093,21908069
20232834,20232834,21908069
20233184,20233184,21908069
20233820,20233820,21908069
20234819,20234819,21908069
20234943,20234943,21908069
20235190,20235190,21908069
20235279,20235279,21908069
20235357,20235357,21908069
20236220,20236220,21908069
20237023,20237023,21908069
20237237,20237237,21908069
20237881,20237881,21908069
20238501,20238501,21908069
20239277,20239277,21908069
20239341,20239341,21908069
20241056,20241056,21908069
20241131,20241131,21908069
20241155,20241155,21908069
20242419,20242419,21908069
20242517,20242517,21908069
20242840,20242840,21908069
20242985,20242985,21908069
20243350,20243350,21908069
20243434,20243434,21908069
20243556,20243556,21908069
20243817,20243817,21908069
20245004,20245004,21908069
20245091,20245091,21908069
20245239,20245239,21908069
20245731,20245731,21908069
20245749,20245749,21908069
20246930,20246930,21908069
20247762,20247762,21908069
20248085,20248085,21908069
20249273,20249273,21908069
20249714,20249714,21908069
20250532,20250532,21908069
20250543,20250543,21908069
20250903,20250903,21908069
20251361,20251361,21908069
20251886,20251886,21908069
20251999,20251999,21908069
20252036,20252036,21908069
20253263,20253263,21908069
20253316,20253316,21908069
20253368,20253368,21908069
20253521,20253521,21908069
20254976,20254976,21908069
20257871,20257871,21908069
20258105,20258105,21908069
20258535,20258535,21908069
20258598,20258598,21908069
20258921,20258921,21908069
20259795,20259795,21908069
20260149,20260149,21908069
20260293,20260293,21908069
20260327,20260327,21908069
20261130,20261130,21908069
20261400,20261400,21908069
20263157,20263157,21908069
20263639,20263639,21908069
20264268,20264268,21908069
20264484,20264484,21908069
20264778,20264778,21908069
20264791,20264791,21908069
20264870,20264870,21908069
20265516,20265516,21908069
20265591,20265591,21908069
20266294,20266294,21908069
20266704,20266704,21908069
20267015,20267015,21908069
20267432,20267432,21908069
20267673,20267673,21908069
20268868,20268868,21908069
20269565,20269565,21908069
20270732,20270732,21908069
20271590,20271590,21908069
20272034,20272034,21908069
20272096,20272096,21908069
20272779,20272779,21908069
20272871,20272871,21908069
20273293,20273293,21908069
20273527,20273527,21908069
20273788,20273788,21908069
20274478,20274478,21908069
20274712,20274712,21908069
20274806,20274806,21908069
20275597,20275597,21908069
20276272,20276272,21908069
20276343,20276343,21908069
20276904,20276904,21908069
20278442,20278442,21908069
20278877,20278877,21908069
20279930,20279930,21908069
20279969,20279969,21908069
20280430,20280430,21908069
20281158,20281158,21908069
20281856,20281856,21908069
20282589,20282589,21908069
20283137,20283137,21908069
20283511,20283511,21908069
20283940,20283940,21908069
20284211,20284211,21908069
20284541,20284541,21908069
20284674,20284674,21908069
20286388,20286388,21908069
20286728,20286728,21908069
20287075,20287075,21908069
20287498,20287498,21908069
20287600,20287600,21908069
20287989,20287989,21908069
20288321,20288321,21908069
20288614,20288614,21908069
20288910,20288910,21908069
20288963,20288963,21908069
20289103,20289103,21908069
20289397,20289397,21908069
20289418,20289418,21908069
20290394,20290394,21908069
20290665,20290665,21908069
20291840,20291840,21908069
20293045,20293045,21908069
20293330,20293330,21908069
20293778,20293778,21908069
20293843,20293843,21908069
20293879,20293879,21908069
20294159,20294159,21908069
20294565,20294565,21908069
20295905,20295905,21908069
20295957,20295957,21908069
20296268,20296268,21908069
20296385,20296385,21908069
20296535,20296535,21908069
20296919,20296919,21908069
20297241,20297241,21908069
20297349,20297349,21908069
20298328,20298328,21908069
20298401,20298401,21908069
20298631,20298631,21908069
20299241,20299241,21908069
20299712,20299712,21908069
20300200,20300200,21908069
20303665,20303665,21908069
20304009,20304009,21908069
20304584,20304584,21908069
20306110,20306110,21908069
20307273,20307273,21908069
20307319,20307319,21908069
20307592,20307592,21908069
20307820,20307820,21908069
20308165,20308165,21908069
20308535,20308535,21908069
20308718,20308718,21908069
20309030,20309030,21908069
20309079,20309079,21908069
20309832,20309832,21908069
20310400,20310400,21908069
20311059,20311059,21908069
20311669,20311669,21908069
20311737,20311737,21908069
20312464,20312464,21908069
20314407,20314407,21908069
20314828,20314828,21908069
20316226,20316226,21908069
20317125,20317125,21908069
20317331,20317331,21908069
20318510,20318510,21908069
20318918,20318918,21908069
20318992,20318992,21908069
20320855,20320855,21908069
20322196,20322196,21908069
20322269,20322269,21908069
20322278,20322278,21908069
20322330,20322330,21908069
20322607,20322607,21908069
20323075,20323075,21908069
20323344,20323344,21908069
20324369,20324369,21908069
20324436,20324436,21908069
20325171,20325171,21908069
20326681,20326681,21908069
20326910,20326910,21908069
20326994,20326994,21908069
20327972,20327972,21908069
20328053,20328053,21908069
20330234,20330234,21908069
20331436,20331436,21908069
20331668,20331668,21908069
20332427,20332427,21908069
20332542,20332542,21908069
20332561,20332561,21908069
20333261,20333261,21908069
20333349,20333349,21908069
20333860,20333860,21908069
20334816,20334816,21908069
20334889,20334889,21908069
20335218,20335218,21908069
20335519,20335519,21908069
20335651,20335651,21908069
20335872,20335872,21908069
20336710,20336710,21908069
20336938,20336938,21908069
20337610,20337610,21908069
20337969,20337969,21908069
20338195,20338195,21908069
20338438,20338438,21908069
20339147,20339147,21908069
20340322,20340322,21908069
20341760,20341760,21908069
20342085,20342085,21908069
20342093,20342093,21908069
20342355,20342355,21908069
20342470,20342470,21908069
20342831,20342831,21908069
20342987,20342987,21908069
20344164,20344164,21908069
20344432,20344432,21908069
20345696,20345696,21908069
20346734,20346734,21908069
20346997,20346997,21908069
20348327,20348327,21908069
20348890,20348890,21908069
20348984,20348984,21908069
20349020,20349020,21908069
20349522,20349522,21908069
20349579,20349579,21908069
20349749,20349749,21908069
20350659,20350659,21908069
20350897,20350897,21908069
20351208,20351208,21908069
20351835,20351835,21908069
20352389,20352389,21908069
20353226,20353226,21908069
20353399,20353399,21908069
20353603,20353603,21908069
20354189,20354189,21908069
20354722,20354722,21908069
20355694,20355694,21908069
20355773,20355773,21908069
20357169,20357169,21908069
20357498,20357498,21908069
20357567,20357567,21908069
20357811,20357811,21908069
20357948,20357948,21908069
20358155,20358155,21908069
20359264,20359264,21908069
20359753,20359753,21908069
20360269,20360269,21908069
20361543,20361543,21908069
20362556,20362556,21908069
20362867,20362867,21908069
20363016,20363016,21908069
20363224,20363224,21908069
20364433,20364433,21908069
20364817,20364817,21908069
20365885,20365885,21908069
20365994,20365994,21908069
20366030,20366030,21908069
20366394,20366394,21908069
20366690,20366690,21908069
20366987,20366987,21908069
20367812,20367812,21908069
20368231,20368231,21908069
20368497,20368497,21908069
20370084,20370084,21908069
20370280,20370280,21908069
20371199,20371199,21908069
20371740,20371740,21908069
20371875,20371875,21908069
20372213,20372213,21908069
20372219,20372219,21908069
20373304,20373304,21908069
20373415,20373415,21908069
20373574,20373574,21908069
20373764,20373764,21908069
20375748,20375748,21908069
20376263,20376263,21908069
20377031,20377031,21908069
20377395,20377395,21908069
20377963,20377963,21908069
20378027,20378027,21908069
20378319,20378319,21908069
20378724,20378724,21908069
20379357,20379357,21908069
20380170,20380170,21908069
20382526,20382526,21908069
20383989,20383989,21908069
20384573,20384573,21908069
20386085,20386085,21908069
20386519,20386519,21908069
20386773,20386773,21908069
20387289,20387289,21908069
20387782,20387782,21908069
20388339,20388339,21908069
20388555,20388555,21908069
20388594,20388594,21908069
20389076,20389076,21908069
20389594,20389594,21908069
20390048,20390048,21908069
20390293,20390293,21908069
20390683,20390683,21908069
20391980,20391980,21908069
20392017,20392017,21908069
20392104,20392104,21908069
20392458,20392458,21908069
20393023,20393023,21908069
20393353,20393353,21908069
20393834,20393834,21908069
20394665,20394665,21908069
20394841,20394841,21908069
20394962,20394962,21908069
20396067,20396067,21908069
20396721,20396721,21908069
20396996,20396996,21908069
20397165,20397165,21908069
20398436,20398436,21908069
20398885,20398885,21908069
20399303,20399303,21908069
20399817,20399817,21908069
20400521,20400521,21908069
20401625,20401625,21908069
20401770,20401770,21908069
20402769,20402769,21908069
20402939,20402939,21908069
20403103,20403103,21908069
20403122,20403122,21908069
20403578,20403578,21908069
20404141,20404141,21908069
20404879,20404879,21908069
20407202,20407202,21908069
20407222,20407222,21908069
20407707,20407707,21908069
20407986,20407986,21908069
20408139,20408139,21908069
20408565,20408565,21908069
20409054,20409054,21908069
20409114,20409114,21908069
20409486,20409486,21908069
20409546,20409546,21908069
20410089,20410089,21908069
20410352,20410352,21908069
20410479,20410479,21908069
20410739,20410739,21908069
20412195,20412195,21908069
20412328,20412328,21908069
20412370,20412370,21908069
20412434,20412434,21908069
20412560,20412560,21908069
20412971,20412971,21908069
20413168,20413168,21908069
20413582,20413582,21908069
20413622,20413622,21908069
20414593,20414593,21908069
20415779,20415779,21908069
20416228,20416228,21908069
20417125,20417125,21908069
20418299,20418299,21908069
20418955,20418955,21908069
20419401,20419401,21908069
20419503,20419503,21908069
20419679,20419679,21908069
20419818,20419818,21908069
20421935,20421935,21908069
20422276,20422276,21908069
20422668,20422668,21908069
20422978,20422978,21908069
20423109,20423109,21908069
20423958,20423958,21908069
20424140,20424140,21908069
20424985,20424985,21908069
20426456,20426456,21908069
20426950,20426950,21908069
20427006,20427006,21908069
20427058,20427058,21908069
20427389,20427389,21908069
20428371,20428371,21908069
20429205,20429205,21908069
20429311,20429311,21908069
20429467,20429467,21908069
20429637,20429637,21908069
20430315,20430315,21908069
20430324,20430324,21908069
20430702,20430702,21908069
20430716,20430716,21908069
20431081,20431081,21908069
20431230,20431230,21908069
20431930,20431930,21908069
20431995,20431995,21908069
20432186,20432186,21908069
20432566,20432566,21908069
20432613,20432613,21908069
20432775,20432775,21908069
20433163,20433163,21908069
20434076,20434076,21908069
20436550,20436550,21908069
20436685,20436685,21908069
20436815,20436815,21908069
20437696,20437696,21908069
20438185,20438185,21908069
20438227,20438227,21908069
20438235,20438235,21908069
20438323,20438323,21908069
20438414,20438414,21908069
20438677,20438677,21908069
20438717,20438717,21908069
20438745,20438745,21908069
20438999,20438999,21908069
20439162,20439162,21908069
20439970,20439970,21908069
20440001,20440001,21908069
20441399,20441399,21908069
20441856,20441856,21908069
20441876,20441876,21908069
20442136,20442136,21908069
20442418,20442418,21908069
20443182,20443182,21908069
20443422,20443422,21908069
20444708,20444708,21908069
20446362,20446362,21908069
20447248,20447248,21908069
20449085,20449085,21908069
20449164,20449164,21908069
20449358,20449358,21908069
20449385,20449385,21908069
20450190,20450190,21908069
20450246,20450246,21908069
20450282,20450282,21908069
20450387,20450387,21908069
20450817,20450817,21908069
20451305,20451305,21908069
20451629,20451629,21908069
20451717,20451717,21908069
20452152,20452152,21908069
20452273,20452273,21908069
20452396,20452396,21908069
20452744,20452744,21908069
20453055,20453055,21908069
20453980,20453980,21908069
20454847,20454847,21908069
20454977,20454977,21908069
20455239,20455239,21908069
20455446,20455446,21908069
20455822,20455822,21908069
20456296,20456296,21908069
20456650,20456650,21908069
20456873,20456873,21908069
20456920,20456920,21908069
20457179,20457179,21908069
20457670,20457670,21908069
20457801,20457801,21908069
20457888,20457888,21908069
20458229,20458229,21908069
20458763,20458763,21908069
20459015,20459015,21908069
20460027,20460027,21908069
20460455,20460455,21908069
20460685,20460685,21908069
20460791,20460791,21908069
20460825,20460825,21908069
20461809,20461809,21908069
20461872,20461872,21908069
20461913,20461913,21908069
20461985,20461985,21908069
20462584,20462584,21908069
20462918,20462918,21908069
20463621,20463621,21908069
20463817,20463817,21908069
20464506,20464506,21908069
20465235,20465235,21908069
20466055,20466055,21908069
20466565,20466565,21908069
20466637,20466637,21908069
20466880,20466880,21908069
20467702,20467702,21908069
20468050,20468050,21908069
20468449,20468449,21908069
20470060,20470060,21908069
20470242,20470242,21908069
20470435,20470435,21908069
20471660,20471660,21908069
20472007,20472007,21908069
20472056,20472056,21908069
20472175,20472175,21908069
20472494,20472494,21908069
20473387,20473387,21908069
20474775,20474775,21908069
20475165,20475165,21908069
20475569,20475569,21908069
20475583,20475583,21908069
20476119,20476119,21908069
20477216,20477216,21908069
20477249,20477249,21908069
20477614,20477614,21908069
20477671,20477671,21908069
20477929,20477929,21908069
20478539,20478539,21908069
20479016,20479016,21908069
20480270,20480270,21908069
20480586,20480586,21908069
20480631,20480631,21908069
20481242,20481242,21908069
20481917,20481917,21908069
20481987,20481987,21908069
20482029,20482029,21908069
20482236,20482236,21908069
20483359,20483359,21908069
20484128,20484128,21908069
20485248,20485248,21908069
20487001,20487001,21908069
20487416,20487416,21908069
20487988,20487988,21908069
20490073,20490073,21908069
20491065,20491065,21908069
20491078,20491078,21908069
20491553,20491553,21908069
20492749,20492749,21908069
20494390,20494390,21908069
20494581,20494581,21908069
20495084,20495084,21908069
20495099,20495099,21908069
20497175,20497175,21908069
20497242,20497242,21908069
20497270,20497270,21908069
20497325,20497325,21908069
20497743,20497743,21908069
20498158,20498158,21908069
20498869,20498869,21908069
20499518,20499518,21908069
20499617,20499617,21908069
20500214,20500214,21908069
20500814,20500814,21908069
20501767,20501767,21908069
20502320,20502320,21908069
20503252,20503252,21908069
20504156,20504156,21908069
20504671,20504671,21908069
20504757,20504757,21908069
20504869,20504869,21908069
20507256,20507256,21908069
20507742,20507742,21908069
20507982,20507982,21908069
20508020,20508020,21908069
20508670,20508670,21908069
20508849,20508849,21908069
20510292,20510292,21908069
20510451,20510451,21908069
20510820,20510820,21908069
20511041,20511041,21908069
20511726,20511726,21908069
20512737,20512737,21908069
20513032,20513032,21908069
20513277,20513277,21908069
20514892,20514892,21908069
20515237,20515237,21908069
20515309,20515309,21908069
20515599,20515599,21908069
20515884,20515884,21908069
20516246,20516246,21908069
20516947,20516947,21908069
20516963,20516963,21908069
20518066,20518066,21908069
20518437,20518437,21908069
20519015,20519015,21908069
20520260,20520260,21908069
20520476,20520476,21908069
20520525,20520525,21908069
20521286,20521286,21908069
20522164,20522164,21908069
20522251,20522251,21908069
20522346,20522346,21908069
20522616,20522616,21908069
20522910,20522910,21908069
20523066,20523066,21908069
20523203,20523203,21908069
20523811,20523811,21908069
20523978,20523978,21908069
20524309,20524309,21908069
20524398,20524398,21908069
20524647,20524647,21908069
20524860,20524860,21908069
20525057,20525057,21908069
20525095,20525095,21908069
20526184,20526184,21908069
20526211,20526211,21908069
20527577,20527577,21908069
20527938,20527938,21908069
20528951,20528951,21908069
20529206,20529206,21908069
20529759,20529759,21908069
20530001,20530001,21908069
20530136,20530136,21908069
20530699,20530699,21908069
20530714,20530714,21908069
20530913,20530913,21908069
20532906,20532906,21908069
20533151,20533151,21908069
20534296,20534296,21908069
20534642,20534642,21908069
20535518,20535518,21908069
20536014,20536014,21908069
20536340,20536340,21908069
20536490,20536490,21908069
20536650,20536650,21908069
20536942,20536942,21908069
20537140,20537140,21908069
20537613,20537613,21908069
20537674,20537674,21908069
20537949,20537949,21908069
20538124,20538124,21908069
20539099,20539099,21908069
20540032,20540032,21908069
20540242,20540242,21908069
20541514,20541514,21908069
20541946,20541946,21908069
20542730,20542730,21908069
20543939,20543939,21908069
20544587,20544587,21908069
20544815,20544815,21908069
20545059,20545059,21908069
20545079,20545079,21908069
20545562,20545562,21908069
20546079,20546079,21908069
20547206,20547206,21908069
20547881,20547881,21908069
20548114,20548114,21908069
20548296,20548296,21908069
20548377,20548377,21908069
20549244,20549244,21908069
20549570,20549570,21908069
20550631,20550631,21908069
20551111,20551111,21908069
20551657,20551657,21908069
20552177,20552177,21908069
20552506,20552506,21908069
20552703,20552703,21908069
20553008,20553008,21908069
20553428,20553428,21908069
20553758,20553758,21908069
20554142,20554142,21908069
20555135,20555135,21908069
20555366,20555366,21908069
20555660,20555660,21908069
20555686,20555686,21908069
20555910,20555910,21908069
20555923,20555923,21908069
20556114,20556114,21908069
20556774,20556774,21908069
20557297,20557297,21908069
20557452,20557452,21908069
20557786,20557786,21908069
20558124,20558124,21908069
20558227,20558227,21908069
20558277,20558277,21908069
20560567,20560567,21908069
20561958,20561958,21908069
20562166,20562166,21908069
20562480,20562480,21908069
20562751,20562751,21908069
20562853,20562853,21908069
20563828,20563828,21908069
20564453,20564453,21908069
20564639,20564639,21908069
20565290,20565290,21908069
20565851,20565851,21908069
20566077,20566077,21908069
20566364,20566364,21908069
20566883,20566883,21908069
20567109,20567109,21908069
20567240,20567240,21908069
20567952,20567952,21908069
20568318,20568318,21908069
20568636,20568636,21908069
20568677,20568677,21908069
20569039,20569039,21908069
20571814,20571814,21908069
20572969,20572969,21908069
20574313,20574313,21908069
20574813,20574813,21908069
20574898,20574898,21908069
20574993,20574993,21908069
20575679,20575679,21908069
20575716,20575716,21908069
20577140,20577140,21908069
20577865,20577865,21908069
20578235,20578235,21908069
20578837,20578837,21908069
20579875,20579875,21908069
20581457,20581457,21908069
20583125,20583125,21908069
20583365,20583365,21908069
20583932,20583932,21908069
20584593,20584593,21908069
20585386,20585386,21908069
20586521,20586521,21908069
20586801,20586801,21908069
20586914,20586914,21908069
20587448,20587448,21908069
20588131,20588131,21908069
20588531,20588531,21908069
20589013,20589013,21908069
20589700,20589700,21908069
20592503,20592503,21908069
20594313,20594313,21908069
20596545,20596545,21908069
20597259,20597259,21908069
20597677,20597677,21908069
20598790,20598790,21908069
20599240,20599240,21908069
20599304,20599304,21908069
20600426,20600426,21908069
20600498,20600498,21908069
20601109,20601109,21908069
20601115,20601115,21908069
20601227,20601227,21908069
20601499,20601499,21908069
20601885,20601885,21908069
20602166,20602166,21908069
20602318,20602318,21908069
20602665,20602665,21908069
20602726,20602726,21908069
20602732,20602732,21908069
20603580,20603580,21908069
20603897,20603897,21908069
20603944,20603944,21908069
20604179,20604179,21908069
20604402,20604402,21908069
20605415,20605415,21908069
20606308,20606308,21908069
20606437,20606437,21908069
20607289,20607289,21908069
20608298,20608298,21908069
20608720,20608720,21908069
20609707,20609707,21908069
20610483,20610483,21908069
20610651,20610651,21908069
20610978,20610978,21908069
20611297,20611297,21908069
20611686,20611686,21908069
20611770,20611770,21908069
20611969,20611969,21908069
20612099,20612099,21908069
20612264,20612264,21908069
20612323,20612323,21908069
20613150,20613150,21908069
20613285,20613285,21908069
20613967,20613967,21908069
20614035,20614035,21908069
20614713,20614713,21908069
20615094,20615094,21908069
20615198,20615198,21908069
20616384,20616384,21908069
20617729,20617729,21908069
20618046,20618046,21908069
20618497,20618497,21908069
20620028,20620028,21908069
20620720,20620720,21908069
20621141,20621141,21908069
20621341,20621341,21908069
20621884,20621884,21908069
20622002,20622002,21908069
20622526,20622526,21908069
20622569,20622569,21908069
20622768,20622768,21908069
20623850,20623850,21908069
20623950,20623950,21908069
20623992,20623992,21908069
20624814,20624814,21908069
20625274,20625274,21908069
20626079,20626079,21908069
20626812,20626812,21908069
20627763,20627763,21908069
20628348,20628348,21908069
20628604,20628604,21908069
20628775,20628775,21908069
20629059,20629059,21908069
20629577,20629577,21908069
20630425,20630425,21908069
20630442,20630442,21908069
20630567,20630567,21908069
20631446,20631446,21908069
20631797,20631797,21908069
20632910,20632910,21908069
20633404,20633404,21908069
20633489,20633489,21908069
20635029,20635029,21908069
20635641,20635641,21908069
20635800,20635800,21908069
20636266,20636266,21908069
20636338,20636338,21908069
20636750,20636750,21908069
20636905,20636905,21908069
20637963,20637963,21908069
20638380,20638380,21908069
20638855,20638855,21908069
20640014,20640014,21908069
20640992,20640992,21908069
20640999,20640999,21908069
20641098,20641098,21908069
20641701,20641701,21908069
20641940,20641940,21908069
20642186,20642186,21908069
20642610,20642610,21908069
20642697,20642697,21908069
20642743,20642743,21908069
20643119,20643119,21908069
20643554,20643554,21908069
20644069,20644069,21908069
20644456,20644456,21908069
20644889,20644889,21908069
20645217,20645217,21908069
20645544,20645544,21908069
20645665,20645665,21908069
20646035,20646035,21908069
20646664,20646664,21908069
20646706,20646706,21908069
20647705,20647705,21908069
20648596,20648596,21908069
20649454,20649454,21908069
20649549,20649549,21908069
20650105,20650105,21908069
20650314,20650314,21908069
20650573,20650573,21908069
20651405,20651405,21908069
20651635,20651635,21908069
20653925,20653925,21908069
20655642,20655642,21908069
20655677,20655677,21908069
20655937,20655937,21908069
20655968,20655968,21908069
20655990,20655990,21908069
20656408,20656408,21908069
20656843,20656843,21908069
20656881,20656881,21908069
20657205,20657205,21908069
20658051,20658051,21908069
20658368,20658368,21908069
20659543,20659543,21908069
20659791,20659791,21908069
20660498,20660498,21908069
20660711,20660711,21908069
20660831,20660831,21908069
20660983,20660983,21908069
20661436,20661436,21908069
20661901,20661901,21908069
20662668,20662668,21908069
20663002,20663002,21908069
20664121,20664121,21908069
20665356,20665356,21908069
20665425,20665425,21908069
20666200,20666200,21908069
20666984,20666984,21908069
20667188,20667188,21908069
20667568,20667568,21908069
20668101,20668101,21908069
20669114,20669114,21908069
20669154,20669154,21908069
20669186,20669186,21908069
20669281,20669281,21908069
20670105,20670105,21908069
20670131,20670131,21908069
20670363,20670363,21908069
20670445,20670445,21908069
20670589,20670589,21908069
20671013,20671013,21908069
20671113,20671113,21908069
20671163,20671163,21908069
20671366,20671366,21908069
20672341,20672341,21908069
20672455,20672455,21908069
20672789,20672789,21908069
20673681,20673681,21908069
20674118,20674118,21908069
20674340,20674340,21908069
20674594,20674594,21908069
20675177,20675177,21908069
20675597,20675597,21908069
20676548,20676548,21908069
20676768,20676768,21908069
20677027,20677027,21908069
20677164,20677164,21908069
20677220,20677220,21908069
20678073,20678073,21908069
20678141,20678141,21908069
20678732,20678732,21908069
20681016,20681016,21908069
20681969,20681969,21908069
20682550,20682550,21908069
20683396,20683396,21908069
20683764,20683764,21908069
20684827,20684827,21908069
20684986,20684986,21908069
20685260,20685260,21908069
20686586,20686586,21908069
20687393,20687393,21908069
20688381,20688381,21908069
20690009,20690009,21908069
20690194,20690194,21908069
20690615,20690615,21908069
20690895,20690895,21908069
20690930,20690930,21908069
20691217,20691217,21908069
20691798,20691798,21908069
20691815,20691815,21908069
20691844,20691844,21908069
20692321,20692321,21908069
20692352,20692352,21908069
20692364,20692364,21908069
20693256,20693256,21908069
20693402,20693402,21908069
20693696,20693696,21908069
20695065,20695065,21908069
20695105,20695105,21908069
20695149,20695149,21908069
20695328,20695328,21908069
20696126,20696126,21908069
20696228,20696228,21908069
20696535,20696535,21908069
20696551,20696551,21908069
20697193,20697193,21908069
20697667,20697667,21908069
20697769,20697769,21908069
20698005,20698005,21908069
20698570,20698570,21908069
20698575,20698575,21908069
20698587,20698587,21908069
20698981,20698981,21908069
20699093,20699093,21908069
20699391,20699391,21908069
20702468,20702468,21908069
20703272,20703272,21908069
20703594,20703594,21908069
20704952,20704952,21908069
20704987,20704987,21908069
20705186,20705186,21908069
20705742,20705742,21908069
20705799,20705799,21908069
20706200,20706200,21908069
20707743,20707743,21908069
20708167,20708167,21908069
20709629,20709629,21908069
20710177,20710177,21908069
20710916,20710916,21908069
20711664,20711664,21908069
20711777,20711777,21908069
20711904,20711904,21908069
20712340,20712340,21908069
20712406,20712406,21908069
20712804,20712804,21908069
20712919,20712919,21908069
20713331,20713331,21908069
20714138,20714138,21908069
20714763,20714763,21908069
20715455,20715455,21908069
20715699,20715699,21908069
20717188,20717188,21908069
20717930,20717930,21908069
20718364,20718364,21908069
20718591,20718591,21908069
20719464,20719464,21908069
20719644,20719644,21908069
20719655,20719655,21908069
20719987,20719987,21908069
20720090,20720090,21908069
20720330,20720330,21908069
20720348,20720348,21908069
20720931,20720931,21908069
20720964,20720964,21908069
20723584,20723584,21908069
20724239,20724239,21908069
20724371,20724371,21908069
20724797,20724797,21908069
20724884,20724884,21908069
20726115,20726115,21908069
20727518,20727518,21908069
20728201,20728201,21908069
20729192,20729192,21908069
20729216,20729216,21908069
20729803,20729803,21908069
20729874,20729874,21908069
20730349,20730349,21908069
20730357,20730357,21908069
20730376,20730376,21908069
20730789,20730789,21908069
20731453,20731453,21908069
20731724,20731724,21908069
20731963,20731963,21908069
20732077,20732077,21908069
20732507,20732507,21908069
20732655,20732655,21908069
20732695,20732695,21908069
20733404,20733404,21908069
20733412,20733412,21908069
20735575,20735575,21908069
20735695,20735695,21908069
20735765,20735765,21908069
20736035,20736035,21908069
20736490,20736490,21908069
20737046,20737046,21908069
20737132,20737132,21908069
20737483,20737483,21908069
20738342,20738342,21908069
20738357,20738357,21908069
20739323,20739323,21908069
20740491,20740491,21908069
20740568,20740568,21908069
20741637,20741637,21908069
20741799,20741799,21908069
20742442,20742442,21908069
20742538,20742538,21908069
20743481,20743481,21908069
20743807,20743807,21908069
20744362,20744362,21908069
20744639,20744639,21908069
20745187,20745187,21908069
20745536,20745536,21908069
20745837,20745837,21908069
20746610,20746610,21908069
20746668,20746668,21908069
20747919,20747919,21908069
20749370,20749370,21908069
20750888,20750888,21908069
20751230,20751230,21908069
20751807,20751807,21908069
20753421,20753421,21908069
20754751,20754751,21908069
20755123,20755123,21908069
20756517,20756517,21908069
20756647,20756647,21908069
20757292,20757292,21908069
20758643,20758643,21908069
20759908,20759908,21908069
20760293,20760293,21908069
20761553,20761553,21908069
20761571,20761571,21908069
20761808,20761808,21908069
20763126,20763126,21908069
20763643,20763643,21908069
20763945,20763945,21908069
20764485,20764485,21908069
20765043,20765043,21908069
20765441,20765441,21908069
20766717,20766717,21908069
20766977,20766977,21908069
20767039,20767039,21908069
20768194,20768194,21908069
20770046,20770046,21908069
20770106,20770106,21908069
20770247,20770247,21908069
20770680,20770680,21908069
20771190,20771190,21908069
20771394,20771394,21908069
20772882,20772882,21908069
20772936,20772936,21908069
20773024,20773024,21908069
20773973,20773973,21908069
20774561,20774561,21908069
20775007,20775007,21908069
20775756,20775756,21908069
20776340,20776340,21908069
20776493,20776493,21908069
20776895,20776895,21908069
20777247,20777247,21908069
20778152,20778152,21908069
20778683,20778683,21908069
20779193,20779193,21908069
20779632,20779632,21908069
20779707,20779707,21908069
20780287,20780287,21908069
20780556,20780556,21908069
20780840,20780840,21908069
20781137,20781137,21908069
20782610,20782610,21908069
20783347,20783347,21908069
20785820,20785820,21908069
20786455,20786455,21908069
20786665,20786665,21908069
20786849,20786849,21908069
20787478,20787478,21908069
20787660,20787660,21908069
20787674,20787674,21908069
20787996,20787996,21908069
20788138,20788138,21908069
20788268,20788268,21908069
20788289,20788289,21908069
20788648,20788648,21908069
20789249,20789249,21908069
20789348,20789348,21908069
20792522,20792522,21908069
20792591,20792591,21908069
20792675,20792675,21908069
20793536,20793536,21908069
20793704,20793704,21908069
20793913,20793913,21908069
20794326,20794326,21908069
20794580,20794580,21908069
20794736,20794736,21908069
20794839,20794839,21908069
20795939,20795939,21908069
20795945,20795945,21908069
20796008,20796008,21908069
20796347,20796347,21908069
20796701,20796701,21908069
20796947,20796947,21908069
20796973,20796973,21908069
20797319,20797319,21908069
20797652,20797652,21908069
20797704,20797704,21908069
20798387,20798387,21908069
20798435,20798435,21908069
20798504,20798504,21908069
20798761,20798761,21908069
20799467,20799467,21908069
20801523,20801523,21908069
20802424,20802424,21908069
20803405,20803405,21908069
20803411,20803411,21908069
20804328,20804328,21908069
20804482,20804482,21908069
20804537,20804537,21908069
20804693,20804693,21908069
20804880,20804880,21908069
20805184,20805184,21908069
20805505,20805505,21908069
20805742,20805742,21908069
20805771,20805771,21908069
20806425,20806425,21908069
20806568,20806568,21908069
20806773,20806773,21908069
20807413,20807413,21908069
20808368,20808368,21908069
20808714,20808714,21908069
20808981,20808981,21908069
20809563,20809563,21908069
20809604,20809604,21908069
20810084,20810084,21908069
20811314,20811314,21908069
20811522,20811522,21908069
20812435,20812435,21908069
20812565,20812565,21908069
20814010,20814010,21908069
20814530,20814530,21908069
20815405,20815405,21908069
20815923,20815923,21908069
20815941,20815941,21908069
20816092,20816092,21908069
20816836,20816836,21908069
20816917,20816917,21908069
20817116,20817116,21908069
20817554,20817554,21908069
20817608,20817608,21908069
20817814,20817814,21908069
20817833,20817833,21908069
20819069,20819069,21908069
20819773,20819773,21908069
20820124,20820124,21908069
20820490,20820490,21908069
20820509,20820509,21908069
20820643,20820643,21908069
20820700,20820700,21908069
20821161,20821161,21908069
20821807,20821807,21908069
20823584,20823584,21908069
20823735,20823735,21908069
20823926,20823926,21908069
20824921,20824921,21908069
20824995,20824995,21908069
20825772,20825772,21908069
20826576,20826576,21908069
20826645,20826645,21908069
20827856,20827856,21908069
20828461,20828461,21908069
20828553,20828553,21908069
20830068,20830068,21908069
20830130,20830130,21908069
20830145,20830145,21908069
20830853,20830853,21908069
20832398,20832398,21908069
20832891,20832891,21908069
20833463,20833463,21908069
20833466,20833466,21908069
20833517,20833517,21908069
20834419,20834419,21908069
20834521,20834521,21908069
20835106,20835106,21908069
20835208,20835208,21908069
20835294,20835294,21908069
20835806,20835806,21908069
20836369,20836369,21908069
20836603,20836603,21908069
20837843,20837843,21908069
20838640,20838640,21908069
20838898,20838898,21908069
20839707,20839707,21908069
20840473,20840473,21908069
20841066,20841066,21908069
20842355,20842355,21908069
20842595,20842595,21908069
20842957,20842957,21908069
20842966,20842966,21908069
20843099,20843099,21908069
20843203,20843203,21908069
20845209,20845209,21908069
20845361,20845361,21908069
20845472,20845472,21908069
20845945,20845945,21908069
20846162,20846162,21908069
20846445,20846445,21908069
20846619,20846619,21908069
20847191,20847191,21908069
20847321,20847321,21908069
20847530,20847530,21908069
20847566,20847566,21908069
20847944,20847944,21908069
20848073,20848073,21908069
20848218,20848218,21908069
20849218,20849218,21908069
20849333,20849333,21908069
20851184,20851184,21908069
20851934,20851934,21908069
20854282,20854282,21908069
20854543,20854543,21908069
20854720,20854720,21908069
20855115,20855115,21908069
20855591,20855591,21908069
20855787,20855787,21908069
20855884,20855884,21908069
20855956,20855956,21908069
20856507,20856507,21908069
20858059,20858059,21908069
20858270,20858270,21908069
20858523,20858523,21908069
20859064,20859064,21908069
20859585,20859585,21908069
20860124,20860124,21908069
20860180,20860180,21908069
20861555,20861555,21908069
20861610,20861610,21908069
20861724,20861724,21908069
20861741,20861741,21908069
20862364,20862364,21908069
20862415,20862415,21908069
20862542,20862542,21908069
20862696,20862696,21908069
20864742,20864742,21908069
20865363,20865363,21908069
20866060,20866060,21908069
20866184,20866184,21908069
20866469,20866469,21908069
20866586,20866586,21908069
20867816,20867816,21908069
20867871,20867871,21908069
20868451,20868451,21908069
20868636,20868636,21908069
20868977,20868977,21908069
20870597,20870597,21908069
20870809,20870809,21908069
20871672,20871672,21908069
20872411,20872411,21908069
20872476,20872476,21908069
20872598,20872598,21908069
20874237,20874237,21908069
20874252,20874252,21908069
20874891,20874891,21908069
20875328,20875328,21908069
20875554,20875554,21908069
20875630,20875630,21908069
20875845,20875845,21908069
20877834,20877834,21908069
20877973,20877973,21908069
20878229,20878229,21908069
20878385,20878385,21908069
20878614,20878614,21908069
20878696,20878696,21908069
20878804,20878804,21908069
20879579,20879579,21908069
20881403,20881403,21908069
20881474,20881474,21908069
20881666,20881666,21908069
20882466,20882466,21908069
20882592,20882592,21908069
20882722,20882722,21908069
20883427,20883427,21908069
20883574,20883574,21908069
20883655,20883655,21908069
20883793,20883793,21908069
20883829,20883829,21908069
20884089,20884089,21908069
20884920,20884920,21908069
20885254,20885254,21908069
20885399,20885399,21908069
20885582,20885582,21908069
20885613,20885613,21908069
20886064,20886064,21908069
20887387,20887387,21908069
20887417,20887417,21908069
20888858,20888858,21908069
20889426,20889426,21908069
20889530,20889530,21908069
20889579,20889579,21908069
20889741,20889741,21908069
20889817,20889817,21908069
20890350,20890350,21908069
20890756,20890756,21908069
20890965,20890965,21908069
20891491,20891491,21908069
20892692,20892692,21908069
20894115,20894115,21908069
20894646,20894646,21908069
20894701,20894701,21908069
20895360,20895360,21908069
20895914,20895914,21908069
20896107,20896107,21908069
20896666,20896666,21908069
20896791,20896791,21908069
20897057,20897057,21908069
20897473,20897473,21908069
20897830,20897830,21908069
20898540,20898540,21908069
20898960,20898960,21908069
20899468,20899468,21908069
20899588,20899588,21908069
20900421,20900421,21908069
20900964,20900964,21908069
20901842,20901842,21908069
20901935,20901935,21908069
20902150,20902150,21908069
20902472,20902472,21908069
20902553,20902553,21908069
20902578,20902578,21908069
20902953,20902953,21908069
20903191,20903191,21908069
20904477,20904477,21908069
20905543,20905543,21908069
20906747,20906747,21908069
20906974,20906974,21908069
20907460,20907460,21908069
20907559,20907559,21908069
20908441,20908441,21908069
20909808,20909808,21908069
20910075,20910075,21908069
20910244,20910244,21908069
20911050,20911050,21908069
20911124,20911124,21908069
20911193,20911193,21908069
20911194,20911194,21908069
20911300,20911300,21908069
20911887,20911887,21908069
20912971,20912971,21908069
20913038,20913038,21908069
20914005,20914005,21908069
20914239,20914239,21908069
20915145,20915145,21908069
20915255,20915255,21908069
20915678,20915678,21908069
20915838,20915838,21908069
20915996,20915996,21908069
20916060,20916060,21908069
20916878,20916878,21908069
20917064,20917064,21908069
20917613,20917613,21908069
20917932,20917932,21908069
20918428,20918428,21908069
20918899,20918899,21908069
20920471,20920471,21908069
20920511,20920511,21908069
20920632,20920632,21908069
20920801,20920801,21908069
20921155,20921155,21908069
20921170,20921170,21908069
20921426,20921426,21908069
20922063,20922063,21908069
20922463,20922463,21908069
20924152,20924152,21908069
20924366,20924366,21908069
20924617,20924617,21908069
20924728,20924728,21908069
20924866,20924866,21908069
20925158,20925158,21908069
20925374,20925374,21908069
20925712,20925712,21908069
20925933,20925933,21908069
20927090,20927090,21908069
20927957,20927957,21908069
20928934,20928934,21908069
20929422,20929422,21908069
20929953,20929953,21908069
20930123,20930123,21908069
20930206,20930206,21908069
20930323,20930323,21908069
20930425,20930425,21908069
20930905,20930905,21908069
20931808,20931808,21908069
20931863,20931863,21908069
20931866,20931866,21908069
20932085,20932085,21908069
20933119,20933119,21908069
20933762,20933762,21908069
20933995,20933995,21908069
20934009,20934009,21908069
20934407,20934407,21908069
20935753,20935753,21908069
20936225,20936225,21908069
20937234,20937234,21908069
20938028,20938028,21908069
20939304,20939304,21908069
20939768,20939768,21908069
20939775,20939775,21908069
20939897,20939897,21908069
20940437,20940437,21908069
20940650,20940650,21908069
20941308,20941308,21908069
20942501,20942501,21908069
20942584,20942584,21908069
20942587,20942587,21908069
20942963,20942963,21908069
20943132,20943132,21908069
20943716,20943716,21908069
20943841,20943841,21908069
20944224,20944224,21908069
20944792,20944792,21908069
20944921,20944921,21908069
20945124,20945124,21908069
20945646,20945646,21908069
20945693,20945693,21908069
20946317,20946317,21908069
20946469,20946469,21908069
20946520,20946520,21908069
20947233,20947233,21908069
20947585,20947585,21908069
20947774,20947774,21908069
20947903,20947903,21908069
20947970,20947970,21908069
20949952,20949952,21908069
20950690,20950690,21908069
20950994,20950994,21908069
20951704,20951704,21908069
20952004,20952004,21908069
20952237,20952237,21908069
20952615,20952615,21908069
20952653,20952653,21908069
20952964,20952964,21908069
20952977,20952977,21908069
20953705,20953705,21908069
20953872,20953872,21908069
20954068,20954068,21908069
20954370,20954370,21908069
20954434,20954434,21908069
20954578,20954578,21908069
20954870,20954870,21908069
20955268,20955268,21908069
20955309,20955309,21908069
20955787,20955787,21908069
20956510,20956510,21908069
20956957,20956957,21908069
20957039,20957039,21908069
20957318,20957318,21908069
20958036,20958036,21908069
20958860,20958860,21908069
20959386,20959386,21908069
20959884,20959884,21908069
20960033,20960033,21908069
20960050,20960050,21908069
20962831,20962831,21908069
20963552,20963552,21908069
20963575,20963575,21908069
20964242,20964242,21908069
20964376,20964376,21908069
20964747,20964747,21908069
20965480,20965480,21908069
20966569,20966569,21908069
20966939,20966939,21908069
20967997,20967997,21908069
20970212,20970212,21908069
20971643,20971643,21908069
20972261,20972261,21908069
20972511,20972511,21908069
20973015,20973015,21908069
20973147,20973147,21908069
20973316,20973316,21908069
20973588,20973588,21908069
20973758,20973758,21908069
20973809,20973809,21908069
20974552,20974552,21908069
20974814,20974814,21908069
20975200,20975200,21908069
20975788,20975788,21908069
20976537,20976537,21908069
20977509,20977509,21908069
20978099,20978099,21908069
20978134,20978134,21908069
20978220,20978220,21908069
20978578,20978578,21908069
20980901,20980901,21908069
20981318,20981318,21908069
20981757,20981757,21908069
20982840,20982840,21908069
20982972,20982972,21908069
20984383,20984383,21908069
20984449,20984449,21908069
20985213,20985213,21908069
20986585,20986585,21908069
20987008,20987008,21908069
20988592,20988592,21908069
20988971,20988971,21908069
20989077,20989077,21908069
20990551,20990551,21908069
20990611,20990611,21908069
20990940,20990940,21908069
20991168,20991168,21908069
20991987,20991987,21908069
20992274,20992274,21908069
20992502,20992502,21908069
20993178,20993178,21908069
20996167,20996167,21908069
20996807,20996807,21908069
20997152,20997152,21908069
20997601,20997601,21908069
20997885,20997885,21908069
20999095,20999095,21908069
20999578,20999578,21908069
20999586,20999586,21908069
20999616,20999616,21908069
20999856,20999856,21908069
21000363,21000363,21908069
21000571,21000571,21908069
21000630,21000630,21908069
21000912,21000912,21908069
21001546,21001546,21908069
21001838,21001838,21908069
21001893,21001893,21908069
21002282,21002282,21908069
21002590,21002590,21908069
21003712,21003712,21908069
21004695,21004695,21908069
21005114,21005114,21908069
21005547,21005547,21908069
21005787,21005787,21908069
21006944,21006944,21908069
21007389,21007389,21908069
21008033,21008033,21908069
21008297,21008297,21908069
21008768,21008768,21908069
21009573,21009573,21908069
21010615,21010615,21908069
21011142,21011142,21908069
21012130,21012130,21908069
21012141,21012141,21908069
21012164,21012164,21908069
21015246,21015246,21908069
21015374,21015374,21908069
21015537,21015537,21908069
21015890,21015890,21908069
21015957,21015957,21908069
21016034,21016034,21908069
21016105,21016105,21908069
21016193,21016193,21908069
21016792,21016792,21908069
21018155,21018155,21908069
21018464,21018464,21908069
21018485,21018485,21908069
21019234,21019234,21908069
21019357,21019357,21908069
21019623,21019623,21908069
21019945,21019945,21908069
21021580,21021580,21908069
21021586,21021586,21908069
21022801,21022801,21908069
21023964,21023964,21908069
21024223,21024223,21908069
21024383,21024383,21908069
21024908,21024908,21908069
21025226,21025226,21908069
21026248,21026248,21908069
21026521,21026521,21908069
21027192,21027192,21908069
21027204,21027204,21908069
21027222,21027222,21908069
21027358,21027358,21908069
21028456,21028456,21908069
21028603,21028603,21908069
21029076,21029076,21908069
21029180,21029180,21908069
21029668,21029668,21908069
21030246,21030246,21908069
21031062,21031062,21908069
21031198,21031198,21908069
21031498,21031498,21908069
21031828,21031828,21908069
21031994,21031994,21908069
21033038,21033038,21908069
21033135,21033135,21908069
21033456,21033456,21908069
21033600,21033600,21908069
21034266,21034266,21908069
21034323,21034323,21908069
21035198,21035198,21908069
21035649,21035649,21908069
21036282,21036282,21908069
21036692,21036692,21908069
21036985,21036985,21908069
21038119,21038119,21908069
21038754,21038754,21908069
21039418,21039418,21908069
21039500,21039500,21908069
21039682,21039682,21908069
21040275,21040275,21908069
21040764,21040764,21908069
21040881,21040881,21908069
21040896,21040896,21908069
21041546,21041546,21908069
21041824,21041824,21908069
21042259,21042259,21908069
21042669,21042669,21908069
21042763,21042763,21908069
21043428,21043428,21908069
21043939,21043939,21908069
21044488,21044488,21908069
21044566,21044566,21908069
21044727,21044727,21908069
21044984,21044984,21908069
21045289,21045289,21908069
21045392,21045392,21908069
21045946,21045946,21908069
21046878,21046878,21908069
21047095,21047095,21908069
21047277,21047277,21908069
21047491,21047491,21908069
21048638,21048638,21908069
21048690,21048690,21908069
21049466,21049466,21908069
21049776,21049776,21908069
21049979,21049979,21908069
21050273,21050273,21908069
21050343,21050343,21908069
21050360,21050360,21908069
21050808,21050808,21908069
21051568,21051568,21908069
21052397,21052397,21908069
21052708,21052708,21908069
21052985,21052985,21908069
21053030,21053030,21908069
21053577,21053577,21908069
21054225,21054225,21908069
21055076,21055076,21908069
21055966,21055966,21908069
21056229,21056229,21908069
21056495,21056495,21908069
21057526,21057526,21908069
21057544,21057544,21908069
21058167,21058167,21908069
21058197,21058197,21908069
21058271,21058271,21908069
21058579,21058579,21908069
21058766,21058766,21908069
21059194,21059194,21908069
21060418,21060418,21908069
21060986,21060986,21908069
21061018,21061018,21908069
21061061,21061061,21908069
21061352,21061352,21908069
21062045,21062045,21908069
21063662,21063662,21908069
21064436,21064436,21908069
21064968,21064968,21908069
21065702,21065702,21908069
21066037,21066037,21908069
21066157,21066157,21908069
21066429,21066429,21908069
21067161,21067161,21908069
21067648,21067648,21908069
21068161,21068161,21908069
21068432,21068432,21908069
21069427,21069427,21908069
21069920,21069920,21908069
21070857,21070857,21908069
21071153,21071153,21908069
21072931,21072931,21908069
21073079,21073079,21908069
21073602,21073602,21908069
21074117,21074117,21908069
21074411,21074411,21908069
21074916,21074916,21908069
21075218,21075218,21908069
21076097,21076097,21908069
21076512,21076512,21908069
21076810,21076810,21908069
21077272,21077272,21908069
21077913,21077913,21908069
21078039,21078039,21908069
21078754,21078754,21908069
21078993,21078993,21908069
21079020,21079020,21908069
21079148,21079148,21908069
21079196,21079196,21908069
21079223,21079223,21908069
21079225,21079225,21908069
21079550,21079550,21908069
21079857,21079857,21908069
21079858,21079858,21908069
21080026,21080026,21908069
21080173,21080173,21908069
21080614,21080614,21908069
21081317,21081317,21908069
21081435,21081435,21908069
21081491,21081491,21908069
21082540,21082540,21908069
21085118,21085118,21908069
21085769,21085769,21908069
21086185,21086185,21908069
21087121,21087121,21908069
21087181,21087181,21908069
21087392,21087392,21908069
21087443,21087443,21908069
21088373,21088373,21908069
21088733,21088733,21908069
21089386,21089386,21908069
21089399,21089399,21908069
21090687,21090687,21908069
21090846,21090846,21908069
21092372,21092372,21908069
21092560,21092560,21908069
21092790,21092790,21908069
21094450,21094450,21908069
21094995,21094995,21908069
21095195,21095195,21908069
21095684,21095684,21908069
21095701,21095701,21908069
21097513,21097513,21908069
21098210,21098210,21908069
21099803,21099803,21908069
21100441,21100441,21908069
21101302,21101302,21908069
21101556,21101556,21908069
21101692,21101692,21908069
21101943,21101943,21908069
21101958,21101958,21908069
21102535,21102535,21908069
21102893,21102893,21908069
21103482,21103482,21908069
21103504,21103504,21908069
21103628,21103628,21908069
21104222,21104222,21908069
21104481,21104481,21908069
21105623,21105623,21908069
21105874,21105874,21908069
21107988,21107988,21908069
21108848,21108848,21908069
21108874,21108874,21908069
21109637,21109637,21908069
21109696,21109696,21908069
21109904,21109904,21908069
21109987,21109987,21908069
21110055,21110055,21908069
21111800,21111800,21908069
21112374,21112374,21908069
21112705,21112705,21908069
21113746,21113746,21908069
21114561,21114561,21908069
21116175,21116175,21908069
21116554,21116554,21908069
21117110,21117110,21908069
21117158,21117158,21908069
21117502,21117502,21908069
21117850,21117850,21908069
21118646,21118646,21908069
21118767,21118767,21908069
21119425,21119425,21908069
21119587,21119587,21908069
21119820,21119820,21908069
21120132,21120132,21908069
21120394,21120394,21908069
21120659,21120659,21908069
21121367,21121367,21908069
21123289,21123289,21908069
21123658,21123658,21908069
21124036,21124036,21908069
21125126,21125126,21908069
21126460,21126460,21908069
21127157,21127157,21908069
21128165,21128165,21908069
21128660,21128660,21908069
21128694,21128694,21908069
21128729,21128729,21908069
21128732,21128732,21908069
21129663,21129663,21908069
21129881,21129881,21908069
21129941,21129941,21908069
21130361,21130361,21908069
21131332,21131332,21908069
21132376,21132376,21908069
21132567,21132567,21908069
21133684,21133684,21908069
21134500,21134500,21908069
21136145,21136145,21908069
21136250,21136250,21908069
21136837,21136837,21908069
21137017,21137017,21908069
21137083,21137083,21908069
21137861,21137861,21908069
21138107,21138107,21908069
21138239,21138239,21908069
21138786,21138786,21908069
21138814,21138814,21908069
21139625,21139625,21908069
21139853,21139853,21908069
21139948,21139948,21908069
21140095,21140095,21908069
21140277,21140277,21908069
21141230,21141230,21908069
21142078,21142078,21908069
21142182,21142182,21908069
21142992,21142992,21908069
21143227,21143227,21908069
21143872,21143872,21908069
21144073,21144073,21908069
21144348,21144348,21908069
21144769,21144769,21908069
21145137,21145137,21908069
21145152,21145152,21908069
21146052,21146052,21908069
21146169,21146169,21908069
21148028,21148028,21908069
21148807,21148807,21908069
21149486,21149486,21908069
21150105,21150105,21908069
21150514,21150514,21908069
21150627,21150627,21908069
21151070,21151070,21908069
21151489,21151489,21908069
21151518,21151518,21908069
21151869,21151869,21908069
21152863,21152863,21908069
21153738,21153738,21908069
21153795,21153795,21908069
21154784,21154784,21908069
21155477,21155477,21908069
21158745,21158745,21908069
21159639,21159639,21908069
21160073,21160073,21908069
21160509,21160509,21908069
21160785,21160785,21908069
21162157,21162157,21908069
21162523,21162523,21908069
21163044,21163044,21908069
21163473,21163473,21908069
21164207,21164207,21908069
21164264,21164264,21908069
21164910,21164910,21908069
21166679,21166679,21908069
21167217,21167217,21908069
21167702,21167702,21908069
21167856,21167856,21908069
21168340,21168340,21908069
21168810,21168810,21908069
21168860,21168860,21908069
21169578,21169578,21908069
21171783,21171783,21908069
21172608,21172608,21908069
21172614,21172614,21908069
21174325,21174325,21908069
21174876,21174876,21908069
21174883,21174883,21908069
21175253,21175253,21908069
21175693,21175693,21908069
21175810,21175810,21908069
21175811,21175811,21908069
21175851,21175851,21908069
21175882,21175882,21908069
21176229,21176229,21908069
21176284,21176284,21908069
21176543,21176543,21908069
21177205,21177205,21908069
21177316,21177316,21908069
21177544,21177544,21908069
21177814,21177814,21908069
21177892,21177892,21908069
21178011,21178011,21908069
21178144,21178144,21908069
21178860,21178860,21908069
21179404,21179404,21908069
21180482,21180482,21908069
21181844,21181844,21908069
21181984,21181984,21908069
21182705,21182705,21908069
21182745,21182745,21908069
21183782,21183782,21908069
21183842,21183842,21908069
21185116,21185116,21908069
21185227,21185227,21908069
21186582,21186582,21908069
21186892,21186892,21908069
21188060,21188060,21908069
21188374,21188374,21908069
21189667,21189667,21908069
21189703,21189703,21908069
21189758,21189758,21908069
21190407,21190407,21908069
21190538,21190538,21908069
21190834,21190834,21908069
21191442,21191442,21908069
21191445,21191445,21908069
21192161,21192161,21908069
21192398,21192398,21908069
21192519,21192519,21908069
21193030,21193030,21908069
21193243,21193243,21908069
21193271,21193271,21908069
21194416,21194416,21908069
21195402,21195402,21908069
21195498,21195498,21908069
21196368,21196368,21908069
21198040,21198040,21908069
21198456,21198456,21908069
21198775,21198775,21908069
21199120,21199120,21908069
21199339,21199339,21908069
21200252,21200252,21908069
21200826,21200826,21908069
21201235,21201235,21908069
21202134,21202134,21908069
21204768,21204768,21908069
21205092,21205092,21908069
21205238,21205238,21908069
21205742,21205742,21908069
21206301,21206301,21908069
21208403,21208403,21908069
21208412,21208412,21908069
21208589,21208589,21908069
21209009,21209009,21908069
21209127,21209127,21908069
21209264,21209264,21908069
21209523,21209523,21908069
21209626,21209626,21908069
21209642,21209642,21908069
21210226,21210226,21908069
21211172,21211172,21908069
21211754,21211754,21908069
21212595,21212595,21908069
21212974,21212974,21908069
21213346,21213346,21908069
21213583,21213583,21908069
21213642,21213642,21908069
21213758,21213758,21908069
21214173,21214173,21908069
21214325,21214325,21908069
21214575,21214575,21908069
21215103,21215103,21908069
21215423,21215423,21908069
21215587,21215587,21908069
21215882,21215882,21908069
21216474,21216474,21908069
21216514,21216514,21908069
21216870,21216870,21908069
21217091,21217091,21908069
21217119,21217119,21908069
21217149,21217149,21908069
21218262,21218262,21908069
21219884,21219884,21908069
21219892,21219892,21908069
21220539,21220539,21908069
21221131,21221131,21908069
21221433,21221433,21908069
21221671,21221671,21908069
21221855,21221855,21908069
21222190,21222190,21908069
21223104,21223104,21908069
21224455,21224455,21908069
21225257,21225257,21908069
21225257,21225257,21908069
21225840,21225840,21908069
21225893,21225893,21908069
21226995,21226995,21908069
21227614,21227614,21908069
21227699,21227699,21908069
21227891,21227891,21908069
21228107,21228107,21908069
21228332,21228332,21908069
21228356,21228356,21908069
21228624,21228624,21908069
21228634,21228634,21908069
21228840,21228840,21908069
21229316,21229316,21908069
21230191,21230191,21908069
21231317,21231317,21908069
21232101,21232101,21908069
21232178,21232178,21908069
21232687,21232687,21908069
21234935,21234935,21908069
21235040,21235040,21908069
21235405,21235405,21908069
21237410,21237410,21908069
21237710,21237710,21908069
21238378,21238378,21908069
21238465,21238465,21908069
21239257,21239257,21908069
21239623,21239623,21908069
21240108,21240108,21908069
21240357,21240357,21908069
21240375,21240375,21908069
21241152,21241152,21908069
21242922,21242922,21908069
21246409,21246409,21908069
21247660,21247660,21908069
21247726,21247726,21908069
21247772,21247772,21908069
21248346,21248346,21908069
21249188,21249188,21908069
21249312,21249312,21908069
21249619,21249619,21908069
21250254,21250254,21908069
21250472,21250472,21908069
21250603,21250603,21908069
21250828,21250828,21908069
21251224,21251224,21908069
21251405,21251405,21908069
21253321,21253321,21908069
21253353,21253353,21908069
21253513,21253513,21908069
21255422,21255422,21908069
21255534,21255534,21908069
21257535,21257535,21908069
21257744,21257744,21908069
21258247,21258247,21908069
21258591,21258591,21908069
21259173,21259173,21908069
21259238,21259238,21908069
21259255,21259255,21908069
21259931,21259931,21908069
21259932,21259932,21908069
21260689,21260689,21908069
21260942,21260942,21908069
21262126,21262126,21908069
21262992,21262992,21908069
21264719,21264719,21908069
21265506,21265506,21908069
21265795,21265795,21908069
21265893,21265893,21908069
21267587,21267587,21908069
21267834,21267834,21908069
21269422,21269422,21908069
21269604,21269604,21908069
21269831,21269831,21908069
21270869,21270869,21908069
21271268,21271268,21908069
21272302,21272302,21908069
21272529,21272529,21908069
21273335,21273335,21908069
21273555,21273555,21908069
21273682,21273682,21908069
21274281,21274281,21908069
21274325,21274325,21908069
21274629,21274629,21908069
21275718,21275718,21908069
21276278,21276278,21908069
21277082,21277082,21908069
21277356,21277356,21908069
21277659,21277659,21908069
21278354,21278354,21908069
21278454,21278454,21908069
21279430,21279430,21908069
21280261,21280261,21908069
21280367,21280367,21908069
21281060,21281060,21908069
21281416,21281416,21908069
21281663,21281663,21908069
21282770,21282770,21908069
21283474,21283474,21908069
21283547,21283547,21908069
21283585,21283585,21908069
21284678,21284678,21908069
21285299,21285299,21908069
21285437,21285437,21908069
21286765,21286765,21908069
21287222,21287222,21908069
21287625,21287625,21908069
21287717,21287717,21908069
21288632,21288632,21908069
21289031,21289031,21908069
21289090,21289090,21908069
21289345,21289345,21908069
21290228,21290228,21908069
21290837,21290837,21908069
21290913,21290913,21908069
21293183,21293183,21908069
21295739,21295739,21908069
21296259,21296259,21908069
21296494,21296494,21908069
21296915,21296915,21908069
21296954,21296954,21908069
21298719,21298719,21908069
21299129,21299129,21908069
21299503,21299503,21908069
21300723,21300723,21908069
21300818,21300818,21908069
21301136,21301136,21908069
21301326,21301326,21908069
21301472,21301472,21908069
21302761,21302761,21908069
21303780,21303780,21908069
21304082,21304082,21908069
21304355,21304355,21908069
21306270,21306270,21908069
21306430,21306430,21908069
21307020,21307020,21908069
21307266,21307266,21908069
21307290,21307290,21908069
21307335,21307335,21908069
21307427,21307427,21908069
21308468,21308468,21908069
21308663,21308663,21908069
21308977,21308977,21908069
21309152,21309152,21908069
21309193,21309193,21908069
21309594,21309594,21908069
21309640,21309640,21908069
21310587,21310587,21908069
21311023,21311023,21908069
21311310,21311310,21908069
21312268,21312268,21908069
21312327,21312327,21908069
21312583,21312583,21908069
21313721,21313721,21908069
21314675,21314675,21908069
21315061,21315061,21908069
21315076,21315076,21908069
21315638,21315638,21908069
21315800,21315800,21908069
21316719,21316719,21908069
21318435,21318435,21908069
21318466,21318466,21908069
21319677,21319677,21908069
21319683,21319683,21908069
21319725,21319725,21908069
21321637,21321637,21908069
21322502,21322502,21908069
21322626,21322626,21908069
21323421,21323421,21908069
21323631,21323631,21908069
21324778,21324778,21908069
21325263,21325263,21908069
21325353,21325353,21908069
21325942,21325942,21908069
21326353,21326353,21908069
21326356,21326356,21908069
21327355,21327355,21908069
21328718,21328718,21908069
21328751,21328751,21908069
21328819,21328819,21908069
21329264,21329264,21908069
21330177,21330177,21908069
21330268,21330268,21908069
21330663,21330663,21908069
21330769,21330769,21908069
21330788,21330788,21908069
21330810,21330810,21908069
21331114,21331114,21908069
21332437,21332437,21908069
21333313,21333313,21908069
21333755,21333755,21908069
21333821,21333821,21908069
21334545,21334545,21908069
21334882,21334882,21908069
21335052,21335052,21908069
21335136,21335136,21908069
21335387,21335387,21908069
21335387,21335387,21908069
21335667,21335667,21908069
21335782,21335782,21908069
21336226,21336226,21908069
21337565,21337565,21908069
21337637,21337637,21908069
21338819,21338819,21908069
21339323,21339323,21908069
21339651,21339651,21908069
21339932,21339932,21908069
21340593,21340593,21908069
21340795,21340795,21908069
21341023,21341023,21908069
21341024,21341024,21908069
21341398,21341398,21908069
21341765,21341765,21908069
21341988,21341988,21908069
21342758,21342758,21908069
21342850,21342850,21908069
21343100,21343100,21908069
21343964,21343964,21908069
21344004,21344004,21908069
21344754,21344754,21908069
21344971,21344971,21908069
21346302,21346302,21908069
21346568,21346568,21908069
21346589,21346589,21908069
21348584,21348584,21908069
21348658,21348658,21908069
21349646,21349646,21908069
21349911,21349911,21908069
21350374,21350374,21908069
21350726,21350726,21908069
21350821,21350821,21908069
21352040,21352040,21908069
21352499,21352499,21908069
21352625,21352625,21908069
21352686,21352686,21908069
21353204,21353204,21908069
21354003,21354003,21908069
21354803,21354803,21908069
21354879,21354879,21908069
21355206,21355206,21908069
21355941,21355941,21908069
21356322,21356322,21908069
21357071,21357071,21908069
21357586,21357586,21908069
21357612,21357612,21908069
21358220,21358220,21908069
21358840,21358840,21908069
21358883,21358883,21908069
21359756,21359756,21908069
21359945,21359945,21908069
21360052,21360052,21908069
21360136,21360136,21908069
21360171,21360171,21908069
21360460,21360460,21908069
21360540,21360540,21908069
21360890,21360890,21908069
21362123,21362123,21908069
21362758,21362758,21908069
21363021,21363021,21908069
21363400,21363400,21908069
21363809,21363809,21908069
21363919,21363919,21908069
21364241,21364241,21908069
21364319,21364319,21908069
21364660,21364660,21908069
21365051,21365051,21908069
21365264,21365264,21908069
21365583,21365583,21908069
21367035,21367035,21908069
21367374,21367374,21908069
21367425,21367425,21908069
21367446,21367446,21908069
21368953,21368953,21908069
21369017,21369017,21908069
21369399,21369399,21908069
21370588,21370588,21908069
21371759,21371759,21908069
21371808,21371808,21908069
21372065,21372065,21908069
21373090,21373090,21908069
21373477,21373477,21908069
21373718,21373718,21908069
21374225,21374225,21908069
21374432,21374432,21908069
21376200,21376200,21908069
21376921,21376921,21908069
21377109,21377109,21908069
21377708,21377708,21908069
21378455,21378455,21908069
21379160,21379160,21908069
21379409,21379409,21908069
21379422,21379422,21908069
21379656,21379656,21908069
21380741,21380741,21908069
21381983,21381983,21908069
21382279,21382279,21908069
21382866,21382866,21908069
21383328,21383328,21908069
21383636,21383636,21908069
21383830,21383830,21908069
21383871,21383871,21908069
21386076,21386076,21908069
21386696,21386696,21908069
21386875,21386875,21908069
21387490,21387490,21908069
21387950,21387950,21908069
21388344,21388344,21908069
21388458,21388458,21908069
21390840,21390840,21908069
21391220,21391220,21908069
21394553,21394553,21908069
21395217,21395217,21908069
21395881,21395881,21908069
21396779,21396779,21908069
21396860,21396860,21908069
21397605,21397605,21908069
21397690,21397690,21908069
21397746,21397746,21908069
21397986,21397986,21908069
21399325,21399325,21908069
21399447,21399447,21908069
21400324,21400324,21908069
21400587,21400587,21908069
21401120,21401120,21908069
21401245,21401245,21908069
21401574,21401574,21908069
21401900,21401900,21908069
21402049,21402049,21908069
21403076,21403076,21908069
21403843,21403843,21908069
21403999,21403999,21908069
21404784,21404784,21908069
21405963,21405963,21908069
21406305,21406305,21908069
21407352,21407352,21908069
21407431,21407431,21908069
21408184,21408184,21908069
21408207,21408207,21908069
21408261,21408261,21908069
21408571,21408571,21908069
21408946,21408946,21908069
21409332,21409332,21908069
21409426,21409426,21908069
21409588,21409588,21908069
21410573,21410573,21908069
21411499,21411499,21908069
21413173,21413173,21908069
21415430,21415430,21908069
21415511,21415511,21908069
21416033,21416033,21908069
21416062,21416062,21908069
21416309,21416309,21908069
21417419,21417419,21908069
21417590,21417590,21908069
21418010,21418010,21908069
21418710,21418710,21908069
21418873,21418873,21908069
21419125,21419125,21908069
21419950,21419950,21908069
21420279,21420279,21908069
21422462,21422462,21908069
21422962,21422962,21908069
21423235,21423235,21908069
21423265,21423265,21908069
21423295,21423295,21908069
21423398,21423398,21908069
21423827,21423827,21908069
21425180,21425180,21908069
21425595,21425595,21908069
21425964,21425964,21908069
21426270,21426270,21908069
21427520,21427520,21908069
21428681,21428681,21908069
21428830,21428830,21908069
21429189,21429189,21908069
21429450,21429450,21908069
21429573,21429573,21908069
21430874,21430874,21908069
21431080,21431080,21908069
21433924,21433924,21908069
21434089,21434089,21908069
21435465,21435465,21908069
21437346,21437346,21908069
21437896,21437896,21908069
21438045,21438045,21908069
21438406,21438406,21908069
21438767,21438767,21908069
21438838,21438838,21908069
21439412,21439412,21908069
21439660,21439660,21908069
21439835,21439835,21908069
21440299,21440299,21908069
21440431,21440431,21908069
21441384,21441384,21908069
21441807,21441807,21908069
21443270,21443270,21908069
21445203,21445203,21908069
21445730,21445730,21908069
21445819,21445819,21908069
21445822,21445822,21908069
21445823,21445823,21908069
21446204,21446204,21908069
21446450,21446450,21908069
21446632,21446632,21908069
21447016,21447016,21908069
21447576,21447576,21908069
21447723,21447723,21908069
21448312,21448312,21908069
21449314,21449314,21908069
21449473,21449473,21908069
21449533,21449533,21908069
21449680,21449680,21908069
21449827,21449827,21908069
21450281,21450281,21908069
21451877,21451877,21908069
21453210,21453210,21908069
21453538,21453538,21908069
21454101,21454101,21908069
21454317,21454317,21908069
21454999,21454999,21908069
21456243,21456243,21908069
21456303,21456303,21908069
21456661,21456661,21908069
21457247,21457247,21908069
21457370,21457370,21908069
21457947,21457947,21908069
21457948,21457948,21908069
21458908,21458908,21908069
21459303,21459303,21908069
21460992,21460992,21908069
21461257,21461257,21908069
21461301,21461301,21908069
21463430,21463430,21908069
21463552,21463552,21908069
21464235,21464235,21908069
21464414,21464414,21908069
21464417,21464417,21908069
21465415,21465415,21908069
21465986,21465986,21908069
21466605,21466605,21908069
21466721,21466721,21908069
21467413,21467413,21908069
21467431,21467431,21908069
21467645,21467645,21908069
21468197,21468197,21908069
21468809,21468809,21908069
21468961,21468961,21908069
21469434,21469434,21908069
21469658,21469658,21908069
21470313,21470313,21908069
21472140,21472140,21908069
21473192,21473192,21908069
21473276,21473276,21908069
21473603,21473603,21908069
21474300,21474300,21908069
21474709,21474709,21908069
21475284,21475284,21908069
21475846,21475846,21908069
21476518,21476518,21908069
21476919,21476919,21908069
21477166,21477166,21908069
21477274,21477274,21908069
21477800,21477800,21908069
21478047,21478047,21908069
21478266,21478266,21908069
21478304,21478304,21908069
21478331,21478331,21908069
21478513,21478513,21908069
21478537,21478537,21908069
21479298,21479298,21908069
21479426,21479426,21908069
21479927,21479927,21908069
21480181,21480181,21908069
21481307,21481307,21908069
21481943,21481943,21908069
21482270,21482270,21908069
21482611,21482611,21908069
21483031,21483031,21908069
21483520,21483520,21908069
21483735,21483735,21908069
21484157,21484157,21908069
21484923,21484923,21908069
21485175,21485175,21908069
21485277,21485277,21908069
21485347,21485347,21908069
21486305,21486305,21908069
21486342,21486342,21908069
21486861,21486861,21908069
21487547,21487547,21908069
21487962,21487962,21908069
21488010,21488010,21908069
21488667,21488667,21908069
21490326,21490326,21908069
21492135,21492135,21908069
21492407,21492407,21908069
21492870,21492870,21908069
21493170,21493170,21908069
21493418,21493418,21908069
21495659,21495659,21908069
21496889,21496889,21908069
21497216,21497216,21908069
21497404,21497404,21908069
21497809,21497809,21908069
21498661,21498661,21908069
21499632,21499632,21908069
21500431,21500431,21908069
21500616,21500616,21908069
21500811,21500811,21908069
21500823,21500823,21908069
21501404,21501404,21908069
21502010,21502010,21908069
21502072,21502072,21908069
21502683,21502683,21908069
21503063,21503063,21908069
21503453,21503453,21908069
21503538,21503538,21908069
21503573,21503573,21908069
21503819,21503819,21908069
21504310,21504310,21908069
21505024,21505024,21908069
21505240,21505240,21908069
21505266,21505266,21908069
21505480,21505480,21908069
21507921,21507921,21908069
21508283,21508283,21908069
21508351,21508351,21908069
21508460,21508460,21908069
21509504,21509504,21908069
21510364,21510364,21908069
21510615,21510615,21908069
21511504,21511504,21908069
21511515,21511515,21908069
21512673,21512673,21908069
21513149,21513149,21908069
21513498,21513498,21908069
21515131,21515131,21908069
21516043,21516043,21908069
21516436,21516436,21908069
21516955,21516955,21908069
21517889,21517889,21908069
21517948,21517948,21908069
21518258,21518258,21908069
21518672,21518672,21908069
21518998,21518998,21908069
21519355,21519355,21908069
21519465,21519465,21908069
21519903,21519903,21908069
21520397,21520397,21908069
21521382,21521382,21908069
21522191,21522191,21908069
21522227,21522227,21908069
21522663,21522663,21908069
21522848,21522848,21908069
21523012,21523012,21908069
21523219,21523219,21908069
21523803,21523803,21908069
21523857,21523857,21908069
21524550,21524550,21908069
21524790,21524790,21908069
21524804,21524804,21908069
21524869,21524869,21908069
21527084,21527084,21908069
21528191,21528191,21908069
21528303,21528303,21908069
21528771,21528771,21908069
21529321,21529321,21908069
21529941,21529941,21908069
21530003,21530003,21908069
21530355,21530355,21908069
21531136,21531136,21908069
21531251,21531251,21908069
21531728,21531728,21908069
21532249,21532249,21908069
21532297,21532297,21908069
21533159,21533159,21908069
21533691,21533691,21908069
21534039,21534039,21908069
21534349,21534349,21908069
21535006,21535006,21908069
21535305,21535305,21908069
21535855,21535855,21908069
21536641,21536641,21908069
21537469,21537469,21908069
21537493,21537493,21908069
21537658,21537658,21908069
21539525,21539525,21908069
21539919,21539919,21908069
21540283,21540283,21908069
21542288,21542288,21908069
21542310,21542310,21908069
21544380,21544380,21908069
21544641,21544641,21908069
21544947,21544947,21908069
21545154,21545154,21908069
21545231,21545231,21908069
21545500,21545500,21908069
21546638,21546638,21908069
21546877,21546877,21908069
21547019,21547019,21908069
21547186,21547186,21908069
21547780,21547780,21908069
21548315,21548315,21908069
21548424,21548424,21908069
21548531,21548531,21908069
21548792,21548792,21908069
21548957,21548957,21908069
21549257,21549257,21908069
21549259,21549259,21908069
21549852,21549852,21908069
21550890,21550890,21908069
21551041,21551041,21908069
21551128,21551128,21908069
21551433,21551433,21908069
21552270,21552270,21908069
21552461,21552461,21908069
21553708,21553708,21908069
21554217,21554217,21908069
21554866,21554866,21908069
21555046,21555046,21908069
21555645,21555645,21908069
21555722,21555722,21908069
21555837,21555837,21908069
21556280,21556280,21908069
21557305,21557305,21908069
21557824,21557824,21908069
21557910,21557910,21908069
21557931,21557931,21908069
21558211,21558211,21908069
21558266,21558266,21908069
21558370,21558370,21908069
21558424,21558424,21908069
21559796,21559796,21908069
21561273,21561273,21908069
21561604,21561604,21908069
21561839,21561839,21908069
21561881,21561881,21908069
21561911,21561911,21908069
21563288,21563288,21908069
21566335,21566335,21908069
21566562,21566562,21908069
21566717,21566717,21908069
21567100,21567100,21908069
21567430,21567430,21908069
21567551,21567551,21908069
21567749,21567749,21908069
21569351,21569351,21908069
21569471,21569471,21908069
21569961,21569961,21908069
21570165,21570165,21908069
21570463,21570463,21908069
21571721,21571721,21908069
21571978,21571978,21908069
21572199,21572199,21908069
21573383,21573383,21908069
21573931,21573931,21908069
21574387,21574387,21908069
21574972,21574972,21908069
21576549,21576549,21908069
21576609,21576609,21908069
21576815,21576815,21908069
21577192,21577192,21908069
21577997,21577997,21908069
21578176,21578176,21908069
21579441,21579441,21908069
21579621,21579621,21908069
21579958,21579958,21908069
21580921,21580921,21908069
21581591,21581591,21908069
21582042,21582042,21908069
21582509,21582509,21908069
21582662,21582662,21908069
21582827,21582827,21908069
21583123,21583123,21908069
21584405,21584405,21908069
21585651,21585651,21908069
21585793,21585793,21908069
21585895,21585895,21908069
21586443,21586443,21908069
21586484,21586484,21908069
21586530,21586530,21908069
21586813,21586813,21908069
21586816,21586816,21908069
21586919,21586919,21908069
21588219,21588219,21908069
21588313,21588313,21908069
21588818,21588818,21908069
21588911,21588911,21908069
21589451,21589451,21908069
21589664,21589664,21908069
21589933,21589933,21908069
21590205,21590205,21908069
21590785,21590785,21908069
21591232,21591232,21908069
21593122,21593122,21908069
21593404,21593404,21908069
21594293,21594293,21908069
21594818,21594818,21908069
21596190,21596190,21908069
21596382,21596382,21908069
21596674,21596674,21908069
21597687,21597687,21908069
21597896,21597896,21908069
21598293,21598293,21908069
21598465,21598465,21908069
21598539,21598539,21908069
21599045,21599045,21908069
21599069,21599069,21908069
21599535,21599535,21908069
21599537,21599537,21908069
21599614,21599614,21908069
21600982,21600982,21908069
21601018,21601018,21908069
21601968,21601968,21908069
21602192,21602192,21908069
21602305,21602305,21908069
21602454,21602454,21908069
21602643,21602643,21908069
21603298,21603298,21908069
21603399,21603399,21908069
21603848,21603848,21908069
21605723,21605723,21908069
21605898,21605898,21908069
21606171,21606171,21908069
21606240,21606240,21908069
21606424,21606424,21908069
21606995,21606995,21908069
21607311,21607311,21908069
21607865,21607865,21908069
21608712,21608712,21908069
21610217,21610217,21908069
21611371,21611371,21908069
21612568,21612568,21908069
21612713,21612713,21908069
21613393,21613393,21908069
21614716,21614716,21908069
21615314,21615314,21908069
21615486,21615486,21908069
21616259,21616259,21908069
21617083,21617083,21908069
21617407,21617407,21908069
21617655,21617655,21908069
21617699,21617699,21908069
21618233,21618233,21908069
21618356,21618356,21908069
21618632,21618632,21908069
21619627,21619627,21908069
21619838,21619838,21908069
21620229,21620229,21908069
21621039,21621039,21908069
21621147,21621147,21908069
21622168,21622168,21908069
21622771,21622771,21908069
21623114,21623114,21908069
21623299,21623299,21908069
21623925,21623925,21908069
21625486,21625486,21908069
21625519,21625519,21908069
21625569,21625569,21908069
21625646,21625646,21908069
21625965,21625965,21908069
21626314,21626314,21908069
21626434,21626434,21908069
21626516,21626516,21908069
21626640,21626640,21908069
21627056,21627056,21908069
21627740,21627740,21908069
21628154,21628154,21908069
21628273,21628273,21908069
21628544,21628544,21908069
21629946,21629946,21908069
21631117,21631117,21908069
21631131,21631131,21908069
21632877,21632877,21908069
21632929,21632929,21908069
21633133,21633133,21908069
21633861,21633861,21908069
21634439,21634439,21908069
21634819,21634819,21908069
21635817,21635817,21908069
21636994,21636994,21908069
21637883,21637883,21908069
21638346,21638346,21908069
21638854,21638854,21908069
21638961,21638961,21908069
21639233,21639233,21908069
21639427,21639427,21908069
21641013,21641013,21908069
21641018,21641018,21908069
21641599,21641599,21908069
21641784,21641784,21908069
21641891,21641891,21908069
21641945,21641945,21908069
21642340,21642340,21908069
21642522,21642522,21908069
21643723,21643723,21908069
21644129,21644129,21908069
21644457,21644457,21908069
21644646,21644646,21908069
21644910,21644910,21908069
21645519,21645519,21908069
21646657,21646657,21908069
21647403,21647403,21908069
21648316,21648316,21908069
21648852,21648852,21908069
21649929,21649929,21908069
21650212,21650212,21908069
21651453,21651453,21908069
21651694,21651694,21908069
21651828,21651828,21908069
21652203,21652203,21908069
21652703,21652703,21908069
21653057,21653057,21908069
21653897,21653897,21908069
21654089,21654089,21908069
21654732,21654732,21908069
21655156,21655156,21908069
21655800,21655800,21908069
21656730,21656730,21908069
21656975,21656975,21908069
21657195,21657195,21908069
21657540,21657540,21908069
21658406,21658406,21908069
21658731,21658731,21908069
21658941,21658941,21908069
21659437,21659437,21908069
21659658,21659658,21908069
21660036,21660036,21908069
21660085,21660085,21908069
21661784,21661784,21908069
21662154,21662154,21908069
21663017,21663017,21908069
21663756,21663756,21908069
21664030,21664030,21908069
21664308,21664308,21908069
21664572,21664572,21908069
21664633,21664633,21908069
21664731,21664731,21908069
21666115,21666115,21908069
21666154,21666154,21908069
21666546,21666546,21908069
21666706,21666706,21908069
21668754,21668754,21908069
21668958,21668958,21908069
21668964,21668964,21908069
21669065,21669065,21908069
21669264,21669264,21908069
21669544,21669544,21908069
21669637,21669637,21908069
21669764,21669764,21908069
21669974,21669974,21908069
21670410,21670410,21908069
21671115,21671115,21908069
21671510,21671510,21908069
21671878,21671878,21908069
21672454,21672454,21908069
21672562,21672562,21908069
21673010,21673010,21908069
21673435,21673435,21908069
21673698,21673698,21908069
21674168,21674168,21908069
21676274,21676274,21908069
21677063,21677063,21908069
21677217,21677217,21908069
21679187,21679187,21908069
21681200,21681200,21908069
21681370,21681370,21908069
21681891,21681891,21908069
21682208,21682208,21908069
21682553,21682553,21908069
21683111,21683111,21908069
21683273,21683273,21908069
21684153,21684153,21908069
21684454,21684454,21908069
21685280,21685280,21908069
21685619,21685619,21908069
21686193,21686193,21908069
21686286,21686286,21908069
21686543,21686543,21908069
21687031,21687031,21908069
21687341,21687341,21908069
21687992,21687992,21908069
21689051,21689051,21908069
21689585,21689585,21908069
21690175,21690175,21908069
21690555,21690555,21908069
21691576,21691576,21908069
21691656,21691656,21908069
21692110,21692110,21908069
21692485,21692485,21908069
21693963,21693963,21908069
21694010,21694010,21908069
21694087,21694087,21908069
21694888,21694888,21908069
21695333,21695333,21908069
21695548,21695548,21908069
21696328,21696328,21908069
21697067,21697067,21908069
21698338,21698338,21908069
21698353,21698353,21908069
21699357,21699357,21908069
21699370,21699370,21908069
21699490,21699490,21908069
21699499,21699499,21908069
21700397,21700397,21908069
21700787,21700787,21908069
21700909,21700909,21908069
21702747,21702747,21908069
21702838,21702838,21908069
21703140,21703140,21908069
21703268,21703268,21908069
21703436,21703436,21908069
21703603,21703603,21908069
21703890,21703890,21908069
21704682,21704682,21908069
21704864,21704864,21908069
21705567,21705567,21908069
21705737,21705737,21908069
21706074,21706074,21908069
21706383,21706383,21908069
21706650,21706650,21908069
21706830,21706830,21908069
21707315,21707315,21908069
21708481,21708481,21908069
21708510,21708510,21908069
21708552,21708552,21908069
21708700,21708700,21908069
21708774,21708774,21908069
21709590,21709590,21908069
21710127,21710127,21908069
21710591,21710591,21908069
21711071,21711071,21908069
21711163,21711163,21908069
21711247,21711247,21908069
21711386,21711386,21908069
21711735,21711735,21908069
21712675,21712675,21908069
21713015,21713015,21908069
21713177,21713177,21908069
21713359,21713359,21908069
21713557,21713557,21908069
21713878,21713878,21908069
21714043,21714043,21908069
21715102,21715102,21908069
21716064,21716064,21908069
21716199,21716199,21908069
21716753,21716753,21908069
21717243,21717243,21908069
21717834,21717834,21908069
21717955,21717955,21908069
21718263,21718263,21908069
21718640,21718640,21908069
21718834,21718834,21908069
21719243,21719243,21908069
21719357,21719357,21908069
21720312,21720312,21908069
21720337,21720337,21908069
21720709,21720709,21908069
21721125,21721125,21908069
21721863,21721863,21908069
21722205,21722205,21908069
21724358,21724358,21908069
21725537,21725537,21908069
21725762,21725762,21908069
21726149,21726149,21908069
21727285,21727285,21908069
21727288,21727288,21908069
21727455,21727455,21908069
21727556,21727556,21908069
21729066,21729066,21908069
21729191,21729191,21908069
21729711,21729711,21908069
21729722,21729722,21908069
21730361,21730361,21908069
21731271,21731271,21908069
21731454,21731454,21908069
21732082,21732082,21908069
21732205,21732205,21908069
21732224,21732224,21908069
21732662,21732662,21908069
21733595,21733595,21908069
21733656,21733656,21908069
21734941,21734941,21908069
21735204,21735204,21908069
21735526,21735526,21908069
21736332,21736332,21908069
21736600,21736600,21908069
21737173,21737173,21908069
21738755,21738755,21908069
21738767,21738767,21908069
21738786,21738786,21908069
21738868,21738868,21908069
21739879,21739879,21908069
21740121,21740121,21908069
21740333,21740333,21908069
21740576,21740576,21908069
21740814,21740814,21908069
21741368,21741368,21908069
21741840,21741840,21908069
21742581,21742581,21908069
21744064,21744064,21908069
21744241,21744241,21908069
21745078,21745078,21908069
21745334,21745334,21908069
21745386,21745386,21908069
21745514,21745514,21908069
21746191,21746191,21908069
21746904,21746904,21908069
21746915,21746915,21908069
21746971,21746971,21908069
21747581,21747581,21908069
21747842,21747842,21908069
21748193,21748193,21908069
21748195,21748195,21908069
21749682,21749682,21908069
21749878,21749878,21908069
21750274,21750274,21908069
21750363,21750363,21908069
21750440,21750440,21908069
21750671,21750671,21908069
21750815,21750815,21908069
21750969,21750969,21908069
21751514,21751514,21908069
21751549,21751549,21908069
21752386,21752386,21908069
21752846,21752846,21908069
21753787,21753787,21908069
21753959,21753959,21908069
21754144,21754144,21908069
21754375,21754375,21908069
21755036,21755036,21908069
21755554,21755554,21908069
21755566,21755566,21908069
21755593,21755593,21908069
21756114,21756114,21908069
21756129,21756129,21908069
21758413,21758413,21908069
21758585,21758585,21908069
21758879,21758879,21908069
21758926,21758926,21908069
21759064,21759064,21908069
21759116,21759116,21908069
21759209,21759209,21908069
21759660,21759660,21908069
21759833,21759833,21908069
21759991,21759991,21908069
21760645,21760645,21908069
21760687,21760687,21908069
21761824,21761824,21908069
21762201,21762201,21908069
21763053,21763053,21908069
21763656,21763656,21908069
21763685,21763685,21908069
21763951,21763951,21908069
21764298,21764298,21908069
21764370,21764370,21908069
21766800,21766800,21908069
21767064,21767064,21908069
21767886,21767886,21908069
21768400,21768400,21908069
21768488,21768488,21908069
21768663,21768663,21908069
21769199,21769199,21908069
21770210,21770210,21908069
21770703,21770703,21908069
21770775,21770775,21908069
21771324,21771324,21908069
21771541,21771541,21908069
21771548,21771548,21908069
21771991,21771991,21908069
21772334,21772334,21908069
21772707,21772707,21908069
21772716,21772716,21908069
21772773,21772773,21908069
21772780,21772780,21908069
21773589,21773589,21908069
21773649,21773649,21908069
21773673,21773673,21908069
21773812,21773812,21908069
21773824,21773824,21908069
21774647,21774647,21908069
21774767,21774767,21908069
21776642,21776642,21908069
21776691,21776691,21908069
21776900,21776900,21908069
21777202,21777202,21908069
21777258,21777258,21908069
21777967,21777967,21908069
21777981,21777981,21908069
21779409,21779409,21908069
21779640,21779640,21908069
21780169,21780169,21908069
21780457,21780457,21908069
21780638,21780638,21908069
21781061,21781061,21908069
21781216,21781216,21908069
21781648,21781648,21908069
21781773,21781773,21908069
21782563,21782563,21908069
21782703,21782703,21908069
21782995,21782995,21908069
21783184,21783184,21908069
21783335,21783335,21908069
21783445,21783445,21908069
21784039,21784039,21908069
21784279,21784279,21908069
21787264,21787264,21908069
21787410,21787410,21908069
21787454,21787454,21908069
21787492,21787492,21908069
21788578,21788578,21908069
21789082,21789082,21908069
21790817,21790817,21908069
21790951,21790951,21908069
21790955,21790955,21908069
21791679,21791679,21908069
21791793,21791793,21908069
21791806,21791806,21908069
21792171,21792171,21908069
21792322,21792322,21908069
21792569,21792569,21908069
21793043,21793043,21908069
21793053,21793053,21908069
21793581,21793581,21908069
21793717,21793717,21908069
21794049,21794049,21908069
21794330,21794330,21908069
21796201,21796201,21908069
21796916,21796916,21908069
21797372,21797372,21908069
21797851,21797851,21908069
21798608,21798608,21908069
21799657,21799657,21908069
21800369,21800369,21908069
21802201,21802201,21908069
21803970,21803970,21908069
21804146,21804146,21908069
21804196,21804196,21908069
21804232,21804232,21908069
21804282,21804282,21908069
21804335,21804335,21908069
21804708,21804708,21908069
21804768,21804768,21908069
21805023,21805023,21908069
21805948,21805948,21908069
21806164,21806164,21908069
21806884,21806884,21908069
21808107,21808107,21908069
21808258,21808258,21908069
21808327,21808327,21908069
21808972,21808972,21908069
21809005,21809005,21908069
21809351,21809351,21908069
21810302,21810302,21908069
21810496,21810496,21908069
21811239,21811239,21908069
21811787,21811787,21908069
21811993,21811993,21908069
21813131,21813131,21908069
21813758,21813758,21908069
21814054,21814054,21908069
21815704,21815704,21908069
21816018,21816018,21908069
21816420,21816420,21908069
21816547,21816547,21908069
21817515,21817515,21908069
21817691,21817691,21908069
21819978,21819978,21908069
21820068,21820068,21908069
21820866,21820866,21908069
21821054,21821054,21908069
21821095,21821095,21908069
21822195,21822195,21908069
21822388,21822388,21908069
21822467,21822467,21908069
21823688,21823688,21908069
21824009,21824009,21908069
21824073,21824073,21908069
21824441,21824441,21908069
21825192,21825192,21908069
21825193,21825193,21908069
21825312,21825312,21908069
21825937,21825937,21908069
21826044,21826044,21908069
21827397,21827397,21908069
21827745,21827745,21908069
21827830,21827830,21908069
21827917,21827917,21908069
21828171,21828171,21908069
21828747,21828747,21908069
21829190,21829190,21908069
21829195,21829195,21908069
21829587,21829587,21908069
21830060,21830060,21908069
21830473,21830473,21908069
21830503,21830503,21908069
21830781,21830781,21908069
21831020,21831020,21908069
21831086,21831086,21908069
21832185,21832185,21908069
21832428,21832428,21908069
21832440,21832440,21908069
21832595,21832595,21908069
21832597,21832597,21908069
21832746,21832746,21908069
21833002,21833002,21908069
21833123,21833123,21908069
21833776,21833776,21908069
21834102,21834102,21908069
21834218,21834218,21908069
21835692,21835692,21908069
21835820,21835820,21908069
21836973,21836973,21908069
21838181,21838181,21908069
21838652,21838652,21908069
21838897,21838897,21908069
21839195,21839195,21908069
21839526,21839526,21908069
21840106,21840106,21908069
21840806,21840806,21908069
21840949,21840949,21908069
21841023,21841023,21908069
21842052,21842052,21908069
21842576,21842576,21908069
21842849,21842849,21908069
21843070,21843070,21908069
21843383,21843383,21908069
21843617,21843617,21908069
21843705,21843705,21908069
21843782,21843782,21908069
21844356,21844356,21908069
21844387,21844387,21908069
21844596,21844596,21908069
21845215,21845215,21908069
21845219,21845219,21908069
21846441,21846441,21908069
21846517,21846517,21908069
21846876,21846876,21908069
21847735,21847735,21908069
21847830,21847830,21908069
21847848,21847848,21908069
21848876,21848876,21908069
21850703,21850703,21908069
21850908,21850908,21908069
21851555,21851555,21908069
21851805,21851805,21908069
21852179,21852179,21908069
21852256,21852256,21908069
21852293,21852293,21908069
21852428,21852428,21908069
21852516,21852516,21908069
21852888,21852888,21908069
21854975,21854975,21908069
21855220,21855220,21908069
21855805,21855805,21908069
21856732,21856732,21908069
21857624,21857624,21908069
21857818,21857818,21908069
21858411,21858411,21908069
21859135,21859135,21908069
21859459,21859459,21908069
21859657,21859657,21908069
21859885,21859885,21908069
21859977,21859977,21908069
21861029,21861029,21908069
21861890,21861890,21908069
21863236,21863236,21908069
21864292,21864292,21908069
21864835,21864835,21908069
21865268,21865268,21908069
21865990,21865990,21908069
21866146,21866146,21908069
21866920,21866920,21908069
21867036,21867036,21908069
21867227,21867227,21908069
21868527,21868527,21908069
21868854,21868854,21908069
21868919,21868919,21908069
21868989,21868989,21908069
21869049,21869049,21908069
21869869,21869869,21908069
21870292,21870292,21908069
21870574,21870574,21908069
21870672,21870672,21908069
21870778,21870778,21908069
21870818,21870818,21908069
21871908,21871908,21908069
21872425,21872425,21908069
21873741,21873741,21908069
21874144,21874144,21908069
21874244,21874244,21908069
21875113,21875113,21908069
21875257,21875257,21908069
21875479,21875479,21908069
21875507,21875507,21908069
21875577,21875577,21908069
21875817,21875817,21908069
21876155,21876155,21908069
21876811,21876811,21908069
21876890,21876890,21908069
21877152,21877152,21908069
21878814,21878814,21908069
21879353,21879353,21908069
21880513,21880513,21908069
21880913,21880913,21908069
21881032,21881032,21908069
21883221,21883221,21908069
21883899,21883899,21908069
21884456,21884456,21908069
21886387,21886387,21908069
21887098,21887098,21908069
21888443,21888443,21908069
21888895,21888895,21908069
21889247,21889247,21908069
21889307,21889307,21908069
21889378,21889378,21908069
21890537,21890537,21908069
21890804,21890804,21908069
21891686,21891686,21908069
21892201,21892201,21908069
21892442,21892442,21908069
21892921,21892921,21908069
21893179,21893179,21908069
21893760,21893760,21908069
21893834,21893834,21908069
21894091,21894091,21908069
21895216,21895216,21908069
21895634,21895634,21908069
21895703,21895703,21908069
21895850,21895850,21908069
21898578,21898578,21908069
21898659,21898659,21908069
21898707,21898707,21908069
21899259,21899259,21908069
21899308,21899308,21908069
21900133,21900133,21908069
21900931,21900931,21908069
21901192,21901192,21908069
21901737,21901737,21908069
21901995,21901995,21908069
21902797,21902797,21908069
21903435,21903435,21908069
21904356,21904356,21908069
21905317,21905317,21908069
21905553,21905553,21908069
21905954,21905954,21908069
21906490,21906490,21908069
21906599,21906599,21908069
21907006,21907006,21908069
21907868,21907868,21908069
21908029,21908029,21908069
21908370,21908370,23951207
21908898,21908898,23951207
21909125,21909125,23951207
21909762,21909762,23951207
21910030,21910030,23951207
21910254,21910254,23951207
21910320,21910320,23951207
21910631,21910631,23951207
21911145,21911145,23951207
21912321,21912321,23951207
21912589,21912589,23951207
21913890,21913890,23951207
21914153,21914153,23951207
21915802,21915802,23951207
21916270,21916270,23951207
21916953,21916953,23951207
21917048,21917048,23951207
21917725,21917725,23951207
21917880,21917880,23951207
21917958,21917958,23951207
21918364,21918364,23951207
21918653,21918653,23951207
21918667,21918667,23951207
21920177,21920177,23951207
21921168,21921168,23951207
21921975,21921975,23951207
21922099,21922099,23951207
21922923,21922923,23951207
21923729,21923729,23951207
21923764,21923764,23951207
21924412,21924412,23951207
21924530,21924530,23951207
21924771,21924771,23951207
21925702,21925702,23951207
21926344,21926344,23951207
21926465,21926465,23951207
21926982,21926982,23951207
21927051,21927051,23951207
21927105,21927105,23951207
21927131,21927131,23951207
21927631,21927631,23951207
21928187,21928187,23951207
21928363,21928363,23951207
21930788,21930788,23951207
21931357,21931357,23951207
21931562,21931562,23951207
21932174,21932174,23951207
21932625,21932625,23951207
21933759,21933759,23951207
21934725,21934725,23951207
21935252,21935252,23951207
21935410,21935410,23951207
21935928,21935928,23951207
21935985,21935985,23951207
21936546,21936546,23951207
21937203,21937203,23951207
21937740,21937740,23951207
21937908,21937908,23951207
21938933,21938933,23951207
21939214,21939214,23951207
21941264,21941264,23951207
21941802,21941802,23951207
21942597,21942597,23951207
21942716,21942716,23951207
21943363,21943363,23951207
21943426,21943426,23951207
21944026,21944026,23951207
21944038,21944038,23951207
21944416,21944416,23951207
21944834,21944834,23951207
21945336,21945336,23951207
21945373,21945373,23951207
21945736,21945736,23951207
21945925,21945925,23951207
21946472,21946472,23951207
21946611,21946611,23951207
21947215,21947215,23951207
21947328,21947328,23951207
21949495,21949495,23951207
21950181,21950181,23951207
21951518,21951518,23951207
21951657,21951657,23951207
21951916,21951916,23951207
21951954,21951954,23951207
21952606,21952606,23951207
21952659,21952659,23951207
21953048,21953048,23951207
21953683,21953683,23951207
21953726,21953726,23951207
21953922,21953922,23951207
21954099,21954099,23951207
21954739,21954739,23951207
21955758,21955758,23951207
21956234,21956234,23951207
21956540,21956540,23951207
21956727,21956727,23951207
21957072,21957072,23951207
21957570,21957570,23951207
21957813,21957813,23951207
21958202,21958202,23951207
21958444,21958444,23951207
21959356,21959356,23951207
21959741,21959741,23951207
21960604,21960604,23951207
21961067,21961067,23951207
21961176,21961176,23951207
21961284,21961284,23951207
21961594,21961594,23951207
21961892,21961892,23951207
21962061,21962061,23951207
21962136,21962136,23951207
21962354,21962354,23951207
21962733,21962733,23951207
21962780,21962780,23951207
21963366,21963366,23951207
21963669,21963669,23951207
21963713,21963713,23951207
21964354,21964354,23951207
21964818,21964818,23951207
21966269,21966269,23951207
21967474,21967474,23951207
21967795,21967795,23951207
21968799,21968799,23951207
21969475,21969475,23951207
21970981,21970981,23951207
21971004,21971004,23951207
21971141,21971141,23951207
21971258,21971258,23951207
21971851,21971851,23951207
21971979,21971979,23951207
21972685,21972685,23951207
21973652,21973652,23951207
21974782,21974782,23951207
21975093,21975093,23951207
21975255,21975255,23951207
21975401,21975401,23951207
21976557,21976557,23951207
21977186,21977186,23951207
21977480,21977480,23951207
21978373,21978373,23951207
21978561,21978561,23951207
21978867,21978867,23951207
21979263,21979263,23951207
21979549,21979549,23951207
21979602,21979602,23951207
21980766,21980766,23951207
21980946,21980946,23951207
21981034,21981034,23951207
21981552,21981552,23951207
21981809,21981809,23951207
21982482,21982482,23951207
21983168,21983168,23951207
21983357,21983357,23951207
21984253,21984253,23951207
21984282,21984282,23951207
21984319,21984319,23951207
21984563,21984563,23951207
21984791,21984791,23951207
21985627,21985627,23951207
21985960,21985960,23951207
21986186,21986186,23951207
21986590,21986590,23951207
21986765,21986765,23951207
21987426,21987426,23951207
21987831,21987831,23951207
21987943,21987943,23951207
21988291,21988291,23951207
21988323,21988323,23951207
21988854,21988854,23951207
21989217,21989217,23951207
21990735,21990735,23951207
21993776,21993776,23951207
21994378,21994378,23951207
21994490,21994490,23951207
21994499,21994499,23951207
21995332,21995332,23951207
21995333,21995333,23951207
21996209,21996209,23951207
21996935,21996935,23951207
21997262,21997262,23951207
21998418,21998418,23951207
21998693,21998693,23951207
21998800,21998800,23951207
21998873,21998873,23951207
21998932,21998932,23951207
21999477,21999477,23951207
21999784,21999784,23951207
22000090,22000090,23951207
22002745,22002745,23951207
22003049,22003049,23951207
22003788,22003788,23951207
22004648,22004648,23951207
22005742,22005742,23951207
22005773,22005773,23951207
22006705,22006705,23951207
22008416,22008416,23951207
22009785,22009785,23951207
22009804,22009804,23951207
22009882,22009882,23951207
22009912,22009912,23951207
22009920,22009920,23951207
22010293,22010293,23951207
22010543,22010543,23951207
22011625,22011625,23951207
22012663,22012663,23951207
22013075,22013075,23951207
22013114,22013114,23951207
22013208,22013208,23951207
22013400,22013400,23951207
22013550,22013550,23951207
22013578,22013578,23951207
22014142,22014142,23951207
22014530,22014530,23951207
22014718,22014718,23951207
22015008,22015008,23951207
22015332,22015332,23951207
22017701,22017701,23951207
22017862,22017862,23951207
22018175,22018175,23951207
22019058,22019058,23951207
22019237,22019237,23951207
22019278,22019278,23951207
22019782,22019782,23951207
22019963,22019963,23951207
22020219,22020219,23951207
22021093,22021093,23951207
22021375,22021375,23951207
22021741,22021741,23951207
22022363,22022363,23951207
22022437,22022437,23951207
22023079,22023079,23951207
22023091,22023091,23951207
22023233,22023233,23951207
22024476,22024476,23951207
22024546,22024546,23951207
22024815,22024815,23951207
22025149,22025149,23951207
22025688,22025688,23951207
22025903,22025903,23951207
22026068,22026068,23951207
22027857,22027857,23951207
22028022,22028022,23951207
22028593,22028593,23951207
22028726,22028726,23951207
22030075,22030075,23951207
22030209,22030209,23951207
22030261,22030261,23951207
22030744,22030744,23951207
22031809,22031809,23951207
22032128,22032128,23951207
22032462,22032462,23951207
22032604,22032604,23951207
22034087,22034087,23951207
22034340,22034340,23951207
22034343,22034343,23951207
22035464,22035464,23951207
22035577,22035577,23951207
22036346,22036346,23951207
22036806,22036806,23951207
22036924,22036924,23951207
22037540,22037540,23951207
22037729,22037729,23951207
22038571,22038571,23951207
22038983,22038983,23951207
22039370,22039370,23951207
22039844,22039844,23951207
22040884,22040884,23951207
22040980,22040980,23951207
22041141,22041141,23951207
22042302,22042302,23951207
22042411,22042411,23951207
22042424,22042424,23951207
22042550,22042550,23951207
22043000,22043000,23951207
22043082,22043082,23951207
22043379,22043379,23951207
22043427,22043427,23951207
22043572,22043572,23951207
22043859,22043859,23951207
22044346,22044346,23951207
22046145,22046145,23951207
22046248,22046248,23951207
22046540,22046540,23951207
22046806,22046806,23951207
22046939,22046939,23951207
22047650,22047650,23951207
22048597,22048597,23951207
22049552,22049552,23951207
22049918,22049918,23951207
22050339,22050339,23951207
22050674,22050674,23951207
22051414,22051414,23951207
22051747,22051747,23951207
22052197,22052197,23951207
22052288,22052288,23951207
22053526,22053526,23951207
22053807,22053807,23951207
22054721,22054721,23951207
22055799,22055799,23951207
22056667,22056667,23951207
22057025,22057025,23951207
22057509,22057509,23951207
22057642,22057642,23951207
22058414,22058414,23951207
22058591,22058591,23951207
22059333,22059333,23951207
22059579,22059579,23951207
22059619,22059619,23951207
22060192,22060192,23951207
22060403,22060403,23951207
22060705,22060705,23951207
22062236,22062236,23951207
22062724,22062724,23951207
22062748,22062748,23951207
22062893,22062893,23951207
22063849,22063849,23951207
22064822,22064822,23951207
22065072,22065072,23951207
22065219,22065219,23951207
22065804,22065804,23951207
22066709,22066709,23951207
22066916,22066916,23951207
22067917,22067917,23951207
22069129,22069129,23951207
22069578,22069578,23951207
22069661,22069661,23951207
22069960,22069960,23951207
22070542,22070542,23951207
22070893,22070893,23951207
22071829,22071829,23951207
22071927,22071927,23951207
22072683,22072683,23951207
22073711,22073711,23951207
22073900,22073900,23951207
22074492,22074492,23951207
22075154,22075154,23951207
22075172,22075172,23951207
22075826,22075826,23951207
22076089,22076089,23951207
22076301,22076301,23951207
22077069,22077069,23951207
22077584,22077584,23951207
22077586,22077586,23951207
22077625,22077625,23951207
22077692,22077692,23951207
22078055,22078055,23951207
22078926,22078926,23951207
22079156,22079156,23951207
22079311,22079311,23951207
22079345,22079345,23951207
22079927,22079927,23951207
22080732,22080732,23951207
22081578,22081578,23951207
22081580,22081580,23951207
22082224,22082224,23951207
22083096,22083096,23951207
22083148,22083148,23951207
22084222,22084222,23951207
22086753,22086753,23951207
22086756,22086756,23951207
22087677,22087677,23951207
22087751,22087751,23951207
22088317,22088317,23951207
22088645,22088645,23951207
22090784,22090784,23951207
22091490,22091490,23951207
22091527,22091527,23951207
22091737,22091737,23951207
22092699,22092699,23951207
22094126,22094126,23951207
22094460,22094460,23951207
22094844,22094844,23951207
22095458,22095458,23951207
22095830,22095830,23951207
22096304,22096304,23951207
22096445,22096445,23951207
22096512,22096512,23951207
22097156,22097156,23951207
22097370,22097370,23951207
22100336,22100336,23951207
22100522,22100522,23951207
22100706,22100706,23951207
22101141,22101141,23951207
22101447,22101447,23951207
22101746,22101746,23951207
22101933,22101933,23951207
22102140,22102140,23951207
22102301,22102301,23951207
22102614,22102614,23951207
22102657,22102657,23951207
22102824,22102824,23951207
22102928,22102928,23951207
22103204,22103204,23951207
22105614,22105614,23951207
22105636,22105636,23951207
22105753,22105753,23951207
22106255,22106255,23951207
22106483,22106483,23951207
22106539,22106539,23951207
22106841,22106841,23951207
22108118,22108118,23951207
22109549,22109549,23951207
22109626,22109626,23951207
22109966,22109966,23951207
22112219,22112219,23951207
22112305,22112305,23951207
22112567,22112567,23951207
22113158,22113158,23951207
22113288,22113288,23951207
22114324,22114324,23951207
22114442,22114442,23951207
22114469,22114469,23951207
22115537,22115537,23951207
22115669,22115669,23951207
22115903,22115903,23951207
22116238,22116238,23951207
22118318,22118318,23951207
22118766,22118766,23951207
22119184,22119184,23951207
22119306,22119306,23951207
22119927,22119927,23951207
22119987,22119987,23951207
22120248,22120248,23951207
22120645,22120645,23951207
22121127,22121127,23951207
22121839,22121839,23951207
22122049,22122049,23951207
22122518,22122518,23951207
22122739,22122739,23951207
22123003,22123003,23951207
22123766,22123766,23951207
22124094,22124094,23951207
22125103,22125103,23951207
22127388,22127388,23951207
22129442,22129442,23951207
22129685,22129685,23951207
22129858,22129858,23951207
22131251,22131251,23951207
22131334,22131334,23951207
22132068,22132068,23951207
22132168,22132168,23951207
22133174,22133174,23951207
22133306,22133306,23951207
22134186,22134186,23951207
22134385,22134385,23951207
22134994,22134994,23951207
22135565,22135565,23951207
22136049,22136049,23951207
22136441,22136441,23951207
22137588,22137588,23951207
22137662,22137662,23951207
22138711,22138711,23951207
22139126,22139126,23951207
22140072,22140072,23951207
22141342,22141342,23951207
22141454,22141454,23951207
22141519,22141519,23951207
22141520,22141520,23951207
22141596,22141596,23951207
22141639,22141639,23951207
22142286,22142286,23951207
22142558,22142558,23951207
22142627,22142627,23951207
22142990,22142990,23951207
22143173,22143173,23951207
22143674,22143674,23951207
22143826,22143826,23951207
22144003,22144003,23951207
22144269,22144269,23951207
22144376,22144376,23951207
22144843,22144843,23951207
22146033,22146033,23951207
22146509,22146509,23951207
22147503,22147503,23951207
22147919,22147919,23951207
22148262,22148262,23951207
22148576,22148576,23951207
22148906,22148906,23951207
22149500,22149500,23951207
22149617,22149617,23951207
22150304,22150304,23951207
22150663,22150663,23951207
22150960,22150960,23951207
22152030,22152030,23951207
22152078,22152078,23951207
22152450,22152450,23951207
22152581,22152581,23951207
22153035,22153035,23951207
22153505,22153505,23951207
22154650,22154650,23951207
22155257,22155257,23951207
22155353,22155353,23951207
22155419,22155419,23951207
22155782,22155782,23951207
22157327,22157327,23951207
22157429,22157429,23951207
22157473,22157473,23951207
22157532,22157532,23951207
22159556,22159556,23951207
22159843,22159843,23951207
22160268,22160268,23951207
22160515,22160515,23951207
22161822,22161822,23951207
22162722,22162722,23951207
22163113,22163113,23951207
22165006,22165006,23951207
22165848,22165848,23951207
22167052,22167052,23951207
22167188,22167188,23951207
22167467,22167467,23951207
22167476,22167476,23951207
22169456,22169456,23951207
22169906,22169906,23951207
22170012,22170012,23951207
22170879,22170879,23951207
22171046,22171046,23951207
22171773,22171773,23951207
22171982,22171982,23951207
22172661,22172661,23951207
22173460,22173460,23951207
22173534,22173534,23951207
22173843,22173843,23951207
22173897,22173897,23951207
22174109,22174109,23951207
22174116,22174116,23951207
22176057,22176057,23951207
22176287,22176287,23951207
22177562,22177562,23951207
22177958,22177958,23951207
22178193,22178193,23951207
22178279,22178279,23951207
22179632,22179632,23951207
22179871,22179871,23951207
22180097,22180097,23951207
22180124,22180124,23951207
22180489,22180489,23951207
22180498,22180498,23951207
22180842,22180842,23951207
22181037,22181037,23951207
22181448,22181448,23951207
22181968,22181968,23951207
22181997,22181997,23951207
22182066,22182066,23951207
22182677,22182677,23951207
22183978,22183978,23951207
22184440,22184440,23951207
22185092,22185092,23951207
22185669,22185669,23951207
22186299,22186299,23951207
22186507,22186507,23951207
22188292,22188292,23951207
22188438,22188438,23951207
22189635,22189635,23951207
22190095,22190095,23951207
22190373,22190373,23951207
22190863,22190863,23951207
22191010,22191010,23951207
22192188,22192188,23951207
22192355,22192355,23951207
22192908,22192908,23951207
22193068,22193068,23951207
22193615,22193615,23951207
22193671,22193671,23951207
22194521,22194521,23951207
22194524,22194524,23951207
22194912,22194912,23951207
22195445,22195445,23951207
22195897,22195897,23951207
22196512,22196512,23951207
22196887,22196887,23951207
22197062,22197062,23951207
22197358,22197358,23951207
22198114,22198114,23951207
22198210,22198210,23951207
22198213,22198213,23951207
22198519,22198519,23951207
22198700,22198700,23951207
22198805,22198805,23951207
22199264,22199264,23951207
22199586,22199586,23951207
22199609,22199609,23951207
22201756,22201756,23951207
22202003,22202003,23951207
22202870,22202870,23951207
22203936,22203936,23951207
22204058,22204058,23951207
22204750,22204750,23951207
22205023,22205023,23951207
22205196,22205196,23951207
22205514,22205514,23951207
22205903,22205903,23951207
22206407,22206407,23951207
22207218,22207218,23951207
22207265,22207265,23951207
22207840,22207840,23951207
22208136,22208136,23951207
22208182,22208182,23951207
22208553,22208553,23951207
22208796,22208796,23951207
22208804,22208804,23951207
22209104,22209104,23951207
22209173,22209173,23951207
22209868,22209868,23951207
22210204,22210204,23951207
22210245,22210245,23951207
22211333,22211333,23951207
22211677,22211677,23951207
22213407,22213407,23951207
22213462,22213462,23951207
22213603,22213603,23951207
22213920,22213920,23951207
22215560,22215560,23951207
22215639,22215639,23951207
22215884,22215884,23951207
22216063,22216063,23951207
22216200,22216200,23951207
22216694,22216694,23951207
22216733,22216733,23951207
22217036,22217036,23951207
22217432,22217432,23951207
22217677,22217677,23951207
22218547,22218547,23951207
22218851,22218851,23951207
22219348,22219348,23951207
22220153,22220153,23951207
22223875,22223875,23951207
22224103,22224103,23951207
22225810,22225810,23951207
22225936,22225936,23951207
22226389,22226389,23951207
22226402,22226402,23951207
22226485,22226485,23951207
22227024,22227024,23951207
22228093,22228093,23951207
22229361,22229361,23951207
22229569,22229569,23951207
22229796,22229796,23951207
22230109,22230109,23951207
22230429,22230429,23951207
22230683,22230683,23951207
22231184,22231184,23951207
22232949,22232949,23951207
22232990,22232990,23951207
22233249,22233249,23951207
22233306,22233306,23951207
22233310,22233310,23951207
22233363,22233363,23951207
22233403,22233403,23951207
22234485,22234485,23951207
22235946,22235946,23951207
22236727,22236727,23951207
22237251,22237251,23951207
22237524,22237524,23951207
22237657,22237657,23951207
22237827,22237827,23951207
22237907,22237907,23951207
22238043,22238043,23951207
22238094,22238094,23951207
22238982,22238982,23951207
22239610,22239610,23951207
22241158,22241158,23951207
22241167,22241167,23951207
22241555,22241555,23951207
22241622,22241622,23951207
22241697,22241697,23951207
22242205,22242205,23951207
22244197,22244197,23951207
22244736,22244736,23951207
22245377,22245377,23951207
22246257,22246257,23951207
22246627,22246627,23951207
22246903,22246903,23951207
22248019,22248019,23951207
22248210,22248210,23951207
22248370,22248370,23951207
22248389,22248389,23951207
22248942,22248942,23951207
22249020,22249020,23951207
22249024,22249024,23951207
22249948,22249948,23951207
22250434,22250434,23951207
22251080,22251080,23951207
22251210,22251210,23951207
22251471,22251471,23951207
22252411,22252411,23951207
22252977,22252977,23951207
22253569,22253569,23951207
22254488,22254488,23951207
22254575,22254575,23951207
22254833,22254833,23951207
22255044,22255044,23951207
22255203,22255203,23951207
22255645,22255645,23951207
22256187,22256187,23951207
22256272,22256272,23951207
22256649,22256649,23951207
22257930,22257930,23951207
22257941,22257941,23951207
22258798,22258798,23951207
22258819,22258819,23951207
22258871,22258871,23951207
22258946,22258946,23951207
22259089,22259089,23951207
22259344,22259344,23951207
22259980,22259980,23951207
22260397,22260397,23951207
22261056,22261056,23951207
22261303,22261303,23951207
22261968,22261968,23951207
22262021,22262021,23951207
22262789,22262789,23951207
22263061,22263061,23951207
22263309,22263309,23951207
22265543,22265543,23951207
22266158,22266158,23951207
22266528,22266528,23951207
22266718,22266718,23951207
22267602,22267602,23951207
22268999,22268999,23951207
22269091,22269091,23951207
22269164,22269164,23951207
22270065,22270065,23951207
22270222,22270222,23951207
22271198,22271198,23951207
22271594,22271594,23951207
22271712,22271712,23951207
22271735,22271735,23951207
22272197,22272197,23951207
22272404,22272404,23951207
22273517,22273517,23951207
22275054,22275054,23951207
22275140,22275140,23951207
22275545,22275545,23951207
22275617,22275617,23951207
22276409,22276409,23951207
22276436,22276436,23951207
22276905,22276905,23951207
22278412,22278412,23951207
22278674,22278674,23951207
22279375,22279375,23951207
22280185,22280185,23951207
22280549,22280549,23951207
22280705,22280705,23951207
22280852,22280852,23951207
22280981,22280981,23951207
22282154,22282154,23951207
22283373,22283373,23951207
22283745,22283745,23951207
22283890,22283890,23951207
22284476,22284476,23951207
22284834,22284834,23951207
22286547,22286547,23951207
22287366,22287366,23951207
22287607,22287607,23951207
22287850,22287850,23951207
22288868,22288868,23951207
22289062,22289062,23951207
22289137,22289137,23951207
22289997,22289997,23951207
22290013,22290013,23951207
22290036,22290036,23951207
22290087,22290087,23951207
22291009,22291009,23951207
22291894,22291894,23951207
22292548,22292548,23951207
22292741,22292741,23951207
22293520,22293520,23951207
22293667,22293667,23951207
22294132,22294132,23951207
22294667,22294667,23951207
22294912,22294912,23951207
22294912,22294912,23951207
22295114,22295114,23951207
22295263,22295263,23951207
22295764,22295764,23951207
22295783,22295783,23951207
22296744,22296744,23951207
22296906,22296906,23951207
22298064,22298064,23951207
22298993,22298993,23951207
22299000,22299000,23951207
22299371,22299371,23951207
22300324,22300324,23951207
22301453,22301453,23951207
22301986,22301986,23951207
22302334,22302334,23951207
22304190,22304190,23951207
22305167,22305167,23951207
22306056,22306056,23951207
22306057,22306057,23951207
22306531,22306531,23951207
22307355,22307355,23951207
22307356,22307356,23951207
22307416,22307416,23951207
22308299,22308299,23951207
22308319,22308319,23951207
22309807,22309807,23951207
22310119,22310119,23951207
22310273,22310273,23951207
22310449,22310449,23951207
22310852,22310852,23951207
22310961,22310961,23951207
22311107,22311107,23951207
22312207,22312207,23951207
22312558,22312558,23951207
22312905,22312905,23951207
22313359,22313359,23951207
22313466,22313466,23951207
22313495,22313495,23951207
22313724,22313724,23951207
22314394,22314394,23951207
22314836,22314836,23951207
22315997,22315997,23951207
22316073,22316073,23951207
22316103,22316103,23951207
22316285,22316285,23951207
22316793,22316793,23951207
22316814,22316814,23951207
22317540,22317540,23951207
22319146,22319146,23951207
22319618,22319618,23951207
22320033,22320033,23951207
22321558,22321558,23951207
22324616,22324616,23951207
22324829,22324829,23951207
22325007,22325007,23951207
22325160,22325160,23951207
22327802,22327802,23951207
22327955,22327955,23951207
22328409,22328409,23951207
22328675,22328675,23951207
22329318,22329318,23951207
22329624,22329624,23951207
22329836,22329836,23951207
22329994,22329994,23951207
22330084,22330084,23951207
22330495,22330495,23951207
22330562,22330562,23951207
22331582,22331582,23951207
22331660,22331660,23951207
22332215,22332215,23951207
22333315,22333315,23951207
22333547,22333547,23951207
22334396,22334396,23951207
22334606,22334606,23951207
22335159,22335159,23951207
22336348,22336348,23951207
22336914,22336914,23951207
22338091,22338091,23951207
22338281,22338281,23951207
22338539,22338539,23951207
22340106,22340106,23951207
22340239,22340239,23951207
22341047,22341047,23951207
22341788,22341788,23951207
22341799,22341799,23951207
22342030,22342030,23951207
22342136,22342136,23951207
22342355,22342355,23951207
22342615,22342615,23951207
22342782,22342782,23951207
22342795,22342795,23951207
22344915,22344915,23951207
22344990,22344990,23951207
22345357,22345357,23951207
22345618,22345618,23951207
22347789,22347789,23951207
22348763,22348763,23951207
22349696,22349696,23951207
22349811,22349811,23951207
22350341,22350341,23951207
22350699,22350699,23951207
22352287,22352287,23951207
22352586,22352586,23951207
22352661,22352661,23951207
22353444,22353444,23951207
22354005,22354005,23951207
22355327,22355327,23951207
22355522,22355522,23951207
22355868,22355868,23951207
22355883,22355883,23951207
22356844,22356844,23951207
22357187,22357187,23951207
22357677,22357677,23951207
22357860,22357860,23951207
22357897,22357897,23951207
22358184,22358184,23951207
22358366,22358366,23951207
22360078,22360078,23951207
22360813,22360813,23951207
22361342,22361342,23951207
22361453,22361453,23951207
22362055,22362055,23951207
22363354,22363354,23951207
22363418,22363418,23951207
22364429,22364429,23951207
22364529,22364529,23951207
22364714,22364714,23951207
22365026,22365026,23951207
22365211,22365211,23951207
22365949,22365949,23951207
22366053,22366053,23951207
22367495,22367495,23951207
22368551,22368551,23951207
22370431,22370431,23951207
22370661,22370661,23951207
22370762,22370762,23951207
22374172,22374172,23951207
22375143,22375143,23951207
22376474,22376474,23951207
22376518,22376518,23951207
22376654,22376654,23951207
22377166,22377166,23951207
22379053,22379053,23951207
22379099,22379099,23951207
22379237,22379237,23951207
22379744,22379744,23951207
22380179,22380179,23951207
22380329,22380329,23951207
22380671,22380671,23951207
22380857,22380857,23951207
22381192,22381192,23951207
22381852,22381852,23951207
22382265,22382265,23951207
22382375,22382375,23951207
22382698,22382698,23951207
22382760,22382760,23951207
22383548,22383548,23951207
22383992,22383992,23951207
22385235,22385235,23951207
22386067,22386067,23951207
22386299,22386299,23951207
22386341,22386341,23951207
22386531,22386531,23951207
22386929,22386929,23951207
22387230,22387230,23951207
22387850,22387850,23951207
22388280,22388280,23951207
22388489,22388489,23951207
22389291,22389291,23951207
22389315,22389315,23951207
22389383,22389383,23951207
22389617,22389617,23951207
22390103,22390103,23951207
22390165,22390165,23951207
22390774,22390774,23951207
22390817,22390817,23951207
22391991,22391991,23951207
22392105,22392105,23951207
22392373,22392373,23951207
22392781,22392781,23951207
22394178,22394178,23951207
22394422,22394422,23951207
22396148,22396148,23951207
22396338,22396338,23951207
22397174,22397174,23951207
22397491,22397491,23951207
22397953,22397953,23951207
22398303,22398303,23951207
22398830,22398830,23951207
22399171,22399171,23951207
22399795,22399795,23951207
22400073,22400073,23951207
22401023,22401023,23951207
22401043,22401043,23951207
22401148,22401148,23951207
22401162,22401162,23951207
22401861,22401861,23951207
22402003,22402003,23951207
22402375,22402375,23951207
22403345,22403345,23951207
22404027,22404027,23951207
22404085,22404085,23951207
22404180,22404180,23951207
22404752,22404752,23951207
22404754,22404754,23951207
22404837,22404837,23951207
22404977,22404977,23951207
22405125,22405125,23951207
22406841,22406841,23951207
22406953,22406953,23951207
22407192,22407192,23951207
22407319,22407319,23951207
22408193,22408193,23951207
22408477,22408477,23951207
22409016,22409016,23951207
22409025,22409025,23951207
22409995,22409995,23951207
22411643,22411643,23951207
22412205,22412205,23951207
22413195,22413195,23951207
22413612,22413612,23951207
22414091,22414091,23951207
22414665,22414665,23951207
22414859,22414859,23951207
22416162,22416162,23951207
22417106,22417106,23951207
22417221,22417221,23951207
22417423,22417423,23951207
22418493,22418493,23951207
22418795,22418795,23951207
22419721,22419721,23951207
22419829,22419829,23951207
22420091,22420091,23951207
22420237,22420237,23951207
22420644,22420644,23951207
22420682,22420682,23951207
22421177,22421177,23951207
22422029,22422029,23951207
22422396,22422396,23951207
22422594,22422594,23951207
22423604,22423604,23951207
22424094,22424094,23951207
22425437,22425437,23951207
22427257,22427257,23951207
22428777,22428777,23951207
22428859,22428859,23951207
22429024,22429024,23951207
22429227,22429227,23951207
22429792,22429792,23951207
22430025,22430025,23951207
22430196,22430196,23951207
22431065,22431065,23951207
22431311,22431311,23951207
22432945,22432945,23951207
22433376,22433376,23951207
22433386,22433386,23951207
22433833,22433833,23951207
22434451,22434451,23951207
22435763,22435763,23951207
22435862,22435862,23951207
22436047,22436047,23951207
22436738,22436738,23951207
22437626,22437626,23951207
22437824,22437824,23951207
22439833,22439833,23951207
22440833,22440833,23951207
22441237,22441237,23951207
22441443,22441443,23951207
22442680,22442680,23951207
22443320,22443320,23951207
22443370,22443370,23951207
22444173,22444173,23951207
22444185,22444185,23951207
22444751,22444751,23951207
22444999,22444999,23951207
22445534,22445534,23951207
22445727,22445727,23951207
22446876,22446876,23951207
22447369,22447369,23951207
22447489,22447489,23951207
22447721,22447721,23951207
22449595,22449595,23951207
22450138,22450138,23951207
22450330,22450330,23951207
22450648,22450648,23951207
22450861,22450861,23951207
22451404,22451404,23951207
22451731,22451731,23951207
22452952,22452952,23951207
22454754,22454754,23951207
22454783,22454783,23951207
22455008,22455008,23951207
22456280,22456280,23951207
22456321,22456321,23951207
22457012,22457012,23951207
22457556,22457556,23951207
22457707,22457707,23951207
22458502,22458502,23951207
22458870,22458870,23951207
22459286,22459286,23951207
22459425,22459425,23951207
22459803,22459803,23951207
22462434,22462434,23951207
22463944,22463944,23951207
22463960,22463960,23951207
22464088,22464088,23951207
22465296,22465296,23951207
22465413,22465413,23951207
22465680,22465680,23951207
22465827,22465827,23951207
22466510,22466510,23951207
22466992,22466992,23951207
22467172,22467172,23951207
22467699,22467699,23951207
22468438,22468438,23951207
22469840,22469840,23951207
22470657,22470657,23951207
22472001,22472001,23951207
22472161,22472161,23951207
22473204,22473204,23951207
22473921,22473921,23951207
22474268,22474268,23951207
22475258,22475258,23951207
22476510,22476510,23951207
22476853,22476853,23951207
22477048,22477048,23951207
22477319,22477319,23951207
22477659,22477659,23951207
22477923,22477923,23951207
22478730,22478730,23951207
22479305,22479305,23951207
22479997,22479997,23951207
22480320,22480320,23951207
22480640,22480640,23951207
22481533,22481533,23951207
22481635,22481635,23951207
22482031,22482031,23951207
22482130,22482130,23951207
22483045,22483045,23951207
22483210,22483210,23951207
22483479,22483479,23951207
22484700,22484700,23951207
22485494,22485494,23951207
22486339,22486339,23951207
22486647,22486647,23951207
22489240,22489240,23951207
22489265,22489265,23951207
22489453,22489453,23951207
22490033,22490033,23951207
22490568,22490568,23951207
22491319,22491319,23951207
22492628,22492628,23951207
22493137,22493137,23951207
22493310,22493310,23951207
22493506,22493506,23951207
22494006,22494006,23951207
22494578,22494578,23951207
22494656,22494656,23951207
22494775,22494775,23951207
22495094,22495094,23951207
22496633,22496633,23951207
22497576,22497576,23951207
22497973,22497973,23951207
22498022,22498022,23951207
22498710,22498710,23951207
22499071,22499071,23951207
22499736,22499736,23951207
22501085,22501085,23951207
22501147,22501147,23951207
22501660,22501660,23951207
22501886,22501886,23951207
22502570,22502570,23951207
22502941,22502941,23951207
22503273,22503273,23951207
22504194,22504194,23951207
22504454,22504454,23951207
22504544,22504544,23951207
22504774,22504774,23951207
22505359,22505359,23951207
22505867,22505867,23951207
22506150,22506150,23951207
22506430,22506430,23951207
22506692,22506692,23951207
22506757,22506757,23951207
22507013,22507013,23951207
22507524,22507524,23951207
22507581,22507581,23951207
22508062,22508062,23951207
22508546,22508546,23951207
22509207,22509207,23951207
22509702,22509702,23951207
22510009,22510009,23951207
22510178,22510178,23951207
22512934,22512934,23951207
22513868,22513868,23951207
22513918,22513918,23951207
22515219,22515219,23951207
22515442,22515442,23951207
22515869,22515869,23951207
22516134,22516134,23951207
22516427,22516427,23951207
22516476,22516476,23951207
22516843,22516843,23951207
22517049,22517049,23951207
22517417,22517417,23951207
22517443,22517443,23951207
22517560,22517560,23951207
22517973,22517973,23951207
22518222,22518222,23951207
22518763,22518763,23951207
22519557,22519557,23951207
22519669,22519669,23951207
22520344,22520344,23951207
22520655,22520655,23951207
22521042,22521042,23951207
22521091,22521091,23951207
22521736,22521736,23951207
22521795,22521795,23951207
22521986,22521986,23951207
22522079,22522079,23951207
22523213,22523213,23951207
22523917,22523917,23951207
22524174,22524174,23951207
22524564,22524564,23951207
22525302,22525302,23951207
22527717,22527717,23951207
22527916,22527916,23951207
22528180,22528180,23951207
22528542,22528542,23951207
22529694,22529694,23951207
22529795,22529795,23951207
22531308,22531308,23951207
22531356,22531356,23951207
22531367,22531367,23951207
22532031,22532031,23951207
22532247,22532247,23951207
22532671,22532671,23951207
22532778,22532778,23951207
22532855,22532855,23951207
22533016,22533016,23951207
22534032,22534032,23951207
22534183,22534183,23951207
22534449,22534449,23951207
22534542,22534542,23951207
22534631,22534631,23951207
22534755,22534755,23951207
22534834,22534834,23951207
22535207,22535207,23951207
22535392,22535392,23951207
22535547,22535547,23951207
22535868,22535868,23951207
22536065,22536065,23951207
22536375,22536375,23951207
22537460,22537460,23951207
22537501,22537501,23951207
22537757,22537757,23951207
22538856,22538856,23951207
22540350,22540350,23951207
22540354,22540354,23951207
22541205,22541205,23951207
22541591,22541591,23951207
22542053,22542053,23951207
22542209,22542209,23951207
22542580,22542580,23951207
22542673,22542673,23951207
22543365,22543365,23951207
22543648,22543648,23951207
22544441,22544441,23951207
22545112,22545112,23951207
22545165,22545165,23951207
22545246,22545246,23951207
22545671,22545671,23951207
22546417,22546417,23951207
22546545,22546545,23951207
22546607,22546607,23951207
22547372,22547372,23951207
22547764,22547764,23951207
22547783,22547783,23951207
22549689,22549689,23951207
22549886,22549886,23951207
22550062,22550062,23951207
22550154,22550154,23951207
22550382,22550382,23951207
22550597,22550597,23951207
22552451,22552451,23951207
22552626,22552626,23951207
22553064,22553064,23951207
22553569,22553569,23951207
22553658,22553658,23951207
22553793,22553793,23951207
22554285,22554285,23951207
22555230,22555230,23951207
22555900,22555900,23951207
22556116,22556116,23951207
22556420,22556420,23951207
22556428,22556428,23951207
22556798,22556798,23951207
22557764,22557764,23951207
22557787,22557787,23951207
22558304,22558304,23951207
22558594,22558594,23951207
22558791,22558791,23951207
22558871,22558871,23951207
22559532,22559532,23951207
22559765,22559765,23951207
22559896,22559896,23951207
22560170,22560170,23951207
22560995,22560995,23951207
22561323,22561323,23951207
22561455,22561455,23951207
22562097,22562097,23951207
22562198,22562198,23951207
22562544,22562544,23951207
22562626,22562626,23951207
22562682,22562682,23951207
22563297,22563297,23951207
22564872,22564872,23951207
22566724,22566724,23951207
22566930,22566930,23951207
22567928,22567928,23951207
22568550,22568550,23951207
22568784,22568784,23951207
22568795,22568795,23951207
22568919,22568919,23951207
22569770,22569770,23951207
22570052,22570052,23951207
22570150,22570150,23951207
22570187,22570187,23951207
22570189,22570189,23951207
22571959,22571959,23951207
22571964,22571964,23951207
22572054,22572054,23951207
22572562,22572562,23951207
22573267,22573267,23951207
22573298,22573298,23951207
22573301,22573301,23951207
22574347,22574347,23951207
22575942,22575942,23951207
22576836,22576836,23951207
22578105,22578105,23951207
22578220,22578220,23951207
22578293,22578293,23951207
22579901,22579901,23951207
22579995,22579995,23951207
22580492,22580492,23951207
22580934,22580934,23951207
22581553,22581553,23951207
22582534,22582534,23951207
22582976,22582976,23951207
22584317,22584317,23951207
22584691,22584691,23951207
22585935,22585935,23951207
22586007,22586007,23951207
22586458,22586458,23951207
22587169,22587169,23951207
22587172,22587172,23951207
22589130,22589130,23951207
22589186,22589186,23951207
22589281,22589281,23951207
22590217,22590217,23951207
22590330,22590330,23951207
22590555,22590555,23951207
22590986,22590986,23951207
22591022,22591022,23951207
22591033,22591033,23951207
22591812,22591812,23951207
22593823,22593823,23951207
22593884,22593884,23951207
22594207,22594207,23951207
22594644,22594644,23951207
22594724,22594724,23951207
22596367,22596367,23951207
22596536,22596536,23951207
22596875,22596875,23951207
22597774,22597774,23951207
22598391,22598391,23951207
22598688,22598688,23951207
22598830,22598830,23951207
22598997,22598997,23951207
22599042,22599042,23951207
22599147,22599147,23951207
22599330,22599330,23951207
22599888,22599888,23951207
22600129,22600129,23951207
22600420,22600420,23951207
22600826,22600826,23951207
22601173,22601173,23951207
22601338,22601338,23951207
22603602,22603602,23951207
22603712,22603712,23951207
22604397,22604397,23951207
22604729,22604729,23951207
22605351,22605351,23951207
22605434,22605434,23951207
22605673,22605673,23951207
22605734,22605734,23951207
22605907,22605907,23951207
22605933,22605933,23951207
22606642,22606642,23951207
22606878,22606878,23951207
22606972,22606972,23951207
22607015,22607015,23951207
22607247,22607247,23951207
22607337,22607337,23951207
22609462,22609462,23951207
22609934,22609934,23951207
22610146,22610146,23951207
22610364,22610364,23951207
22610787,22610787,23951207
22611206,22611206,23951207
22612187,22612187,23951207
22613398,22613398,23951207
22613506,22613506,23951207
22613985,22613985,23951207
22614423,22614423,23951207
22615229,22615229,23951207
22616826,22616826,23951207
22616859,22616859,23951207
22617823,22617823,23951207
22619648,22619648,23951207
22619785,22619785,23951207
22619895,22619895,23951207
22619958,22619958,23951207
22622267,22622267,23951207
22623252,22623252,23951207
22623324,22623324,23951207
22623441,22623441,23951207
22623515,22623515,23951207
22623769,22623769,23951207
22623896,22623896,23951207
22623979,22623979,23951207
22624002,22624002,23951207
22624276,22624276,23951207
22624291,22624291,23951207
22624512,22624512,23951207
22624627,22624627,23951207
22627765,22627765,23951207
22628808,22628808,23951207
22629099,22629099,23951207
22629403,22629403,23951207
22629656,22629656,23951207
22629668,22629668,23951207
22631876,22631876,23951207
22631934,22631934,23951207
22633016,22633016,23951207
22633075,22633075,23951207
22633518,22633518,23951207
22633713,22633713,23951207
22635088,22635088,23951207
22635620,22635620,23951207
22636145,22636145,23951207
22638460,22638460,23951207
22638809,22638809,23951207
22639498,22639498,23951207
22639906,22639906,23951207
22640031,22640031,23951207
22641053,22641053,23951207
22642433,22642433,23951207
22643088,22643088,23951207
22643140,22643140,23951207
22643197,22643197,23951207
22643928,22643928,23951207
22644080,22644080,23951207
22644103,22644103,23951207
22646438,22646438,23951207
22646466,22646466,23951207
22646872,22646872,23951207
22647687,22647687,23951207
22648236,22648236,23951207
22649099,22649099,23951207
22649108,22649108,23951207
22650109,22650109,23951207
22650218,22650218,23951207
22650707,22650707,23951207
22650827,22650827,23951207
22650852,22650852,23951207
22651434,22651434,23951207
22653094,22653094,23951207
22653360,22653360,23951207
22653709,22653709,23951207
22654070,22654070,23951207
22654257,22654257,23951207
22654437,22654437,23951207
22654626,22654626,23951207
22655241,22655241,23951207
22655313,22655313,23951207
22655537,22655537,23951207
22655726,22655726,23951207
22656743,22656743,23951207
22657091,22657091,23951207
22657248,22657248,23951207
22657381,22657381,23951207
22658302,22658302,23951207
22659573,22659573,23951207
22659575,22659575,23951207
22659862,22659862,23951207
22659976,22659976,23951207
22660260,22660260,23951207
22660696,22660696,23951207
22660855,22660855,23951207
22662685,22662685,23951207
22662810,22662810,23951207
22663431,22663431,23951207
22663879,22663879,23951207
22664249,22664249,23951207
22664413,22664413,23951207
22664776,22664776,23951207
22665311,22665311,23951207
22666955,22666955,23951207
22666989,22666989,23951207
22667707,22667707,23951207
22668054,22668054,23951207
22668430,22668430,23951207
22669852,22669852,23951207
22670651,22670651,23951207
22670674,22670674,23951207
22670939,22670939,23951207
22671039,22671039,23951207
22672041,22672041,23951207
22673111,22673111,23951207
22674297,22674297,23951207
22674607,22674607,23951207
22674852,22674852,23951207
22675805,22675805,23951207
22676641,22676641,23951207
22677493,22677493,23951207
22678032,22678032,23951207
22678724,22678724,23951207
22678928,22678928,23951207
22679327,22679327,23951207
22679642,22679642,23951207
22679846,22679846,23951207
22680077,22680077,23951207
22680169,22680169,23951207
22682113,22682113,23951207
22682121,22682121,23951207
22682241,22682241,23951207
22682679,22682679,23951207
22683970,22683970,23951207
22684051,22684051,23951207
22684740,22684740,23951207
22685014,22685014,23951207
22685249,22685249,23951207
22685651,22685651,23951207
22685672,22685672,23951207
22685830,22685830,23951207
22686022,22686022,23951207
22686146,22686146,23951207
22686453,22686453,23951207
22686763,22686763,23951207
22687070,22687070,23951207
22687082,22687082,23951207
22687221,22687221,23951207
22687278,22687278,23951207
22688071,22688071,23951207
22688177,22688177,23951207
22689723,22689723,23951207
22690289,22690289,23951207
22690298,22690298,23951207
22690485,22690485,23951207
22690667,22690667,23951207
22690823,22690823,23951207
22691821,22691821,23951207
22691884,22691884,23951207
22691993,22691993,23951207
22692508,22692508,23951207
22693070,22693070,23951207
22693528,22693528,23951207
22693663,22693663,23951207
22693797,22693797,23951207
22693893,22693893,23951207
22694618,22694618,23951207
22696023,22696023,23951207
22696168,22696168,23951207
22696551,22696551,23951207
22697126,22697126,23951207
22697305,22697305,23951207
22697394,22697394,23951207
22697524,22697524,23951207
22697718,22697718,23951207
22698100,22698100,23951207
22698878,22698878,23951207
22699745,22699745,23951207
22700058,22700058,23951207
22700771,22700771,23951207
22701049,22701049,23951207
22701249,22701249,23951207
22701437,22701437,23951207
22701520,22701520,23951207
22701686,22701686,23951207
22701844,22701844,23951207
22702241,22702241,23951207
22702853,22702853,23951207
22703759,22703759,23951207
22703787,22703787,23951207
22704647,22704647,23951207
22705029,22705029,23951207
22705109,22705109,23951207
22706271,22706271,23951207
22706627,22706627,23951207
22706920,22706920,23951207
22707804,22707804,23951207
22709791,22709791,23951207
22709820,22709820,23951207
22710047,22710047,23951207
22710269,22710269,23951207
22710371,22710371,23951207
22711528,22711528,23951207
22711603,22711603,23951207
22712019,22712019,23951207
22714057,22714057,23951207
22715101,22715101,23951207
22715941,22715941,23951207
22716290,22716290,23951207
22716348,22716348,23951207
22716725,22716725,23951207
22716983,22716983,23951207
22718326,22718326,23951207
22718336,22718336,23951207
22718638,22718638,23951207
22719042,22719042,23951207
22720196,22720196,23951207
22720319,22720319,23951207
22720344,22720344,23951207
22720980,22720980,23951207
22721396,22721396,23951207
22721877,22721877,23951207
22722909,22722909,23951207
22723175,22723175,23951207
22723460,22723460,23951207
22724223,22724223,23951207
22724636,22724636,23951207
22724973,22724973,23951207
22725704,22725704,23951207
22725711,22725711,23951207
22726717,22726717,23951207
22726985,22726985,23951207
22727754,22727754,23951207
22728458,22728458,23951207
22728921,22728921,23951207
22729424,22729424,23951207
22729464,22729464,23951207
22730324,22730324,23951207
22730683,22730683,23951207
22731250,22731250,23951207
22732542,22732542,23951207
22733342,22733342,23951207
22733515,22733515,23951207
22733590,22733590,23951207
22733801,22733801,23951207
22735082,22735082,23951207
22735672,22735672,23951207
22737023,22737023,23951207
22737047,22737047,23951207
22737197,22737197,23951207
22737840,22737840,23951207
22739810,22739810,23951207
22739911,22739911,23951207
22740114,22740114,23951207
22740233,22740233,23951207
22740524,22740524,23951207
22741781,22741781,23951207
22742508,22742508,23951207
22743070,22743070,23951207
22743565,22743565,23951207
22743724,22743724,23951207
22744006,22744006,23951207
22744223,22744223,23951207
22744416,22744416,23951207
22744571,22744571,23951207
22745439,22745439,23951207
22745639,22745639,23951207
22745731,22745731,23951207
22747316,22747316,23951207
22747695,22747695,23951207
22748074,22748074,23951207
22748704,22748704,23951207
22749729,22749729,23951207
22749731,22749731,23951207
22750360,22750360,23951207
22750843,22750843,23951207
22751259,22751259,23951207
22752294,22752294,23951207
22753608,22753608,23951207
22753705,22753705,23951207
22755356,22755356,23951207
22755565,22755565,23951207
22756126,22756126,23951207
22756940,22756940,23951207
22757623,22757623,23951207
22757626,22757626,23951207
22757700,22757700,23951207
22758216,22758216,23951207
22758247,22758247,23951207
22758441,22758441,23951207
22759332,22759332,23951207
22759707,22759707,23951207
22759845,22759845,23951207
22760249,22760249,23951207
22760292,22760292,23951207
22760732,22760732,23951207
22761114,22761114,23951207
22761556,22761556,23951207
22763953,22763953,23951207
22765539,22765539,23951207
22766994,22766994,23951207
22767148,22767148,23951207
22767515,22767515,23951207
22767938,22767938,23951207
22768654,22768654,23951207
22770070,22770070,23951207
22770080,22770080,23951207
22770187,22770187,23951207
22770216,22770216,23951207
22770403,22770403,23951207
22770648,22770648,23951207
22771312,22771312,23951207
22771328,22771328,23951207
22771763,22771763,23951207
22773322,22773322,23951207
22774142,22774142,23951207
22774559,22774559,23951207
22775611,22775611,23951207
22775997,22775997,23951207
22776579,22776579,23951207
22776819,22776819,23951207
22777579,22777579,23951207
22777795,22777795,23951207
22777899,22777899,23951207
22779005,22779005,23951207
22779829,22779829,23951207
22780226,22780226,23951207
22780509,22780509,23951207
22780555,22780555,23951207
22780954,22780954,23951207
22781996,22781996,23951207
22782916,22782916,23951207
22782935,22782935,23951207
22783242,22783242,23951207
22783614,22783614,23951207
22784773,22784773,23951207
22785433,22785433,23951207
22787041,22787041,23951207
22787348,22787348,23951207
22787398,22787398,23951207
22787474,22787474,23951207
22788430,22788430,23951207
22788817,22788817,23951207
22789659,22789659,23951207
22789933,22789933,23951207
22790369,22790369,23951207
22790927,22790927,23951207
22791485,22791485,23951207
22791763,22791763,23951207
22791876,22791876,23951207
22792539,22792539,23951207
22793040,22793040,23951207
22793194,22793194,23951207
22794343,22794343,23951207
22794454,22794454,23951207
22794487,22794487,23951207
22795330,22795330,23951207
22795681,22795681,23951207
22796109,22796109,23951207
22796813,22796813,23951207
22796862,22796862,23951207
22797262,22797262,23951207
22797487,22797487,23951207
22797535,22797535,23951207
22797654,22797654,23951207
22797773,22797773,23951207
22797973,22797973,23951207
22798199,22798199,23951207
22798619,22798619,23951207
22799036,22799036,23951207
22799238,22799238,23951207
22799793,22799793,23951207
22800086,22800086,23951207
22800116,22800116,23951207
22800632,22800632,23951207
22800750,22800750,23951207
22801211,22801211,23951207
22801255,22801255,23951207
22801654,22801654,23951207
22802097,22802097,23951207
22802123,22802123,23951207
22802449,22802449,23951207
22802928,22802928,23951207
22803324,22803324,23951207
22803350,22803350,23951207
22804339,22804339,23951207
22804490,22804490,23951207
22805517,22805517,23951207
22807705,22807705,23951207
22807798,22807798,23951207
22808671,22808671,23951207
22808808,22808808,23951207
22808903,22808903,23951207
22809702,22809702,23951207
22809921,22809921,23951207
22810015,22810015,23951207
22811667,22811667,23951207
22812780,22812780,23951207
22813044,22813044,23951207
22813873,22813873,23951207
22814312,22814312,23951207
22814940,22814940,23951207
22815077,22815077,23951207
22816311,22816311,23951207
22816845,22816845,23951207
22816970,22816970,23951207
22818083,22818083,23951207
22818229,22818229,23951207
22818268,22818268,23951207
22818924,22818924,23951207
22819234,22819234,23951207
22819319,22819319,23951207
22820152,22820152,23951207
22820272,22820272,23951207
22820518,22820518,23951207
22821213,22821213,23951207
22821805,22821805,23951207
22822524,22822524,23951207
22823345,22823345,23951207
22823757,22823757,23951207
22823935,22823935,23951207
22824797,22824797,23951207
22825009,22825009,23951207
22825323,22825323,23951207
22826437,22826437,23951207
22827345,22827345,23951207
22828106,22828106,23951207
22828794,22828794,23951207
22830092,22830092,23951207
22830421,22830421,23951207
22830732,22830732,23951207
22830791,22830791,23951207
22830946,22830946,23951207
22831995,22831995,23951207
22832043,22832043,23951207
22832108,22832108,23951207
22832523,22832523,23951207
22832689,22832689,23951207
22832763,22832763,23951207
22833200,22833200,23951207
22835793,22835793,23951207
22835922,22835922,23951207
22836343,22836343,23951207
22836555,22836555,23951207
22836839,22836839,23951207
22837208,22837208,23951207
22837565,22837565,23951207
22837816,22837816,23951207
22838727,22838727,23951207
22839143,22839143,23951207
22839852,22839852,23951207
22840244,22840244,23951207
22840593,22840593,23951207
22840671,22840671,23951207
22840812,22840812,23951207
22841595,22841595,23951207
22841621,22841621,23951207
22841848,22841848,23951207
22843806,22843806,23951207
22844521,22844521,23951207
22844670,22844670,23951207
22844716,22844716,23951207
22845270,22845270,23951207
22846372,22846372,23951207
22846934,22846934,23951207
22847012,22847012,23951207
22847495,22847495,23951207
22847662,22847662,23951207
22847709,22847709,23951207
22847898,22847898,23951207
22848528,22848528,23951207
22849260,22849260,23951207
22850497,22850497,23951207
22851524,22851524,23951207
22852144,22852144,23951207
22855870,22855870,23951207
22856458,22856458,23951207
22856839,22856839,23951207
22857523,22857523,23951207
22857867,22857867,23951207
22858217,22858217,23951207
22858637,22858637,23951207
22859629,22859629,23951207
22860130,22860130,23951207
22862239,22862239,23951207
22862677,22862677,23951207
22864522,22864522,23951207
22865303,22865303,23951207
22865522,22865522,23951207
22867010,22867010,23951207
22867453,22867453,23951207
22868797,22868797,23951207
22869070,22869070,23951207
22869203,22869203,23951207
22871192,22871192,23951207
22871575,22871575,23951207
22871682,22871682,23951207
22872724,22872724,23951207
22872744,22872744,23951207
22872834,22872834,23951207
22873056,22873056,23951207
22874250,22874250,23951207
22874717,22874717,23951207
22874937,22874937,23951207
22875758,22875758,23951207
22876084,22876084,23951207
22876739,22876739,23951207
22877162,22877162,23951207
22877366,22877366,23951207
22877757,22877757,23951207
22877882,22877882,23951207
22879728,22879728,23951207
22880508,22880508,23951207
22880782,22880782,23951207
22881887,22881887,23951207
22882306,22882306,23951207
22882975,22882975,23951207
22883116,22883116,23951207
22884627,22884627,23951207
22884773,22884773,23951207
22884942,22884942,23951207
22885675,22885675,23951207
22885865,22885865,23951207
22886591,22886591,23951207
22887309,22887309,23951207
22888147,22888147,23951207
22888365,22888365,23951207
22888823,22888823,23951207
22889224,22889224,23951207
22889553,22889553,23951207
22890644,22890644,23951207
22891140,22891140,23951207
22891459,22891459,23951207
22892019,22892019,23951207
22892371,22892371,23951207
22892562,22892562,23951207
22892841,22892841,23951207
22893762,22893762,23951207
22893766,22893766,23951207
22894039,22894039,23951207
22894420,22894420,23951207
22895188,22895188,23951207
22895258,22895258,23951207
22895430,22895430,23951207
22895880,22895880,23951207
22896379,22896379,23951207
22897242,22897242,23951207
22897509,22897509,23951207
22897700,22897700,23951207
22898026,22898026,23951207
22898676,22898676,23951207
22899516,22899516,23951207
22899655,22899655,23951207
22900546,22900546,23951207
22900774,22900774,23951207
22901150,22901150,23951207
22901696,22901696,23951207
22903514,22903514,23951207
22904588,22904588,23951207
22904772,22904772,23951207
22905226,22905226,23951207
22905372,22905372,23951207
22905444,22905444,23951207
22905510,22905510,23951207
22906086,22906086,23951207
22906612,22906612,23951207
22907153,22907153,23951207
22907296,22907296,23951207
22907483,22907483,23951207
22907657,22907657,23951207
22908058,22908058,23951207
22908490,22908490,23951207
22908696,22908696,23951207
22910256,22910256,23951207
22910377,22910377,23951207
22910683,22910683,23951207
22911607,22911607,23951207
22911718,22911718,23951207
22911823,22911823,23951207
22912083,22912083,23951207
22912661,22912661,23951207
22912975,22912975,23951207
22913131,22913131,23951207
22913536,22913536,23951207
22914176,22914176,23951207
22914678,22914678,23951207
22914703,22914703,23951207
22915243,22915243,23951207
22917536,22917536,23951207
22917870,22917870,23951207
22917910,22917910,23951207
22918505,22918505,23951207
22918518,22918518,23951207
22918558,22918558,23951207
22918571,22918571,23951207
22918727,22918727,23951207
22919044,22919044,23951207
22921330,22921330,23951207
22922339,22922339,23951207
22922970,22922970,23951207
22923420,22923420,23951207
22923426,22923426,23951207
22923552,22923552,23951207
22923602,22923602,23951207
22923951,22923951,23951207
22925453,22925453,23951207
22925459,22925459,23951207
22925562,22925562,23951207
22925787,22925787,23951207
22925963,22925963,23951207
22926453,22926453,23951207
22926576,22926576,23951207
22926801,22926801,23951207
22926892,22926892,23951207
22927065,22927065,23951207
22927496,22927496,23951207
22927564,22927564,23951207
22927806,22927806,23951207
22928447,22928447,23951207
22929391,22929391,23951207
22930029,22930029,23951207
22930441,22930441,23951207
22930504,22930504,23951207
22930743,22930743,23951207
22931381,22931381,23951207
22931622,22931622,23951207
22931707,22931707,23951207
22932133,22932133,23951207
22932999,22932999,23951207
22933392,22933392,23951207
22933907,22933907,23951207
22934447,22934447,23951207
22934717,22934717,23951207
22935190,22935190,23951207
22935289,22935289,23951207
22935652,22935652,23951207
22935812,22935812,23951207
22936613,22936613,23951207
22936853,22936853,23951207
22937052,22937052,23951207
22937887,22937887,23951207
22938134,22938134,23951207
22938756,22938756,23951207
22941560,22941560,23951207
22941635,22941635,23951207
22941699,22941699,23951207
22941799,22941799,23951207
22941918,22941918,23951207
22942312,22942312,23951207
22942898,22942898,23951207
22943323,22943323,23951207
22943446,22943446,23951207
22944245,22944245,23951207
22944691,22944691,23951207
22944984,22944984,23951207
22945517,22945517,23951207
22945950,22945950,23951207
22946058,22946058,23951207
22946801,22946801,23951207
22947060,22947060,23951207
22947352,22947352,23951207
22947360,22947360,23951207
22947953,22947953,23951207
22948201,22948201,23951207
22949007,22949007,23951207
22949079,22949079,23951207
22949581,22949581,23951207
22950237,22950237,23951207
22950588,22950588,23951207
22950638,22950638,23951207
22951477,22951477,23951207
22951900,22951900,23951207
22952229,22952229,23951207
22952326,22952326,23951207
22952389,22952389,23951207
22952979,22952979,23951207
22953897,22953897,23951207
22954461,22954461,23951207
22954626,22954626,23951207
22954998,22954998,23951207
22955804,22955804,23951207
22955853,22955853,23951207
22956576,22956576,23951207
22956959,22956959,23951207
22958733,22958733,23951207
22958968,22958968,23951207
22960041,22960041,23951207
22961310,22961310,23951207
22962221,22962221,23951207
22962596,22962596,23951207
22962980,22962980,23951207
22963162,22963162,23951207
22963692,22963692,23951207
22964320,22964320,23951207
22964704,22964704,23951207
22964743,22964743,23951207
22964777,22964777,23951207
22965311,22965311,23951207
22965547,22965547,23951207
22965809,22965809,23951207
22966174,22966174,23951207
22966859,22966859,23951207
22968858,22968858,23951207
22969316,22969316,23951207
22969639,22969639,23951207
22970886,22970886,23951207
22971470,22971470,23951207
22972643,22972643,23951207
22973686,22973686,23951207
22973834,22973834,23951207
22974645,22974645,23951207
22974810,22974810,23951207
22975468,22975468,23951207
22975942,22975942,23951207
22976581,22976581,23951207
22976777,22976777,23951207
22977512,22977512,23951207
22978436,22978436,23951207
22978756,22978756,23951207
22978811,22978811,23951207
22978884,22978884,23951207
22979532,22979532,23951207
22979842,22979842,23951207
22980338,22980338,23951207
22981500,22981500,23951207
22981738,22981738,23951207
22981938,22981938,23951207
22982285,22982285,23951207
22982951,22982951,23951207
22982999,22982999,23951207
22983232,22983232,23951207
22983398,22983398,23951207
22983953,22983953,23951207
22985686,22985686,23951207
22986759,22986759,23951207
22987075,22987075,23951207
22988650,22988650,23951207
22988785,22988785,23951207
22988971,22988971,23951207
22989789,22989789,23951207
22990418,22990418,23951207
22990723,22990723,23951207
22990927,22990927,23951207
22992960,22992960,23951207
22993157,22993157,23951207
22993268,22993268,23951207
22993504,22993504,23951207
22995310,22995310,23951207
22996428,22996428,23951207
22996787,22996787,23951207
22996830,22996830,23951207
22996888,22996888,23951207
22996988,22996988,23951207
22997079,22997079,23951207
22997360,22997360,23951207
22997435,22997435,23951207
22997502,22997502,23951207
22997684,22997684,23951207
22998207,22998207,23951207
22998429,22998429,23951207
22998793,22998793,23951207
22998954,22998954,23951207
22999317,22999317,23951207
22999452,22999452,23951207
23000533,23000533,23951207
23001418,23001418,23951207
23002041,23002041,23951207
23002724,23002724,23951207
23003323,23003323,23951207
23005091,23005091,23951207
23005690,23005690,23951207
23007788,23007788,23951207
23007941,23007941,23951207
23007944,23007944,23951207
23008565,23008565,23951207
23008828,23008828,23951207
23009541,23009541,23951207
23010483,23010483,23951207
23010489,23010489,23951207
23010493,23010493,23951207
23010737,23010737,23951207
23010781,23010781,23951207
23010968,23010968,23951207
23012402,23012402,23951207
23012470,23012470,23951207
23012849,23012849,23951207
23014274,23014274,23951207
23015313,23015313,23951207
23016033,23016033,23951207
23016287,23016287,23951207
23016414,23016414,23951207
23016896,23016896,23951207
23017193,23017193,23951207
23017523,23017523,23951207
23018405,23018405,23951207
23018444,23018444,23951207
23018639,23018639,23951207
23020283,23020283,23951207
23021583,23021583,23951207
23022279,23022279,23951207
23022641,23022641,23951207
23025227,23025227,23951207
23025693,23025693,23951207
23025920,23025920,23951207
23026143,23026143,23951207
23026840,23026840,23951207
23027166,23027166,23951207
23027198,23027198,23951207
23027542,23027542,23951207
23028242,23028242,23951207
23028411,23028411,23951207
23028412,23028412,23951207
23028674,23028674,23951207
23028773,23028773,23951207
23029485,23029485,23951207
23030030,23030030,23951207
23030057,23030057,23951207
23030491,23030491,23951207
23030501,23030501,23951207
23030746,23030746,23951207
23031418,23031418,23951207
23031483,23031483,23951207
23031842,23031842,23951207
23031866,23031866,23951207
23032084,23032084,23951207
23032299,23032299,23951207
23033881,23033881,23951207
23033941,23033941,23951207
23035363,23035363,23951207
23035931,23035931,23951207
23036159,23036159,23951207
23036911,23036911,23951207
23037176,23037176,23951207
23037199,23037199,23951207
23037546,23037546,23951207
23037787,23037787,23951207
23037977,23037977,23951207
23038678,23038678,23951207
23038861,23038861,23951207
23038941,23038941,23951207
23039136,23039136,23951207
23039260,23039260,23951207
23041399,23041399,23951207
23041485,23041485,23951207
23041618,23041618,23951207
23041727,23041727,23951207
23043061,23043061,23951207
23044211,23044211,23951207
23046525,23046525,23951207
23046925,23046925,23951207
23047262,23047262,23951207
23047705,23047705,23951207
23047858,23047858,23951207
23047875,23047875,23951207
23049224,23049224,23951207
23050083,23050083,23951207
23050798,23050798,23951207
23051060,23051060,23951207
23051334,23051334,23951207
23052140,23052140,23951207
23053732,23053732,23951207
23053816,23053816,23951207
23053949,23053949,23951207
23054360,23054360,23951207
23054639,23054639,23951207
23054760,23054760,23951207
23054999,23054999,23951207
23056367,23056367,23951207
23057053,23057053,23951207
23057875,23057875,23951207
23057922,23057922,23951207
23057967,23057967,23951207
23058140,23058140,23951207
23059548,23059548,23951207
23059715,23059715,23951207
23060202,23060202,23951207
23060524,23060524,23951207
23060600,23060600,23951207
23061144,23061144,23951207
23062023,23062023,23951207
23062259,23062259,23951207
23063066,23063066,23951207
23063235,23063235,23951207
23063884,23063884,23951207
23064223,23064223,23951207
23064382,23064382,23951207
23064543,23064543,23951207
23064595,23064595,23951207
23065283,23065283,23951207
23065467,23065467,23951207
23066556,23066556,23951207
23066751,23066751,23951207
23067285,23067285,23951207
23067990,23067990,23951207
23068167,23068167,23951207
23069725,23069725,23951207
23069744,23069744,23951207
23069971,23069971,23951207
23070729,23070729,23951207
23070782,23070782,23951207
23072341,23072341,23951207
23072457,23072457,23951207
23073155,23073155,23951207
23073688,23073688,23951207
23074089,23074089,23951207
23074112,23074112,23951207
23075050,23075050,23951207
23075759,23075759,23951207
23076628,23076628,23951207
23076817,23076817,23951207
23076901,23076901,23951207
23076940,23076940,23951207
23077896,23077896,23951207
23078552,23078552,23951207
23079096,23079096,23951207
23079756,23079756,23951207
23080207,23080207,23951207
23080675,23080675,23951207
23081290,23081290,23951207
23081473,23081473,23951207
23082373,23082373,23951207
23082854,23082854,23951207
23083211,23083211,23951207
23084270,23084270,23951207
23084347,23084347,23951207
23084869,23084869,23951207
23085166,23085166,23951207
23085997,23085997,23951207
23086347,23086347,23951207
23086769,23086769,23951207
23086889,23086889,23951207
23088785,23088785,23951207
23088912,23088912,23951207
23090380,23090380,23951207
23090934,23090934,23951207
23090950,23090950,23951207
23092157,23092157,23951207
23093198,23093198,23951207
23094513,23094513,23951207
23094601,23094601,23951207
23096177,23096177,23951207
23096222,23096222,23951207
23097375,23097375,23951207
23097667,23097667,23951207
23097885,23097885,23951207
23098452,23098452,23951207
23098650,23098650,23951207
23098664,23098664,23951207
23098707,23098707,23951207
23099547,23099547,23951207
23099853,23099853,23951207
23099932,23099932,23951207
23099994,23099994,23951207
23100732,23100732,23951207
23100778,23100778,23951207
23101855,23101855,23951207
23102070,23102070,23951207
23102672,23102672,23951207
23102842,23102842,23951207
23103660,23103660,23951207
23104639,23104639,23951207
23105070,23105070,23951207
23105220,23105220,23951207
23105569,23105569,23951207
23105913,23105913,23951207
23106862,23106862,23951207
23107726,23107726,23951207
23108030,23108030,23951207
23108147,23108147,23951207
23108716,23108716,23951207
23108839,23108839,23951207
23108886,23108886,23951207
23109296,23109296,23951207
23111155,23111155,23951207
23111428,23111428,23951207
23111476,23111476,23951207
23111687,23111687,23951207
23111753,23111753,23951207
23111993,23111993,23951207
23112156,23112156,23951207
23112849,23112849,23951207
23113111,23113111,23951207
23113544,23113544,23951207
23113882,23113882,23951207
23114309,23114309,23951207
23114385,23114385,23951207
23114653,23114653,23951207
23114791,23114791,23951207
23115467,23115467,23951207
23115675,23115675,23951207
23116082,23116082,23951207
23117251,23117251,23951207
23117336,23117336,23951207
23117401,23117401,23951207
23118758,23118758,23951207
23118807,23118807,23951207
23119473,23119473,23951207
23119666,23119666,23951207
23120377,23120377,23951207
23121119,23121119,23951207
23121247,23121247,23951207
23121421,23121421,23951207
23121683,23121683,23951207
23121733,23121733,23951207
23121828,23121828,23951207
23123986,23123986,23951207
23124375,23124375,23951207
23124626,23124626,23951207
23124647,23124647,23951207
23125383,23125383,23951207
23125501,23125501,23951207
23125553,23125553,23951207
23125590,23125590,23951207
23126017,23126017,23951207
23126728,23126728,23951207
23126990,23126990,23951207
23127149,23127149,23951207
23127501,23127501,23951207
23127756,23127756,23951207
23127760,23127760,23951207
23128329,23128329,23951207
23128708,23128708,23951207
23129694,23129694,23951207
23129712,23129712,23951207
23130663,23130663,23951207
23131260,23131260,23951207
23131557,23131557,23951207
23132425,23132425,23951207
23132910,23132910,23951207
23133407,23133407,23951207
23134158,23134158,23951207
23134509,23134509,23951207
23134626,23134626,23951207
23134637,23134637,23951207
23134927,23134927,23951207
23136631,23136631,23951207
23136913,23136913,23951207
23136964,23136964,23951207
23137104,23137104,23951207
23137470,23137470,23951207
23138249,23138249,23951207
23138349,23138349,23951207
23138560,23138560,23951207
23138646,23138646,23951207
23139322,23139322,23951207
23139624,23139624,23951207
23140198,23140198,23951207
23140325,23140325,23951207
23140964,23140964,23951207
23141300,23141300,23951207
23141335,23141335,23951207
23141480,23141480,23951207
23141968,23141968,23951207
23142401,23142401,23951207
23142583,23142583,23951207
23143035,23143035,23951207
23143312,23143312,23951207
23143449,23143449,23951207
23143973,23143973,23951207
23144172,23144172,23951207
23144967,23144967,23951207
23145016,23145016,23951207
23145114,23145114,23951207
23147033,23147033,23951207
23147654,23147654,23951207
23148454,23148454,23951207
23148537,23148537,23951207
23149981,23149981,23951207
23151083,23151083,23951207
23152300,23152300,23951207
23153136,23153136,23951207
23153419,23153419,23951207
23153774,23153774,23951207
23154831,23154831,23951207
23156242,23156242,23951207
23157017,23157017,23951207
23157365,23157365,23951207
23158043,23158043,23951207
23158758,23158758,23951207
23159032,23159032,23951207
23159098,23159098,23951207
23159521,23159521,23951207
23160020,23160020,23951207
23160033,23160033,23951207
23160111,23160111,23951207
23160148,23160148,23951207
23161407,23161407,23951207
23161936,23161936,23951207
23162273,23162273,23951207
23162280,23162280,23951207
23162828,23162828,23951207
23163244,23163244,23951207
23163346,23163346,23951207
23163720,23163720,23951207
23164809,23164809,23951207
23164926,23164926,23951207
23165247,23165247,23951207
23165521,23165521,23951207
23165829,23165829,23951207
23166195,23166195,23951207
23166331,23166331,23951207
23166386,23166386,23951207
23166823,23166823,23951207
23167108,23167108,23951207
23168045,23168045,23951207
23168084,23168084,23951207
23168556,23168556,23951207
23168719,23168719,23951207
23168744,23168744,23951207
23169885,23169885,23951207
23170552,23170552,23951207
23170891,23170891,23951207
23171647,23171647,23951207
23171902,23171902,23951207
23172794,23172794,23951207
23172796,23172796,23951207
23172814,23172814,23951207
23173373,23173373,23951207
23173628,23173628,23951207
23173654,23173654,23951207
23174305,23174305,23951207
23174737,23174737,23951207
23174887,23174887,23951207
23175398,23175398,23951207
23175539,23175539,23951207
23175755,23175755,23951207
23177924,23177924,23951207
23178203,23178203,23951207
23178436,23178436,23951207
23179304,23179304,23951207
23179896,23179896,23951207
23180061,23180061,23951207
23182270,23182270,23951207
23182985,23182985,23951207
23183841,23183841,23951207
23183927,23183927,23951207
23184564,23184564,23951207
23184733,23184733,23951207
23185273,23185273,23951207
23185751,23185751,23951207
23186116,23186116,23951207
23186544,23186544,23951207
23187766,23187766,23951207
23189082,23189082,23951207
23189125,23189125,23951207
23189852,23189852,23951207
23190014,23190014,23951207
23190015,23190015,23951207
23190073,23190073,23951207
23190109,23190109,23951207
23190500,23190500,23951207
23190698,23190698,23951207
23194160,23194160,23951207
23194867,23194867,23951207
23195791,23195791,23951207
23195872,23195872,23951207
23196811,23196811,23951207
23197029,23197029,23951207
23197774,23197774,23951207
23197811,23197811,23951207
23197840,23197840,23951207
23199151,23199151,23951207
23199829,23199829,23951207
23199895,23199895,23951207
23200054,23200054,23951207
23200868,23200868,23951207
23201098,23201098,23951207
23201216,23201216,23951207
23202177,23202177,23951207
23202202,23202202,23951207
23204528,23204528,23951207
23204713,23204713,23951207
23205107,23205107,23951207
23205509,23205509,23951207
23206204,23206204,23951207
23206529,23206529,23951207
23206608,23206608,23951207
23208075,23208075,23951207
23209042,23209042,23951207
23209322,23209322,23951207
23210623,23210623,23951207
23210761,23210761,23951207
23211084,23211084,23951207
23212054,23212054,23951207
23212791,23212791,23951207
23213369,23213369,23951207
23213556,23213556,23951207
23214490,23214490,23951207
23214790,23214790,23951207
23215020,23215020,23951207
23215046,23215046,23951207
23215835,23215835,23951207
23216335,23216335,23951207
23217775,23217775,23951207
23218060,23218060,23951207
23218853,23218853,23951207
23219490,23219490,23951207
23220582,23220582,23951207
23220877,23220877,23951207
23221265,23221265,23951207
23222335,23222335,23951207
23222511,23222511,23951207
23223295,23223295,23951207
23223694,23223694,23951207
23223748,23223748,23951207
23224829,23224829,23951207
23224918,23224918,23951207
23225035,23225035,23951207
23226055,23226055,23951207
23226577,23226577,23951207
23227511,23227511,23951207
23227514,23227514,23951207
23228105,23228105,23951207
23228240,23228240,23951207
23228409,23228409,23951207
23229229,23229229,23951207
23231105,23231105,23951207
23231397,23231397,23951207
23231443,23231443,23951207
23231518,23231518,23951207
23232082,23232082,23951207
23232971,23232971,23951207
23233718,23233718,23951207
23234800,23234800,23951207
23236806,23236806,23951207
23236982,23236982,23951207
23237828,23237828,23951207
23238084,23238084,23951207
23238374,23238374,23951207
23238443,23238443,23951207
23238668,23238668,23951207
23239373,23239373,23951207
23239904,23239904,23951207
23240218,23240218,23951207
23240431,23240431,23951207
23240809,23240809,23951207
23241294,23241294,23951207
23242120,23242120,23951207
23242404,23242404,23951207
23242941,23242941,23951207
23243388,23243388,23951207
23243715,23243715,23951207
23243865,23243865,23951207
23244018,23244018,23951207
23244522,23244522,23951207
23244668,23244668,23951207
23244933,23244933,23951207
23245069,23245069,23951207
23245581,23245581,23951207
23245671,23245671,23951207
23245945,23245945,23951207
23246425,23246425,23951207
23246503,23246503,23951207
23247021,23247021,23951207
23247502,23247502,23951207
23247835,23247835,23951207
23248136,23248136,23951207
23249096,23249096,23951207
23249782,23249782,23951207
23250320,23250320,23951207
23250585,23250585,23951207
23250881,23250881,23951207
23251080,23251080,23951207
23251377,23251377,23951207
23252694,23252694,23951207
23254313,23254313,23951207
23254325,23254325,23951207
23254842,23254842,23951207
23255336,23255336,23951207
23255496,23255496,23951207
23256081,23256081,23951207
23256397,23256397,23951207
23256498,23256498,23951207
23256602,23256602,23951207
23256621,23256621,23951207
23256827,23256827,23951207
23257203,23257203,23951207
23258521,23258521,23951207
23259830,23259830,23951207
23260419,23260419,23951207
23260910,23260910,23951207
23261311,23261311,23951207
23261656,23261656,23951207
23262395,23262395,23951207
23262496,23262496,23951207
23262513,23262513,23951207
23262525,23262525,23951207
23262729,23262729,23951207
23262736,23262736,23951207
23262879,23262879,23951207
23263575,23263575,23951207
23263778,23263778,23951207
23263814,23263814,23951207
23265097,23265097,23951207
23265170,23265170,23951207
23265734,23265734,23951207
23266240,23266240,23951207
23267201,23267201,23951207
23267698,23267698,23951207
23267898,23267898,23951207
23267901,23267901,23951207
23268070,23268070,23951207
23268268,23268268,23951207
23268271,23268271,23951207
23268414,23268414,23951207
23268576,23268576,23951207
23268587,23268587,23951207
23269189,23269189,23951207
23269219,23269219,23951207
23270580,23270580,23951207
23271215,23271215,23951207
23271528,23271528,23951207
23271672,23271672,23951207
23271911,23271911,23951207
23271927,23271927,23951207
23272006,23272006,23951207
23272286,23272286,23951207
23273106,23273106,23951207
23273607,23273607,23951207
23274054,23274054,23951207
23275673,23275673,23951207
23275718,23275718,23951207
23276138,23276138,23951207
23276657,23276657,23951207
23276689,23276689,23951207
23277780,23277780,23951207
23278466,23278466,23951207
23278777,23278777,23951207
23279464,23279464,23951207
23279534,23279534,23951207
23280069,23280069,23951207
23280088,23280088,23951207
23280354,23280354,23951207
23281598,23281598,23951207
23282194,23282194,23951207
23283180,23283180,23951207
23284240,23284240,23951207
23284273,23284273,23951207
23284768,23284768,23951207
23284906,23284906,23951207
23284942,23284942,23951207
23284959,23284959,23951207
23285046,23285046,23951207
23285498,23285498,23951207
23286475,23286475,23951207
23286972,23286972,23951207
23288474,23288474,23951207
23288571,23288571,23951207
23289309,23289309,23951207
23289582,23289582,23951207
23289924,23289924,23951207
23289998,23289998,23951207
23290808,23290808,23951207
23291663,23291663,23951207
23291851,23291851,23951207
23292753,23292753,23951207
23292918,23292918,23951207
23293675,23293675,23951207
23294185,23294185,23951207
23294243,23294243,23951207
23294529,23294529,23951207
23294886,23294886,23951207
23295441,23295441,23951207
23295524,23295524,23951207
23295661,23295661,23951207
23295866,23295866,23951207
23297622,23297622,23951207
23297843,23297843,23951207
23297940,23297940,23951207
23298056,23298056,23951207
23298580,23298580,23951207
23298613,23298613,23951207
23298822,23298822,23951207
23299400,23299400,23951207
23300089,23300089,23951207
23300380,23300380,23951207
23301164,23301164,23951207
23301501,23301501,23951207
23301949,23301949,23951207
23302054,23302054,23951207
23303035,23303035,23951207
23303051,23303051,23951207
23304139,23304139,23951207
23304971,23304971,23951207
23305122,23305122,23951207
23305906,23305906,23951207
23306051,23306051,23951207
23306206,23306206,23951207
23306218,23306218,23951207
23306914,23306914,23951207
23307090,23307090,23951207
23308662,23308662,23951207
23308738,23308738,23951207
23310534,23310534,23951207
23311115,23311115,23951207
23311182,23311182,23951207
23311270,23311270,23951207
23311680,23311680,23951207
23311888,23311888,23951207
23311942,23311942,23951207
23312183,23312183,23951207
23312487,23312487,23951207
23312703,23312703,23951207
23313896,23313896,23951207
23315042,23315042,23951207
23315529,23315529,23951207
23315918,23315918,23951207
23316090,23316090,23951207
23316770,23316770,23951207
23317328,23317328,23951207
23317373,23317373,23951207
23317597,23317597,23951207
23318018,23318018,23951207
23318033,23318033,23951207
23318189,23318189,23951207
23318316,23318316,23951207
23319322,23319322,23951207
23319968,23319968,23951207
23320836,23320836,23951207
23320889,23320889,23951207
23321608,23321608,23951207
23322650,23322650,23951207
23322959,23322959,23951207
23323710,23323710,23951207
23323860,23323860,23951207
23324547,23324547,23951207
23325551,23325551,23951207
23326277,23326277,23951207
23326472,23326472,23951207
23326572,23326572,23951207
23326641,23326641,23951207
23326835,23326835,23951207
23326838,23326838,23951207
23326916,23326916,23951207
23327359,23327359,23951207
23328060,23328060,23951207
23328691,23328691,23951207
23329358,23329358,23951207
23330161,23330161,23951207
23330373,23330373,23951207
23331071,23331071,23951207
23331379,23331379,23951207
23332064,23332064,23951207
23334867,23334867,23951207
23335204,23335204,23951207
23335396,23335396,23951207
23335795,23335795,23951207
23336291,23336291,23951207
23336478,23336478,23951207
23337068,23337068,23951207
23337847,23337847,23951207
23338528,23338528,23951207
23338531,23338531,23951207
23338773,23338773,23951207
23339171,23339171,23951207
23339272,23339272,23951207
23339555,23339555,23951207
23339601,23339601,23951207
23339862,23339862,23951207
23339922,23339922,23951207
23340612,23340612,23951207
23341101,23341101,23951207
23341102,23341102,23951207
23341192,23341192,23951207
23341322,23341322,23951207
23341943,23341943,23951207
23342005,23342005,23951207
23342285,23342285,23951207
23343060,23343060,23951207
23344060,23344060,23951207
23345249,23345249,23951207
23346129,23346129,23951207
23346842,23346842,23951207
23347149,23347149,23951207
23347184,23347184,23951207
23348096,23348096,23951207
23348336,23348336,23951207
23348473,23348473,23951207
23348684,23348684,23951207
23349274,23349274,23951207
23350020,23350020,23951207
23350683,23350683,23951207
23350722,23350722,23951207
23351239,23351239,23951207
23351437,23351437,23951207
23352725,23352725,23951207
23352837,23352837,23951207
23352899,23352899,23951207
23352986,23352986,23951207
23353293,23353293,23951207
23354018,23354018,23951207
23354243,23354243,23951207
23354385,23354385,23951207
23355262,23355262,23951207
23356004,23356004,23951207
23356104,23356104,23951207
23356311,23356311,23951207
23356533,23356533,23951207
23358261,23358261,23951207
23358463,23358463,23951207
23358820,23358820,23951207
23359979,23359979,23951207
23360180,23360180,23951207
23360384,23360384,23951207
23362427,23362427,23951207
23362563,23362563,23951207
23363502,23363502,23951207
23363608,23363608,23951207
23363765,23363765,23951207
23364561,23364561,23951207
23364658,23364658,23951207
23365507,23365507,23951207
23365910,23365910,23951207
23367127,23367127,23951207
23368364,23368364,23951207
23369301,23369301,23951207
23370126,23370126,23951207
23370175,23370175,23951207
23370362,23370362,23951207
23370410,23370410,23951207
23371681,23371681,23951207
23372078,23372078,23951207
23372203,23372203,23951207
23373257,23373257,23951207
23373401,23373401,23951207
23374582,23374582,23951207
23376229,23376229,23951207
23376616,23376616,23951207
23377103,23377103,23951207
23377553,23377553,23951207
23377771,23377771,23951207
23377774,23377774,23951207
23378640,23378640,23951207
23378640,23378640,23951207
23379469,23379469,23951207
23379952,23379952,23951207
23381210,23381210,23951207
23381512,23381512,23951207
23382017,23382017,23951207
23382081,23382081,23951207
23382642,23382642,23951207
23382663,23382663,23951207
23384196,23384196,23951207
23384556,23384556,23951207
23385637,23385637,23951207
23388724,23388724,23951207
23388793,23388793,23951207
23389099,23389099,23951207
23389170,23389170,23951207
23390631,23390631,23951207
23392646,23392646,23951207
23392826,23392826,23951207
23392855,23392855,23951207
23393941,23393941,23951207
23394361,23394361,23951207
23394839,23394839,23951207
23395422,23395422,23951207
23395493,23395493,23951207
23396630,23396630,23951207
23396978,23396978,23951207
23397413,23397413,23951207
23398225,23398225,23951207
23398472,23398472,23951207
23400426,23400426,23951207
23401109,23401109,23951207
23401572,23401572,23951207
23402307,23402307,23951207
23402711,23402711,23951207
23402825,23402825,23951207
23403636,23403636,23951207
23404312,23404312,23951207
23406222,23406222,23951207
23406777,23406777,23951207
23407400,23407400,23951207
23408355,23408355,23951207
23408824,23408824,23951207
23409250,23409250,23951207
23409489,23409489,23951207
23411445,23411445,23951207
23411571,23411571,23951207
23412385,23412385,23951207
23413720,23413720,23951207
23414075,23414075,23951207
23414128,23414128,23951207
23414454,23414454,23951207
23415278,23415278,23951207
23416887,23416887,23951207
23417126,23417126,23951207
23418569,23418569,23951207
23419253,23419253,23951207
23419612,23419612,23951207
23419640,23419640,23951207
23419791,23419791,23951207
23420383,23420383,23951207
23420477,23420477,23951207
23420763,23420763,23951207
23421103,23421103,23951207
23421616,23421616,23951207
23421912,23421912,23951207
23422172,23422172,23951207
23422795,23422795,23951207
23422983,23422983,23951207
23424478,23424478,23951207
23425169,23425169,23951207
23425737,23425737,23951207
23425806,23425806,23951207
23426846,23426846,23951207
23427189,23427189,23951207
23427879,23427879,23951207
23428355,23428355,23951207
23428411,23428411,23951207
23428566,23428566,23951207
23428719,23428719,23951207
23429063,23429063,23951207
23429286,23429286,23951207
23430680,23430680,23951207
23433030,23433030,23951207
23433760,23433760,23951207
23434015,23434015,23951207
23434811,23434811,23951207
23434959,23434959,23951207
23435490,23435490,23951207
23436397,23436397,23951207
23436707,23436707,23951207
23438245,23438245,23951207
23438295,23438295,23951207
23438776,23438776,23951207
23438988,23438988,23951207
23440724,23440724,23951207
23441104,23441104,23951207
23441393,23441393,23951207
23442311,23442311,23951207
23442510,23442510,23951207
23442601,23442601,23951207
23442863,23442863,23951207
23444114,23444114,23951207
23444853,23444853,23951207
23445091,23445091,23951207
23445968,23445968,23951207
23446791,23446791,23951207
23447244,23447244,23951207
23447800,23447800,23951207
23448848,23448848,23951207
23449448,23449448,23951207
23449475,23449475,23951207
23449524,23449524,23951207
23449539,23449539,23951207
23450010,23450010,23951207
23450527,23450527,23951207
23450879,23450879,23951207
23452069,23452069,23951207
23452150,23452150,23951207
23452433,23452433,23951207
23452877,23452877,23951207
23453264,23453264,23951207
23454147,23454147,23951207
23454246,23454246,23951207
23454554,23454554,23951207
23456887,23456887,23951207
23457280,23457280,23951207
23457818,23457818,23951207
23458131,23458131,23951207
23458263,23458263,23951207
23458595,23458595,23951207
23459019,23459019,23951207
23459821,23459821,23951207
23459861,23459861,23951207
23460038,23460038,23951207
23460043,23460043,23951207
23460468,23460468,23951207
23460569,23460569,23951207
23460761,23460761,23951207
23462737,23462737,23951207
23463787,23463787,23951207
23464275,23464275,23951207
23464378,23464378,23951207
23465544,23465544,23951207
23465980,23465980,23951207
23466029,23466029,23951207
23466389,23466389,23951207
23467252,23467252,23951207
23467399,23467399,23951207
23467710,23467710,23951207
23467832,23467832,23951207
23467933,23467933,23951207
23468487,23468487,23951207
23469476,23469476,23951207
23471448,23471448,23951207
23471794,23471794,23951207
23472569,23472569,23951207
23472911,23472911,23951207
23474212,23474212,23951207
23475037,23475037,23951207
23475113,23475113,23951207
23475324,23475324,23951207
23475531,23475531,23951207
23475819,23475819,23951207
23476445,23476445,23951207
23476924,23476924,23951207
23477737,23477737,23951207
23478089,23478089,23951207
23478374,23478374,23951207
23479106,23479106,23951207
23479447,23479447,23951207
23479457,23479457,23951207
23479526,23479526,23951207
23480658,23480658,23951207
23481193,23481193,23951207
23481233,23481233,23951207
23481288,23481288,23951207
23481747,23481747,23951207
23485047,23485047,23951207
23485709,23485709,23951207
23485863,23485863,23951207
23485910,23485910,23951207
23487907,23487907,23951207
23488902,23488902,23951207
23488957,23488957,23951207
23489535,23489535,23951207
23490753,23490753,23951207
23491460,23491460,23951207
23492402,23492402,23951207
23492458,23492458,23951207
23492469,23492469,23951207
23492805,23492805,23951207
23492991,23492991,23951207
23493055,23493055,23951207
23493377,23493377,23951207
23494195,23494195,23951207
23495273,23495273,23951207
23495795,23495795,23951207
23495796,23495796,23951207
23496155,23496155,23951207
23496530,23496530,23951207
23498132,23498132,23951207
23498485,23498485,23951207
23499761,23499761,23951207
23500071,23500071,23951207
23500323,23500323,23951207
23500502,23500502,23951207
23501110,23501110,23951207
23501548,23501548,23951207
23502010,23502010,23951207
23502579,23502579,23951207
23503789,23503789,23951207
23503857,23503857,23951207
23504057,23504057,23951207
23504183,23504183,23951207
23505423,23505423,23951207
23505467,23505467,23951207
23505739,23505739,23951207
23505962,23505962,23951207
23507140,23507140,23951207
23508407,23508407,23951207
23508413,23508413,23951207
23508668,23508668,23951207
23509325,23509325,23951207
23509688,23509688,23951207
23509781,23509781,23951207
23509786,23509786,23951207
23510668,23510668,23951207
23510955,23510955,23951207
23511869,23511869,23951207
23511960,23511960,23951207
23512890,23512890,23951207
23513223,23513223,23951207
23513381,23513381,23951207
23515804,23515804,23951207
23516017,23516017,23951207
23516203,23516203,23951207
23516737,23516737,23951207
23517705,23517705,23951207
23517764,23517764,23951207
23517819,23517819,23951207
23519789,23519789,23951207
23519987,23519987,23951207
23520301,23520301,23951207
23520395,23520395,23951207
23521250,23521250,23951207
23521520,23521520,23951207
23522113,23522113,23951207
23523003,23523003,23951207
23523258,23523258,23951207
23523289,23523289,23951207
23523375,23523375,23951207
23523589,23523589,23951207
23523870,23523870,23951207
23524271,23524271,23951207
23524472,23524472,23951207
23525715,23525715,23951207
23526063,23526063,23951207
23526797,23526797,23951207
23527095,23527095,23951207
23527168,23527168,23951207
23528465,23528465,23951207
23528929,23528929,23951207
23529746,23529746,23951207
23530204,23530204,23951207
23530309,23530309,23951207
23530603,23530603,23951207
23530834,23530834,23951207
23531129,23531129,23951207
23532314,23532314,23951207
23532816,23532816,23951207
23532962,23532962,23951207
23534282,23534282,23951207
23535579,23535579,23951207
23536152,23536152,23951207
23536223,23536223,23951207
23536697,23536697,23951207
23536922,23536922,23951207
23537469,23537469,23951207
23537724,23537724,23951207
23539030,23539030,23951207
23539493,23539493,23951207
23539503,23539503,23951207
23539567,23539567,23951207
23540206,23540206,23951207
23540754,23540754,23951207
23541864,23541864,23951207
23542957,23542957,23951207
23543384,23543384,23951207
23543541,23543541,23951207
23543984,23543984,23951207
23544745,23544745,23951207
23545719,23545719,23951207
23546425,23546425,23951207
23546979,23546979,23951207
23546990,23546990,23951207
23547270,23547270,23951207
23548610,23548610,23951207
23549729,23549729,23951207
23549740,23549740,23951207
23549849,23549849,23951207
23549884,23549884,23951207
23549925,23549925,23951207
23551914,23551914,23951207
23552094,23552094,23951207
23552114,23552114,23951207
23553041,23553041,23951207
23553156,23553156,23951207
23553845,23553845,23951207
23556015,23556015,23951207
23556248,23556248,23951207
23556718,23556718,23951207
23557724,23557724,23951207
23557732,23557732,23951207
23557781,23557781,23951207
23558502,23558502,23951207
23558957,23558957,23951207
23559222,23559222,23951207
23559263,23559263,23951207
23559915,23559915,23951207
23559940,23559940,23951207
23560845,23560845,23951207
23561397,23561397,23951207
23562369,23562369,23951207
23562504,23562504,23951207
23562613,23562613,23951207
23562791,23562791,23951207
23563530,23563530,23951207
23563557,23563557,23951207
23564995,23564995,23951207
23566170,23566170,23951207
23567586,23567586,23951207
23568651,23568651,23951207
23569559,23569559,23951207
23570993,23570993,23951207
23571098,23571098,23951207
23571426,23571426,23951207
23572483,23572483,23951207
23572937,23572937,23951207
23573330,23573330,23951207
23573467,23573467,23951207
23573961,23573961,23951207
23574061,23574061,23951207
23574405,23574405,23951207
23574415,23574415,23951207
23575069,23575069,23951207
23576054,23576054,23951207
23576157,23576157,23951207
23577386,23577386,23951207
23578085,23578085,23951207
23579359,23579359,23951207
23579539,23579539,23951207
23579545,23579545,23951207
23579615,23579615,23951207
23580637,23580637,23951207
23580804,23580804,23951207
23581098,23581098,23951207
23581122,23581122,23951207
23581683,23581683,23951207
23581808,23581808,23951207
23583385,23583385,23951207
23583911,23583911,23951207
23584269,23584269,23951207
23585556,23585556,23951207
23586494,23586494,23951207
23586937,23586937,23951207
23587104,23587104,23951207
23587189,23587189,23951207
23587205,23587205,23951207
23588885,23588885,23951207
23589315,23589315,23951207
23589823,23589823,23951207
23590217,23590217,23951207
23590736,23590736,23951207
23591192,23591192,23951207
23591598,23591598,23951207
23591807,23591807,23951207
23592486,23592486,23951207
23592742,23592742,23951207
23593877,23593877,23951207
23594930,23594930,23951207
23595125,23595125,23951207
23595222,23595222,23951207
23595902,23595902,23951207
23596066,23596066,23951207
23596265,23596265,23951207
23596491,23596491,23951207
23597267,23597267,23951207
23597670,23597670,23951207
23598503,23598503,23951207
23598535,23598535,23951207
23599087,23599087,23951207
23600012,23600012,23951207
23600309,23600309,23951207
23600314,23600314,23951207
23600761,23600761,23951207
23600908,23600908,23951207
23601029,23601029,23951207
23601260,23601260,23951207
23601372,23601372,23951207
23603131,23603131,23951207
23603736,23603736,23951207
23603799,23603799,23951207
23603969,23603969,23951207
23604828,23604828,23951207
23605763,23605763,23951207
23606386,23606386,23951207
23606694,23606694,23951207
23607083,23607083,23951207
23607529,23607529,23951207
23608199,23608199,23951207
23608803,23608803,23951207
23609046,23609046,23951207
23609149,23609149,23951207
23609718,23609718,23951207
23609764,23609764,23951207
23610268,23610268,23951207
23610833,23610833,23951207
23611318,23611318,23951207
23611673,23611673,23951207
23611688,23611688,23951207
23612807,23612807,23951207
23613154,23613154,23951207
23613872,23613872,23951207
23613905,23613905,23951207
23613920,23613920,23951207
23613934,23613934,23951207
23613956,23613956,23951207
23616359,23616359,23951207
23617762,23617762,23951207
23617921,23617921,23951207
23617930,23617930,23951207
23618281,23618281,23951207
23618304,23618304,23951207
23618459,23618459,23951207
23619730,23619730,23951207
23620053,23620053,23951207
23621291,23621291,23951207
23621297,23621297,23951207
23621603,23621603,23951207
23621746,23621746,23951207
23622014,23622014,23951207
23622269,23622269,23951207
23622688,23622688,23951207
23623381,23623381,23951207
23623417,23623417,23951207
23623774,23623774,23951207
23624639,23624639,23951207
23625378,23625378,23951207
23625705,23625705,23951207
23625787,23625787,23951207
23626663,23626663,23951207
23626779,23626779,23951207
23626882,23626882,23951207
23627336,23627336,23951207
23627452,23627452,23951207
23627528,23627528,23951207
23627819,23627819,23951207
23628897,23628897,23951207
23629161,23629161,23951207
23631062,23631062,23951207
23631458,23631458,23951207
23632001,23632001,23951207
23632059,23632059,23951207
23632128,23632128,23951207
23632383,23632383,23951207
23633792,23633792,23951207
23633955,23633955,23951207
23634621,23634621,23951207
23635056,23635056,23951207
23636330,23636330,23951207
23636774,23636774,23951207
23637366,23637366,23951207
23638203,23638203,23951207
23638312,23638312,23951207
23639052,23639052,23951207
23639770,23639770,23951207
23641046,23641046,23951207
23641312,23641312,23951207
23641851,23641851,23951207
23642398,23642398,23951207
23642831,23642831,23951207
23643752,23643752,23951207
23645012,23645012,23951207
23645898,23645898,23951207
23646203,23646203,23951207
23647014,23647014,23951207
23648535,23648535,23951207
23648758,23648758,23951207
23651632,23651632,23951207
23651765,23651765,23951207
23651969,23651969,23951207
23652704,23652704,23951207
23653018,23653018,23951207
23653700,23653700,23951207
23653911,23653911,23951207
23654231,23654231,23951207
23654387,23654387,23951207
23655385,23655385,23951207
23655453,23655453,23951207
23655468,23655468,23951207
23655833,23655833,23951207
23656524,23656524,23951207
23656867,23656867,23951207
23657367,23657367,23951207
23658177,23658177,23951207
23659019,23659019,23951207
23659163,23659163,23951207
23659306,23659306,23951207
23659454,23659454,23951207
23659635,23659635,23951207
23660061,23660061,23951207
23660347,23660347,23951207
23662602,23662602,23951207
23662650,23662650,23951207
23663594,23663594,23951207
23664237,23664237,23951207
23664370,23664370,23951207
23667505,23667505,23951207
23667686,23667686,23951207
23668465,23668465,23951207
23668503,23668503,23951207
23668737,23668737,23951207
23669695,23669695,23951207
23670959,23670959,23951207
23671435,23671435,23951207
23671479,23671479,23951207
23671803,23671803,23951207
23672686,23672686,23951207
23673755,23673755,23951207
23674451,23674451,23951207
23675103,23675103,23951207
23675219,23675219,23951207
23675320,23675320,23951207
23675661,23675661,23951207
23675695,23675695,23951207
23675710,23675710,23951207
23675969,23675969,23951207
23677492,23677492,23951207
23678298,23678298,23951207
23678576,23678576,23951207
23678810,23678810,23951207
23679464,23679464,23951207
23680226,23680226,23951207
23680578,23680578,23951207
23680606,23680606,23951207
23680722,23680722,23951207
23680813,23680813,23951207
23681129,23681129,23951207
23682453,23682453,23951207
23683116,23683116,23951207
23683484,23683484,23951207
23684232,23684232,23951207
23685826,23685826,23951207
23685866,23685866,23951207
23686040,23686040,23951207
23687965,23687965,23951207
23688360,23688360,23951207
23688600,23688600,23951207
23689110,23689110,23951207
23689579,23689579,23951207
23689886,23689886,23951207
23690705,23690705,23951207
23690838,23690838,23951207
23691204,23691204,23951207
23691209,23691209,23951207
23692160,23692160,23951207
23692338,23692338,23951207
23692608,23692608,23951207
23692838,23692838,23951207
23694073,23694073,23951207
23694354,23694354,23951207
23694539,23694539,23951207
23694817,23694817,23951207
23695843,23695843,23951207
23696873,23696873,23951207
23697336,23697336,23951207
23697671,23697671,23951207
23698147,23698147,23951207
23699293,23699293,23951207
23699679,23699679,23951207
23701814,23701814,23951207
23702562,23702562,23951207
23704623,23704623,23951207
23705618,23705618,23951207
23705672,23705672,23951207
23706557,23706557,23951207
23706803,23706803,23951207
23707182,23707182,23951207
23709652,23709652,23951207
23710041,23710041,23951207
23710654,23710654,23951207
23711127,23711127,23951207
23712220,23712220,23951207
23712232,23712232,23951207
23712254,23712254,23951207
23712603,23712603,23951207
23713324,23713324,23951207
23713600,23713600,23951207
23713824,23713824,23951207
23713945,23713945,23951207
23714090,23714090,23951207
23714275,23714275,23951207
23714604,23714604,23951207
23715954,23715954,23951207
23716108,23716108,23951207
23717143,23717143,23951207
23717908,23717908,23951207
23718376,23718376,23951207
23719152,23719152,23951207
23719168,23719168,23951207
23719741,23719741,23951207
23720819,23720819,23951207
23720907,23720907,23951207
23721439,23721439,23951207
23721627,23721627,23951207
23722260,23722260,23951207
23722641,23722641,23951207
23722682,23722682,23951207
23722752,23722752,23951207
23723496,23723496,23951207
23723569,23723569,23951207
23723743,23723743,23951207
23724038,23724038,23951207
23724198,23724198,23951207
23724218,23724218,23951207
23724386,23724386,23951207
23724479,23724479,23951207
23724524,23724524,23951207
23724574,23724574,23951207
23724722,23724722,23951207
23725429,23725429,23951207
23726458,23726458,23951207
23727277,23727277,23951207
23727664,23727664,23951207
23727859,23727859,23951207
23727901,23727901,23951207
23727948,23727948,23951207
23728205,23728205,23951207
23728279,23728279,23951207
23728371,23728371,23951207
23728467,23728467,23951207
23729318,23729318,23951207
23730179,23730179,23951207
23730210,23730210,23951207
23730899,23730899,23951207
23731582,23731582,23951207
23731604,23731604,23951207
23731737,23731737,23951207
23732239,23732239,23951207
23732638,23732638,23951207
23732703,23732703,23951207
23732880,23732880,23951207
23733261,23733261,23951207
23733414,23733414,23951207
23734146,23734146,23951207
23734219,23734219,23951207
23734457,23734457,23951207
23734754,23734754,23951207
23735087,23735087,23951207
23735319,23735319,23951207
23736269,23736269,23951207
23737134,23737134,23951207
23738278,23738278,23951207
23738334,23738334,23951207
23738941,23738941,23951207
23738997,23738997,23951207
23739681,23739681,23951207
23740033,23740033,23951207
23740497,23740497,23951207
23740893,23740893,23951207
23742084,23742084,23951207
23742231,23742231,23951207
23744229,23744229,23951207
23744632,23744632,23951207
23745100,23745100,23951207
23745406,23745406,23951207
23745427,23745427,23951207
23745496,23745496,23951207
23746621,23746621,23951207
23746676,23746676,23951207
23746766,23746766,23951207
23747329,23747329,23951207
23747797,23747797,23951207
23748369,23748369,23951207
23749445,23749445,23951207
23749680,23749680,23951207
23750465,23750465,23951207
23750937,23750937,23951207
23751084,23751084,23951207
23751136,23751136,23951207
23751280,23751280,23951207
23751572,23751572,23951207
23753238,23753238,23951207
23754541,23754541,23951207
23754685,23754685,23951207
23754985,23754985,23951207
23755126,23755126,23951207
23755216,23755216,23951207
23756232,23756232,23951207
23756234,23756234,23951207
23757182,23757182,23951207
23757297,23757297,23951207
23757388,23757388,23951207
23758275,23758275,23951207
23758695,23758695,23951207
23758806,23758806,23951207
23759359,23759359,23951207
23760007,23760007,23951207
23760812,23760812,23951207
23761288,23761288,23951207
23761368,23761368,23951207
23761677,23761677,23951207
23762135,23762135,23951207
23762612,23762612,23951207
23763038,23763038,23951207
23763140,23763140,23951207
23763360,23763360,23951207
23763837,23763837,23951207
23764573,23764573,23951207
23764613,23764613,23951207
23765572,23765572,23951207
23765598,23765598,23951207
23766152,23766152,23951207
23766234,23766234,23951207
23766386,23766386,23951207
23767096,23767096,23951207
23768030,23768030,23951207
23768706,23768706,23951207
23769530,23769530,23951207
23770597,23770597,23951207
23771027,23771027,23951207
23771875,23771875,23951207
23771884,23771884,23951207
23772204,23772204,23951207
23772359,23772359,23951207
23772755,23772755,23951207
23774389,23774389,23951207
23774504,23774504,23951207
23774529,23774529,23951207
23774719,23774719,23951207
23774835,23774835,23951207
23775434,23775434,23951207
23775699,23775699,23951207
23775824,23775824,23951207
23776102,23776102,23951207
23776176,23776176,23951207
23776294,23776294,23951207
23776315,23776315,23951207
23777008,23777008,23951207
23777045,23777045,23951207
23778412,23778412,23951207
23778739,23778739,23951207
23778878,23778878,23951207
23778914,23778914,23951207
23781025,23781025,23951207
23782304,23782304,23951207
23782538,23782538,23951207
23782681,23782681,23951207
23783250,23783250,23951207
23783303,23783303,23951207
23783842,23783842,23951207
23783868,23783868,23951207
23783935,23783935,23951207
23784825,23784825,23951207
23787142,23787142,23951207
23787355,23787355,23951207
23788377,23788377,23951207
23788574,23788574,23951207
23788996,23788996,23951207
23790199,23790199,23951207
23790861,23790861,23951207
23791382,23791382,23951207
23791525,23791525,23951207
23791588,23791588,23951207
23792369,23792369,23951207
23792591,23792591,23951207
23792848,23792848,23951207
23793789,23793789,23951207
23794375,23794375,23951207
23794420,23794420,23951207
23794674,23794674,23951207
23795395,23795395,23951207
23795837,23795837,23951207
23796205,23796205,23951207
23796273,23796273,23951207
23797115,23797115,23951207
23797989,23797989,23951207
23798398,23798398,23951207
23799026,23799026,23951207
23799064,23799064,23951207
23799368,23799368,23951207
23799467,23799467,23951207
23799843,23799843,23951207
23801116,23801116,23951207
23801587,23801587,23951207
23803076,23803076,23951207
23803642,23803642,23951207
23804165,23804165,23951207
23804529,23804529,23951207
23805279,23805279,23951207
23805773,23805773,23951207
23805808,23805808,23951207
23805871,23805871,23951207
23806108,23806108,23951207
23806180,23806180,23951207
23806279,23806279,23951207
23807473,23807473,23951207
23807506,23807506,23951207
23807753,23807753,23951207
23808258,23808258,23951207
23808860,23808860,23951207
23809020,23809020,23951207
23809792,23809792,23951207
23809924,23809924,23951207
23810147,23810147,23951207
23811294,23811294,23951207
23813259,23813259,23951207
23813379,23813379,23951207
23813591,23813591,23951207
23813725,23813725,23951207
23814100,23814100,23951207
23814160,23814160,23951207
23814763,23814763,23951207
23814836,23814836,23951207
23814938,23814938,23951207
23815446,23815446,23951207
23816670,23816670,23951207
23816702,23816702,23951207
23816769,23816769,23951207
23817352,23817352,23951207
23821513,23821513,23951207
23822590,23822590,23951207
23822628,23822628,23951207
23822687,23822687,23951207
23822940,23822940,23951207
23823325,23823325,23951207
23823721,23823721,23951207
23823848,23823848,23951207
23824428,23824428,23951207
23824541,23824541,23951207
23825047,23825047,23951207
23825051,23825051,23951207
23825301,23825301,23951207
23826462,23826462,23951207
23826960,23826960,23951207
23826994,23826994,23951207
23827257,23827257,23951207
23828443,23828443,23951207
23828492,23828492,23951207
23828582,23828582,23951207
23829459,23829459,23951207
23830407,23830407,23951207
23831085,23831085,23951207
23831435,23831435,23951207
23832397,23832397,23951207
23832791,23832791,23951207
23832893,23832893,23951207
23832934,23832934,23951207
23833310,23833310,23951207
23833379,23833379,23951207
23834592,23834592,23951207
23834862,23834862,23951207
23835221,23835221,23951207
23835650,23835650,23951207
23835777,23835777,23951207
23835843,23835843,23951207
23836192,23836192,23951207
23837099,23837099,23951207
23838190,23838190,23951207
23838219,23838219,23951207
23839440,23839440,23951207
23839720,23839720,23951207
23839885,23839885,23951207
23840649,23840649,23951207
23841464,23841464,23951207
23841751,23841751,23951207
23842471,23842471,23951207
23843112,23843112,23951207
23843160,23843160,23951207
23843965,23843965,23951207
23844120,23844120,23951207
23844659,23844659,23951207
23845274,23845274,23951207
23845329,23845329,23951207
23845502,23845502,23951207
23845673,23845673,23951207
23845763,23845763,23951207
23845907,23845907,23951207
23846210,23846210,23951207
23848380,23848380,23951207
23849041,23849041,23951207
23850747,23850747,23951207
23851060,23851060,23951207
23851332,23851332,23951207
23852222,23852222,23951207
23853370,23853370,23951207
23853444,23853444,23951207
23854462,23854462,23951207
23854530,23854530,23951207
23854644,23854644,23951207
23855047,23855047,23951207
23855281,23855281,23951207
23856608,23856608,23951207
23857185,23857185,23951207
23857375,23857375,23951207
23857462,23857462,23951207
23858057,23858057,23951207
23858537,23858537,23951207
23859448,23859448,23951207
23861701,23861701,23951207
23862162,23862162,23951207
23862326,23862326,23951207
23863008,23863008,23951207
23863481,23863481,23951207
23863868,23863868,23951207
23864368,23864368,23951207
23864856,23864856,23951207
23865563,23865563,23951207
23865665,23865665,23951207
23865709,23865709,23951207
23865810,23865810,23951207
23866223,23866223,23951207
23866267,23866267,23951207
23866732,23866732,23951207
23866940,23866940,23951207
23867478,23867478,23951207
23867672,23867672,23951207
23868792,23868792,23951207
23869216,23869216,23951207
23870273,23870273,23951207
23870767,23870767,23951207
23870930,23870930,23951207
23871186,23871186,23951207
23871371,23871371,23951207
23871974,23871974,23951207
23872216,23872216,23951207
23872805,23872805,23951207
23874090,23874090,23951207
23874942,23874942,23951207
23875291,23875291,23951207
23877311,23877311,23951207
23877609,23877609,23951207
23877759,23877759,23951207
23878103,23878103,23951207
23878129,23878129,23951207
23878292,23878292,23951207
23878387,23878387,23951207
23878412,23878412,23951207
23879824,23879824,23951207
23881247,23881247,23951207
23881642,23881642,23951207
23882463,23882463,23951207
23882881,23882881,23951207
23884241,23884241,23951207
23885011,23885011,23951207
23885481,23885481,23951207
23886043,23886043,23951207
23886587,23886587,23951207
23886611,23886611,23951207
23888180,23888180,23951207
23889108,23889108,23951207
23889485,23889485,23951207
23891039,23891039,23951207
23891080,23891080,23951207
23892677,23892677,23951207
23893032,23893032,23951207
23893285,23893285,23951207
23893663,23893663,23951207
23894647,23894647,23951207
23896163,23896163,23951207
23896388,23896388,23951207
23896891,23896891,23951207
23897466,23897466,23951207
23898051,23898051,23951207
23898099,23898099,23951207
23898194,23898194,23951207
23900893,23900893,23951207
23901148,23901148,23951207
23901258,23901258,23951207
23901948,23901948,23951207
23902148,23902148,23951207
23903410,23903410,23951207
23903566,23903566,23951207
23903764,23903764,23951207
23904160,23904160,23951207
23904309,23904309,23951207
23904341,23904341,23951207
23904433,23904433,23951207
23904582,23904582,23951207
23904752,23904752,23951207
23905462,23905462,23951207
23906099,23906099,23951207
23906541,23906541,23951207
23906641,23906641,23951207
23907683,23907683,23951207
23908416,23908416,23951207
23909017,23909017,23951207
23909818,23909818,23951207
23909836,23909836,23951207
23910091,23910091,23951207
23910613,23910613,23951207
23911876,23911876,23951207
23912211,23912211,23951207
23912647,23912647,23951207
23912822,23912822,23951207
23913511,23913511,23951207
23913684,23913684,23951207
23914214,23914214,23951207
23914474,23914474,23951207
23914512,23914512,23951207
23914770,23914770,23951207
23914896,23914896,23951207
23915539,23915539,23951207
23916684,23916684,23951207
23916927,23916927,23951207
23917251,23917251,23951207
23917830,23917830,23951207
23918299,23918299,23951207
23919530,23919530,23951207
23919578,23919578,23951207
23920012,23920012,23951207
23920310,23920310,23951207
23920457,23920457,23951207
23920777,23920777,23951207
23921282,23921282,23951207
23921422,23921422,23951207
23921692,23921692,23951207
23922125,23922125,23951207
23922215,23922215,23951207
23922220,23922220,23951207
23922221,23922221,23951207
23922333,23922333,23951207
23922719,23922719,23951207
23922809,23922809,23951207
23923118,23923118,23951207
23923306,23923306,23951207
23925051,23925051,23951207
23925165,23925165,23951207
23925292,23925292,23951207
23925975,23925975,23951207
23927312,23927312,23951207
23927428,23927428,23951207
23928349,23928349,23951207
23928588,23928588,23951207
23928787,23928787,23951207
23929289,23929289,23951207
23929726,23929726,23951207
23929969,23929969,23951207
23930015,23930015,23951207
23930192,23930192,23951207
23931096,23931096,23951207
23931992,23931992,23951207
23932292,23932292,23951207
23932610,23932610,23951207
23933305,23933305,23951207
23933831,23933831,23951207
23934845,23934845,23951207
23934884,23934884,23951207
23935785,23935785,23951207
23936375,23936375,23951207
23936494,23936494,23951207
23936698,23936698,23951207
23936932,23936932,23951207
23936957,23936957,23951207
23937026,23937026,23951207
23937202,23937202,23951207
23937310,23937310,23951207
23937436,23937436,23951207
23937475,23937475,23951207
23939061,23939061,23951207
23939272,23939272,23951207
23939555,23939555,23951207
23940629,23940629,23951207
23941636,23941636,23951207
23942052,23942052,23951207
23942628,23942628,23951207
23945009,23945009,23951207
23945175,23945175,23951207
23945688,23945688,23951207
23945810,23945810,23951207
23945899,23945899,23951207
23947327,23947327,23951207
23949174,23949174,23951207
23949247,23949247,23951207
23949645,23949645,23951207
23949741,23949741,23951207
23950226,23950226,23951207
23950452,23950452,23951207
23950631,23950631,23951207
23951172,23951172,23951207
23951564,23951564,24999852
23952882,23952882,24999852
23953226,23953226,24999852
23953887,23953887,24999852
23954167,23954167,24999852
23954237,23954237,24999852
23954637,23954637,24999852
23954987,23954987,24999852
23955055,23955055,24999852
23955081,23955081,24999852
23956472,23956472,24999852
23956824,23956824,24999852
23957377,23957377,24999852
23958021,23958021,24999852
23959293,23959293,24999852
23959442,23959442,24999852
23961219,23961219,24999852
23961725,23961725,24999852
23962024,23962024,24999852
23962372,23962372,24999852
23963825,23963825,24999852
23963863,23963863,24999852
23964900,23964900,24999852
23964973,23964973,24999852
23965030,23965030,24999852
23965300,23965300,24999852
23965801,23965801,24999852
23966266,23966266,24999852
23967148,23967148,24999852
23967157,23967157,24999852
23967703,23967703,24999852
23968129,23968129,24999852
23968517,23968517,24999852
23969939,23969939,24999852
23970663,23970663,24999852
23970901,23970901,24999852
23971433,23971433,24999852
23971705,23971705,24999852
23972148,23972148,24999852
23972259,23972259,24999852
23972737,23972737,24999852
23973569,23973569,24999852
23973735,23973735,24999852
23973908,23973908,24999852
23973979,23973979,24999852
23975482,23975482,24999852
23975579,23975579,24999852
23975588,23975588,24999852
23976457,23976457,24999852
23976883,23976883,24999852
23977022,23977022,24999852
23977772,23977772,24999852
23978708,23978708,24999852
23979067,23979067,24999852
23979626,23979626,24999852
23979876,23979876,24999852
23980032,23980032,24999852
23980195,23980195,24999852
23980685,23980685,24999852
23982224,23982224,24999852
23982421,23982421,24999852
23982461,23982461,24999852
23982487,23982487,24999852
23982603,23982603,24999852
23983243,23983243,24999852
23983455,23983455,24999852
23983470,23983470,24999852
23983870,23983870,24999852
23984657,23984657,24999852
23985346,23985346,24999852
23987232,23987232,24999852
23987772,23987772,24999852
23989346,23989346,24999852
23990023,23990023,24999852
23990251,23990251,24999852
23990556,23990556,24999852
23991248,23991248,24999852
23991788,23991788,24999852
23992832,23992832,24999852
23993130,23993130,24999852
23993265,23993265,24999852
23993512,23993512,24999852
23994214,23994214,24999852
23994234,23994234,24999852
23994375,23994375,24999852
23994567,23994567,24999852
23995326,23995326,24999852
23995594,23995594,24999852
23995895,23995895,24999852
23996033,23996033,24999852
23996061,23996061,24999852
23996291,23996291,24999852
23996898,23996898,24999852
23997973,23997973,24999852
23998995,23998995,24999852
23999753,23999753,24999852
23999874,23999874,24999852
24000329,24000329,24999852
24000616,24000616,24999852
24004331,24004331,24999852
24007143,24007143,24999852
24007767,24007767,24999852
24008548,24008548,24999852
24008722,24008722,24999852
24009076,24009076,24999852
24009490,24009490,24999852
24009545,24009545,24999852
24010712,24010712,24999852
24010794,24010794,24999852
24010829,24010829,24999852
24010830,24010830,24999852
24011349,24011349,24999852
24011958,24011958,24999852
24012168,24012168,24999852
24012181,24012181,24999852
24012470,24012470,24999852
24012662,24012662,24999852
24013325,24013325,24999852
24013473,24013473,24999852
24013767,24013767,24999852
24015991,24015991,24999852
24016067,24016067,24999852
24016459,24016459,24999852
24016851,24016851,24999852
24016880,24016880,24999852
24017592,24017592,24999852
24017942,24017942,24999852
24019273,24019273,24999852
24019641,24019641,24999852
24020152,24020152,24999852
24020772,24020772,24999852
24021546,24021546,24999852
24022018,24022018,24999852
24022461,24022461,24999852
24022713,24022713,24999852
24023301,24023301,24999852
24023350,24023350,24999852
24023697,24023697,24999852
24024271,24024271,24999852
24025053,24025053,24999852
24025596,24025596,24999852
24025874,24025874,24999852
24026629,24026629,24999852
24026844,24026844,24999852
24027696,24027696,24999852
24027733,24027733,24999852
24028378,24028378,24999852
24030961,24030961,24999852
24032616,24032616,24999852
24032851,24032851,24999852
24033371,24033371,24999852
24034112,24034112,24999852
24034149,24034149,24999852
24034539,24034539,24999852
24035711,24035711,24999852
24035916,24035916,24999852
24036285,24036285,24999852
24037345,24037345,24999852
24037373,24037373,24999852
24037957,24037957,24999852
24039117,24039117,24999852
24039517,24039517,24999852
24040349,24040349,24999852
24040498,24040498,24999852
24040796,24040796,24999852
24041008,24041008,24999852
24041201,24041201,24999852
24041838,24041838,24999852
24042123,24042123,24999852
24042822,24042822,24999852
24042846,24042846,24999852
24044651,24044651,24999852
24044838,24044838,24999852
24045141,24045141,24999852
24045419,24045419,24999852
24045440,24045440,24999852
24046451,24046451,24999852
24046533,24046533,24999852
24046663,24046663,24999852
24046719,24046719,24999852
24048516,24048516,24999852
24049231,24049231,24999852
24049276,24049276,24999852
24049622,24049622,24999852
24050428,24050428,24999852
24050781,24050781,24999852
24053160,24053160,24999852
24053640,24053640,24999852
24053897,24053897,24999852
24054153,24054153,24999852
24054314,24054314,24999852
24054792,24054792,24999852
24054886,24054886,24999852
24055414,24055414,24999852
24055928,24055928,24999852
24056096,24056096,24999852
24056154,24056154,24999852
24056352,24056352,24999852
24057621,24057621,24999852
24057810,24057810,24999852
24058083,24058083,24999852
24058711,24058711,24999852
24058913,24058913,24999852
24059276,24059276,24999852
24059513,24059513,24999852
24059804,24059804,24999852
24060007,24060007,24999852
24060053,24060053,24999852
24060243,24060243,24999852
24060546,24060546,24999852
24060867,24060867,24999852
24061952,24061952,24999852
24062041,24062041,24999852
24062551,24062551,24999852
24062775,24062775,24999852
24062788,24062788,24999852
24062849,24062849,24999852
24063060,24063060,24999852
24063234,24063234,24999852
24063432,24063432,24999852
24063623,24063623,24999852
24063840,24063840,24999852
24064219,24064219,24999852
24064614,24064614,24999852
24065007,24065007,24999852
24065265,24065265,24999852
24065428,24065428,24999852
24065705,24065705,24999852
24065934,24065934,24999852
24066035,24066035,24999852
24066122,24066122,24999852
24066303,24066303,24999852
24066342,24066342,24999852
24066352,24066352,24999852
24066514,24066514,24999852
24066526,24066526,24999852
24066834,24066834,24999852
24067655,24067655,24999852
24067986,24067986,24999852
24069791,24069791,24999852
24069831,24069831,24999852
24070225,24070225,24999852
24071997,24071997,24999852
24073093,24073093,24999852
24073254,24073254,24999852
24074213,24074213,24999852
24074425,24074425,24999852
24074809,24074809,24999852
24075032,24075032,24999852
24075074,24075074,24999852
24076240,24076240,24999852
24076286,24076286,24999852
24077524,24077524,24999852
24078676,24078676,24999852
24078946,24078946,24999852
24079514,24079514,24999852
24079717,24079717,24999852
24080053,24080053,24999852
24080468,24080468,24999852
24081739,24081739,24999852
24082515,24082515,24999852
24083690,24083690,24999852
24083707,24083707,24999852
24083845,24083845,24999852
24083973,24083973,24999852
24084187,24084187,24999852
24086077,24086077,24999852
24086644,24086644,24999852
24086861,24086861,24999852
24086871,24086871,24999852
24088249,24088249,24999852
24088478,24088478,24999852
24088934,24088934,24999852
24089528,24089528,24999852
24089647,24089647,24999852
24090145,24090145,24999852
24090973,24090973,24999852
24091162,24091162,24999852
24091668,24091668,24999852
24091879,24091879,24999852
24092184,24092184,24999852
24092186,24092186,24999852
24093803,24093803,24999852
24094285,24094285,24999852
24095751,24095751,24999852
24096047,24096047,24999852
24096245,24096245,24999852
24097091,24097091,24999852
24097152,24097152,24999852
24097250,24097250,24999852
24098082,24098082,24999852
24098142,24098142,24999852
24098225,24098225,24999852
24099206,24099206,24999852
24099343,24099343,24999852
24099722,24099722,24999852
24099758,24099758,24999852
24100023,24100023,24999852
24101140,24101140,24999852
24101991,24101991,24999852
24102006,24102006,24999852
24102176,24102176,24999852
24103037,24103037,24999852
24104031,24104031,24999852
24104765,24104765,24999852
24105396,24105396,24999852
24105979,24105979,24999852
24106441,24106441,24999852
24106595,24106595,24999852
24107326,24107326,24999852
24107479,24107479,24999852
24107905,24107905,24999852
24109026,24109026,24999852
24109374,24109374,24999852
24109461,24109461,24999852
24110202,24110202,24999852
24110955,24110955,24999852
24110997,24110997,24999852
24111779,24111779,24999852
24112277,24112277,24999852
24112542,24112542,24999852
24112963,24112963,24999852
24113861,24113861,24999852
24114842,24114842,24999852
24114921,24114921,24999852
24116945,24116945,24999852
24117787,24117787,24999852
24118028,24118028,24999852
24118459,24118459,24999852
24119158,24119158,24999852
24119469,24119469,24999852
24120106,24120106,24999852
24120487,24120487,24999852
24122006,24122006,24999852
24122141,24122141,24999852
24122718,24122718,24999852
24124526,24124526,24999852
24125111,24125111,24999852
24125695,24125695,24999852
24125930,24125930,24999852
24128032,24128032,24999852
24128245,24128245,24999852
24129305,24129305,24999852
24129862,24129862,24999852
24129976,24129976,24999852
24130171,24130171,24999852
24130625,24130625,24999852
24130685,24130685,24999852
24130784,24130784,24999852
24132670,24132670,24999852
24132731,24132731,24999852
24133276,24133276,24999852
24133288,24133288,24999852
24133829,24133829,24999852
24134088,24134088,24999852
24134590,24134590,24999852
24136285,24136285,24999852
24136512,24136512,24999852
24136557,24136557,24999852
24136615,24136615,24999852
24138041,24138041,24999852
24139353,24139353,24999852
24139942,24139942,24999852
24140074,24140074,24999852
24140694,24140694,24999852
24142154,24142154,24999852
24142206,24142206,24999852
24143988,24143988,24999852
24144777,24144777,24999852
24144903,24144903,24999852
24145000,24145000,24999852
24145668,24145668,24999852
24147811,24147811,24999852
24148014,24148014,24999852
24148053,24148053,24999852
24148289,24148289,24999852
24148633,24148633,24999852
24149222,24149222,24999852
24150652,24150652,24999852
24150831,24150831,24999852
24150979,24150979,24999852
24151447,24151447,24999852
24152715,24152715,24999852
24153276,24153276,24999852
24153514,24153514,24999852
24154325,24154325,24999852
24154506,24154506,24999852
24154516,24154516,24999852
24154598,24154598,24999852
24154608,24154608,24999852
24154649,24154649,24999852
24154818,24154818,24999852
24155245,24155245,24999852
24156342,24156342,24999852
24156652,24156652,24999852
24158576,24158576,24999852
24159121,24159121,24999852
24161281,24161281,24999852
24162498,24162498,24999852
24162735,24162735,24999852
24163541,24163541,24999852
24163998,24163998,24999852
24164417,24164417,24999852
24164483,24164483,24999852
24164608,24164608,24999852
24165835,24165835,24999852
24166116,24166116,24999852
24166135,24166135,24999852
24166263,24166263,24999852
24166475,24166475,24999852
24166588,24166588,24999852
24167434,24167434,24999852
24167517,24167517,24999852
24167709,24167709,24999852
24168930,24168930,24999852
24169200,24169200,24999852
24169773,24169773,24999852
24170301,24170301,24999852
24170587,24170587,24999852
24170964,24170964,24999852
24171734,24171734,24999852
24171847,24171847,24999852
24171989,24171989,24999852
24172294,24172294,24999852
24172366,24172366,24999852
24172559,24172559,24999852
24173397,24173397,24999852
24173405,24173405,24999852
24173704,24173704,24999852
24173941,24173941,24999852
24174710,24174710,24999852
24175259,24175259,24999852
24176147,24176147,24999852
24177495,24177495,24999852
24178394,24178394,24999852
24178568,24178568,24999852
24178928,24178928,24999852
24179416,24179416,24999852
24179533,24179533,24999852
24179734,24179734,24999852
24180594,24180594,24999852
24180836,24180836,24999852
24180976,24180976,24999852
24182045,24182045,24999852
24182068,24182068,24999852
24182168,24182168,24999852
24182258,24182258,24999852
24182495,24182495,24999852
24182514,24182514,24999852
24183361,24183361,24999852
24183705,24183705,24999852
24184391,24184391,24999852
24184418,24184418,24999852
24185341,24185341,24999852
24186177,24186177,24999852
24187326,24187326,24999852
24187735,24187735,24999852
24188071,24188071,24999852
24189043,24189043,24999852
24189109,24189109,24999852
24189206,24189206,24999852
24191428,24191428,24999852
24192202,24192202,24999852
24193102,24193102,24999852
24193119,24193119,24999852
24193597,24193597,24999852
24193685,24193685,24999852
24193898,24193898,24999852
24193996,24193996,24999852
24194520,24194520,24999852
24194581,24194581,24999852
24196156,24196156,24999852
24196236,24196236,24999852
24197018,24197018,24999852
24197722,24197722,24999852
24197793,24197793,24999852
24198365,24198365,24999852
24199169,24199169,24999852
24200263,24200263,24999852
24202185,24202185,24999852
24203573,24203573,24999852
24203842,24203842,24999852
24205194,24205194,24999852
24205470,24205470,24999852
24205877,24205877,24999852
24206170,24206170,24999852
24206461,24206461,24999852
24206469,24206469,24999852
24206704,24206704,24999852
24207212,24207212,24999852
24207667,24207667,24999852
24208144,24208144,24999852
24208523,24208523,24999852
24208626,24208626,24999852
24208815,24208815,24999852
24208985,24208985,24999852
24209163,24209163,24999852
24209187,24209187,24999852
24209663,24209663,24999852
24210758,24210758,24999852
24211131,24211131,24999852
24211354,24211354,24999852
24213381,24213381,24999852
24213457,24213457,24999852
24213718,24213718,24999852
24214193,24214193,24999852
24214406,24214406,24999852
24214524,24214524,24999852
24215108,24215108,24999852
24215171,24215171,24999852
24215530,24215530,24999852
24216339,24216339,24999852
24216581,24216581,24999852
24217627,24217627,24999852
24218074,24218074,24999852
24219430,24219430,24999852
24220195,24220195,24999852
24220351,24220351,24999852
24220495,24220495,24999852
24220698,24220698,24999852
24220730,24220730,24999852
24220913,24220913,24999852
24221684,24221684,24999852
24222784,24222784,24999852
24223522,24223522,24999852
24223976,24223976,24999852
24224227,24224227,24999852
24224580,24224580,24999852
24224739,24224739,24999852
24225088,24225088,24999852
24225331,24225331,24999852
24225521,24225521,24999852
24225799,24225799,24999852
24226840,24226840,24999852
24228196,24228196,24999852
24229645,24229645,24999852
24231069,24231069,24999852
24231726,24231726,24999852
24231737,24231737,24999852
24232594,24232594,24999852
24232709,24232709,24999852
24234294,24234294,24999852
24235101,24235101,24999852
24235314,24235314,24999852
24235470,24235470,24999852
24235487,24235487,24999852
24235997,24235997,24999852
24236090,24236090,24999852
24237087,24237087,24999852
24237739,24237739,24999852
24239008,24239008,24999852
24239048,24239048,24999852
24240531,24240531,24999852
24241157,24241157,24999852
24241169,24241169,24999852
24241396,24241396,24999852
24241658,24241658,24999852
24241802,24241802,24999852
24242322,24242322,24999852
24242718,24242718,24999852
24243474,24243474,24999852
24243941,24243941,24999852
24245222,24245222,24999852
24245380,24245380,24999852
24246231,24246231,24999852
24246455,24246455,24999852
24246586,24246586,24999852
24246685,24246685,24999852
24247011,24247011,24999852
24247581,24247581,24999852
24247982,24247982,24999852
24247993,24247993,24999852
24248117,24248117,24999852
24248177,24248177,24999852
24248758,24248758,24999852
24248825,24248825,24999852
24249045,24249045,24999852
24250679,24250679,24999852
24252570,24252570,24999852
24253223,24253223,24999852
24253239,24253239,24999852
24254818,24254818,24999852
24255052,24255052,24999852
24255429,24255429,24999852
24255461,24255461,24999852
24255612,24255612,24999852
24255656,24255656,24999852
24256670,24256670,24999852
24258054,24258054,24999852
24258137,24258137,24999852
24258588,24258588,24999852
24258843,24258843,24999852
24260528,24260528,24999852
24261256,24261256,24999852
24261289,24261289,24999852
24261576,24261576,24999852
24261844,24261844,24999852
24261985,24261985,24999852
24262208,24262208,24999852
24263297,24263297,24999852
24263741,24263741,24999852
24264063,24264063,24999852
24264811,24264811,24999852
24264846,24264846,24999852
24265146,24265146,24999852
24265227,24265227,24999852
24266102,24266102,24999852
24266524,24266524,24999852
24266761,24266761,24999852
24266963,24266963,24999852
24268123,24268123,24999852
24268389,24268389,24999852
24268434,24268434,24999852
24268475,24268475,24999852
24268620,24268620,24999852
24269268,24269268,24999852
24269337,24269337,24999852
24269369,24269369,24999852
24269753,24269753,24999852
24271305,24271305,24999852
24272070,24272070,24999852
24272704,24272704,24999852
24272973,24272973,24999852
24274053,24274053,24999852
24274240,24274240,24999852
24274497,24274497,24999852
24274725,24274725,24999852
24275623,24275623,24999852
24275736,24275736,24999852
24276456,24276456,24999852
24277129,24277129,24999852
24277455,24277455,24999852
24277807,24277807,24999852
24277979,24277979,24999852
24278008,24278008,24999852
24278193,24278193,24999852
24278354,24278354,24999852
24279799,24279799,24999852
24279980,24279980,24999852
24280488,24280488,24999852
24281163,24281163,24999852
24282594,24282594,24999852
24284267,24284267,24999852
24285007,24285007,24999852
24287296,24287296,24999852
24288532,24288532,24999852
24288552,24288552,24999852
24288825,24288825,24999852
24289323,24289323,24999852
24289570,24289570,24999852
24289605,24289605,24999852
24290087,24290087,24999852
24290179,24290179,24999852
24291461,24291461,24999852
24291652,24291652,24999852
24292198,24292198,24999852
24292561,24292561,24999852
24293446,24293446,24999852
24293870,24293870,24999852
24294176,24294176,24999852
24294371,24294371,24999852
24294660,24294660,24999852
24296468,24296468,24999852
24297067,24297067,24999852
24297255,24297255,24999852
24297653,24297653,24999852
24298055,24298055,24999852
24298279,24298279,24999852
24298660,24298660,24999852
24299559,24299559,24999852
24299985,24299985,24999852
24300813,24300813,24999852
24301136,24301136,24999852
24301430,24301430,24999852
24301849,24301849,24999852
24302151,24302151,24999852
24303254,24303254,24999852
24303406,24303406,24999852
24303604,24303604,24999852
24303770,24303770,24999852
24303899,24303899,24999852
24304185,24304185,24999852
24305351,24305351,24999852
24305468,24305468,24999852
24305947,24305947,24999852
24306054,24306054,24999852
24306397,24306397,24999852
24306434,24306434,24999852
24306847,24306847,24999852
24306875,24306875,24999852
24306950,24306950,24999852
24307948,24307948,24999852
24308648,24308648,24999852
24309020,24309020,24999852
24309387,24309387,24999852
24309432,24309432,24999852
24309809,24309809,24999852
24310165,24310165,24999852
24310648,24310648,24999852
24310734,24310734,24999852
24310840,24310840,24999852
24310918,24310918,24999852
24311273,24311273,24999852
24311661,24311661,24999852
24311938,24311938,24999852
24312287,24312287,24999852
24312527,24312527,24999852
24313036,24313036,24999852
24313084,24313084,24999852
24313131,24313131,24999852
24313473,24313473,24999852
24313585,24313585,24999852
24313766,24313766,24999852
24313965,24313965,24999852
24314263,24314263,24999852
24314862,24314862,24999852
24317251,24317251,24999852
24318274,24318274,24999852
24319588,24319588,24999852
24320212,24320212,24999852
24321698,24321698,24999852
24322169,24322169,24999852
24322551,24322551,24999852
24322588,24322588,24999852
24322949,24322949,24999852
24323377,24323377,24999852
24324534,24324534,24999852
24324971,24324971,24999852
24325218,24325218,24999852
24325361,24325361,24999852
24326342,24326342,24999852
24327337,24327337,24999852
24327719,24327719,24999852
24327963,24327963,24999852
24328076,24328076,24999852
24328147,24328147,24999852
24328203,24328203,24999852
24329635,24329635,24999852
24329647,24329647,24999852
24329943,24329943,24999852
24330155,24330155,24999852
24330594,24330594,24999852
24333045,24333045,24999852
24333048,24333048,24999852
24334058,24334058,24999852
24334482,24334482,24999852
24334845,24334845,24999852
24335523,24335523,24999852
24335570,24335570,24999852
24335994,24335994,24999852
24336601,24336601,24999852
24337423,24337423,24999852
24337914,24337914,24999852
24338240,24338240,24999852
24338417,24338417,24999852
24338517,24338517,24999852
24338562,24338562,24999852
24338592,24338592,24999852
24338740,24338740,24999852
24339366,24339366,24999852
24339547,24339547,24999852
24339629,24339629,24999852
24339683,24339683,24999852
24340015,24340015,24999852
24341214,24341214,24999852
24341856,24341856,24999852
24341927,24341927,24999852
24342579,24342579,24999852
24343063,24343063,24999852
24343084,24343084,24999852
24343765,24343765,24999852
24343933,24343933,24999852
24344390,24344390,24999852
24344679,24344679,24999852
24345085,24345085,24999852
24345953,24345953,24999852
24346232,24346232,24999852
24346808,24346808,24999852
24347049,24347049,24999852
24347540,24347540,24999852
24347582,24347582,24999852
24348121,24348121,24999852
24348134,24348134,24999852
24348895,24348895,24999852
24349228,24349228,24999852
24349847,24349847,24999852
24350327,24350327,24999852
24350767,24350767,24999852
24351805,24351805,24999852
24351921,24351921,24999852
24352972,24352972,24999852
24352989,24352989,24999852
24353565,24353565,24999852
24354116,24354116,24999852
24354210,24354210,24999852
24354769,24354769,24999852
24355382,24355382,24999852
24355483,24355483,24999852
24357103,24357103,24999852
24357607,24357607,24999852
24357756,24357756,24999852
24357974,24357974,24999852
24358525,24358525,24999852
24359251,24359251,24999852
24359833,24359833,24999852
24360211,24360211,24999852
24360212,24360212,24999852
24361068,24361068,24999852
24361320,24361320,24999852
24364012,24364012,24999852
24364527,24364527,24999852
24364635,24364635,24999852
24365776,24365776,24999852
24366067,24366067,24999852
24366791,24366791,24999852
24366904,24366904,24999852
24367402,24367402,24999852
24367974,24367974,24999852
24368284,24368284,24999852
24368692,24368692,24999852
24368862,24368862,24999852
24370171,24370171,24999852
24370352,24370352,24999852
24374330,24374330,24999852
24374537,24374537,24999852
24374718,24374718,24999852
24375095,24375095,24999852
24376348,24376348,24999852
24376784,24376784,24999852
24377372,24377372,24999852
24378088,24378088,24999852
24378237,24378237,24999852
24380136,24380136,24999852
24380674,24380674,24999852
24382541,24382541,24999852
24382767,24382767,24999852
24382836,24382836,24999852
24383667,24383667,24999852
24384173,24384173,24999852
24384491,24384491,24999852
24384807,24384807,24999852
24385481,24385481,24999852
24386515,24386515,24999852
24387530,24387530,24999852
24388129,24388129,24999852
24388529,24388529,24999852
24390543,24390543,24999852
24390962,24390962,24999852
24393459,24393459,24999852
24393542,24393542,24999852
24394128,24394128,24999852
24395817,24395817,24999852
24396358,24396358,24999852
24397793,24397793,24999852
24398046,24398046,24999852
24399038,24399038,24999852
24399325,24399325,24999852
24399641,24399641,24999852
24400612,24400612,24999852
24400886,24400886,24999852
24401585,24401585,24999852
24401808,24401808,24999852
24402136,24402136,24999852
24402862,24402862,24999852
24403648,24403648,24999852
24403751,24403751,24999852
24404153,24404153,24999852
24405136,24405136,24999852
24405919,24405919,24999852
24406603,24406603,24999852
24407557,24407557,24999852
24407594,24407594,24999852
24408038,24408038,24999852
24408077,24408077,24999852
24408927,24408927,24999852
24410424,24410424,24999852
24410680,24410680,24999852
24410685,24410685,24999852
24411019,24411019,24999852
24411079,24411079,24999852
24411481,24411481,24999852
24411642,24411642,24999852
24412697,24412697,24999852
24413066,24413066,24999852
24414015,24414015,24999852
24416183,24416183,24999852
24416449,24416449,24999852
24418369,24418369,24999852
24418688,24418688,24999852
24419204,24419204,24999852
24420232,24420232,24999852
24421239,24421239,24999852
24422053,24422053,24999852
24423054,24423054,24999852
24424648,24424648,24999852
24424716,24424716,24999852
24426122,24426122,24999852
24426997,24426997,24999852
24427218,24427218,24999852
24428007,24428007,24999852
24428452,24428452,24999852
24428643,24428643,24999852
24428957,24428957,24999852
24430034,24430034,24999852
24430936,24430936,24999852
24430969,24430969,24999852
24431019,24431019,24999852
24432669,24432669,24999852
24432836,24432836,24999852
24434264,24434264,24999852
24435896,24435896,24999852
24436186,24436186,24999852
24436756,24436756,24999852
24437976,24437976,24999852
24438729,24438729,24999852
24439342,24439342,24999852
24439586,24439586,24999852
24439735,24439735,24999852
24440283,24440283,24999852
24440473,24440473,24999852
24441040,24441040,24999852
24441211,24441211,24999852
24441239,24441239,24999852
24441522,24441522,24999852
24441566,24441566,24999852
24442488,24442488,24999852
24443662,24443662,24999852
24443766,24443766,24999852
24444156,24444156,24999852
24444705,24444705,24999852
24444975,24444975,24999852
24445068,24445068,24999852
24447051,24447051,24999852
24447739,24447739,24999852
24448038,24448038,24999852
24448431,24448431,24999852
24448531,24448531,24999852
24449216,24449216,24999852
24449538,24449538,24999852
24449799,24449799,24999852
24450327,24450327,24999852
24450419,24450419,24999852
24450788,24450788,24999852
24450929,24450929,24999852
24452447,24452447,24999852
24453291,24453291,24999852
24453521,24453521,24999852
24453674,24453674,24999852
24453960,24453960,24999852
24454485,24454485,24999852
24454987,24454987,24999852
24455724,24455724,24999852
24456433,24456433,24999852
24456933,24456933,24999852
24457381,24457381,24999852
24458982,24458982,24999852
24459132,24459132,24999852
24460802,24460802,24999852
24461135,24461135,24999852
24462211,24462211,24999852
24462888,24462888,24999852
24463512,24463512,24999852
24464385,24464385,24999852
24464732,24464732,24999852
24465747,24465747,24999852
24466090,24466090,24999852
24467245,24467245,24999852
24467296,24467296,24999852
24467360,24467360,24999852
24467566,24467566,24999852
24467673,24467673,24999852
24469183,24469183,24999852
24469202,24469202,24999852
24469768,24469768,24999852
24469772,24469772,24999852
24469783,24469783,24999852
24469986,24469986,24999852
24470160,24470160,24999852
24471336,24471336,24999852
24471375,24471375,24999852
24472370,24472370,24999852
24472675,24472675,24999852
24473490,24473490,24999852
24473491,24473491,24999852
24473624,24473624,24999852
24474485,24474485,24999852
24475459,24475459,24999852
24475590,24475590,24999852
24476331,24476331,24999852
24476808,24476808,24999852
24476991,24476991,24999852
24477556,24477556,24999852
24478524,24478524,24999852
24478606,24478606,24999852
24478841,24478841,24999852
24479298,24479298,24999852
24479926,24479926,24999852
24480388,24480388,24999852
24480417,24480417,24999852
24480425,24480425,24999852
24480808,24480808,24999852
24481823,24481823,24999852
24482176,24482176,24999852
24483125,24483125,24999852
24483324,24483324,24999852
24483326,24483326,24999852
24483655,24483655,24999852
24483796,24483796,24999852
24483843,24483843,24999852
24484670,24484670,24999852
24484834,24484834,24999852
24485056,24485056,24999852
24485453,24485453,24999852
24486189,24486189,24999852
24487553,24487553,24999852
24487926,24487926,24999852
24487954,24487954,24999852
24488227,24488227,24999852
24488280,24488280,24999852
24488744,24488744,24999852
24489327,24489327,24999852
24490943,24490943,24999852
24491261,24491261,24999852
24492047,24492047,24999852
24492296,24492296,24999852
24493264,24493264,24999852
24493608,24493608,24999852
24494221,24494221,24999852
24495488,24495488,24999852
24496118,24496118,24999852
24496633,24496633,24999852
24497060,24497060,24999852
24497288,24497288,24999852
24498821,24498821,24999852
24499684,24499684,24999852
24499778,24499778,24999852
24500423,24500423,24999852
24500664,24500664,24999852
24501054,24501054,24999852
24501089,24501089,24999852
24501522,24501522,24999852
24501973,24501973,24999852
24503078,24503078,24999852
24503275,24503275,24999852
24503276,24503276,24999852
24503842,24503842,24999852
24505279,24505279,24999852
24505446,24505446,24999852
24505815,24505815,24999852
24506562,24506562,24999852
24506962,24506962,24999852
24506980,24506980,24999852
24507207,24507207,24999852
24507279,24507279,24999852
24507387,24507387,24999852
24507583,24507583,24999852
24508734,24508734,24999852
24509418,24509418,24999852
24511217,24511217,24999852
24511530,24511530,24999852
24512042,24512042,24999852
24512343,24512343,24999852
24512593,24512593,24999852
24513030,24513030,24999852
24513474,24513474,24999852
24513553,24513553,24999852
24513663,24513663,24999852
24513933,24513933,24999852
24514073,24514073,24999852
24514656,24514656,24999852
24514761,24514761,24999852
24514924,24514924,24999852
24515447,24515447,24999852
24516928,24516928,24999852
24517387,24517387,24999852
24518726,24518726,24999852
24519116,24519116,24999852
24520077,24520077,24999852
24520916,24520916,24999852
24521277,24521277,24999852
24521688,24521688,24999852
24521852,24521852,24999852
24522265,24522265,24999852
24522545,24522545,24999852
24522702,24522702,24999852
24523062,24523062,24999852
24523275,24523275,24999852
24523314,24523314,24999852
24523603,24523603,24999852
24524031,24524031,24999852
24524310,24524310,24999852
24524573,24524573,24999852
24524584,24524584,24999852
24524586,24524586,24999852
24526506,24526506,24999852
24526755,24526755,24999852
24527727,24527727,24999852
24528268,24528268,24999852
24529525,24529525,24999852
24529713,24529713,24999852
24530384,24530384,24999852
24530721,24530721,24999852
24530963,24530963,24999852
24531564,24531564,24999852
24531928,24531928,24999852
24532890,24532890,24999852
24532915,24532915,24999852
24533987,24533987,24999852
24534033,24534033,24999852
24534410,24534410,24999852
24535439,24535439,24999852
24535530,24535530,24999852
24535796,24535796,24999852
24536739,24536739,24999852
24537080,24537080,24999852
24537471,24537471,24999852
24538142,24538142,24999852
24538352,24538352,24999852
24539235,24539235,24999852
24539567,24539567,24999852
24540841,24540841,24999852
24541172,24541172,24999852
24541308,24541308,24999852
24541701,24541701,24999852
24542612,24542612,24999852
24542975,24542975,24999852
24543289,24543289,24999852
24544255,24544255,24999852
24544314,24544314,24999852
24544384,24544384,24999852
24545599,24545599,24999852
24545634,24545634,24999852
24545934,24545934,24999852
24545986,24545986,24999852
24546103,24546103,24999852
24546855,24546855,24999852
24547739,24547739,24999852
24548946,24548946,24999852
24549286,24549286,24999852
24549638,24549638,24999852
24549994,24549994,24999852
24551075,24551075,24999852
24551107,24551107,24999852
24551662,24551662,24999852
24551765,24551765,24999852
24552103,24552103,24999852
24552276,24552276,24999852
24553140,24553140,24999852
24553408,24553408,24999852
24553421,24553421,24999852
24554345,24554345,24999852
24554959,24554959,24999852
24555061,24555061,24999852
24555125,24555125,24999852
24555369,24555369,24999852
24555949,24555949,24999852
24556198,24556198,24999852
24557070,24557070,24999852
24557548,24557548,24999852
24559231,24559231,24999852
24559271,24559271,24999852
24559613,24559613,24999852
24559929,24559929,24999852
24561295,24561295,24999852
24561473,24561473,24999852
24561652,24561652,24999852
24562287,24562287,24999852
24562339,24562339,24999852
24562653,24562653,24999852
24563035,24563035,24999852
24563434,24563434,24999852
24563581,24563581,24999852
24563747,24563747,24999852
24564167,24564167,24999852
24564461,24564461,24999852
24564827,24564827,24999852
24565786,24565786,24999852
24566045,24566045,24999852
24566934,24566934,24999852
24567170,24567170,24999852
24567438,24567438,24999852
24567952,24567952,24999852
24568159,24568159,24999852
24569184,24569184,24999852
24569696,24569696,24999852
24571897,24571897,24999852
24573483,24573483,24999852
24573501,24573501,24999852
24573557,24573557,24999852
24574208,24574208,24999852
24575618,24575618,24999852
24575807,24575807,24999852
24576237,24576237,24999852
24576667,24576667,24999852
24576896,24576896,24999852
24577136,24577136,24999852
24577472,24577472,24999852
24577916,24577916,24999852
24578859,24578859,24999852
24579208,24579208,24999852
24579229,24579229,24999852
24579391,24579391,24999852
24579994,24579994,24999852
24580883,24580883,24999852
24581305,24581305,24999852
24583000,24583000,24999852
24583838,24583838,24999852
24584464,24584464,24999852
24584907,24584907,24999852
24585033,24585033,24999852
24585300,24585300,24999852
24586020,24586020,24999852
24586256,24586256,24999852
24586652,24586652,24999852
24586851,24586851,24999852
24586915,24586915,24999852
24589397,24589397,24999852
24589700,24589700,24999852
24589722,24589722,24999852
24591219,24591219,24999852
24591445,24591445,24999852
24591799,24591799,24999852
24592153,24592153,24999852
24592586,24592586,24999852
24592743,24592743,24999852
24592753,24592753,24999852
24594334,24594334,24999852
24594624,24594624,24999852
24595296,24595296,24999852
24595345,24595345,24999852
24595827,24595827,24999852
24596140,24596140,24999852
24596540,24596540,24999852
24596947,24596947,24999852
24597944,24597944,24999852
24600579,24600579,24999852
24600729,24600729,24999852
24601000,24601000,24999852
24601276,24601276,24999852
24602380,24602380,24999852
24603701,24603701,24999852
24603773,24603773,24999852
24605798,24605798,24999852
24606220,24606220,24999852
24606503,24606503,24999852
24606955,24606955,24999852
24607369,24607369,24999852
24608128,24608128,24999852
24608700,24608700,24999852
24609230,24609230,24999852
24611164,24611164,24999852
24611370,24611370,24999852
24611568,24611568,24999852
24611755,24611755,24999852
24611949,24611949,24999852
24612019,24612019,24999852
24612041,24612041,24999852
24612229,24612229,24999852
24612656,24612656,24999852
24613814,24613814,24999852
24615470,24615470,24999852
24616330,24616330,24999852
24617144,24617144,24999852
24617484,24617484,24999852
24617795,24617795,24999852
24618219,24618219,24999852
24618323,24618323,24999852
24619763,24619763,24999852
24620340,24620340,24999852
24620382,24620382,24999852
24620714,24620714,24999852
24621419,24621419,24999852
24621692,24621692,24999852
24622128,24622128,24999852
24623381,24623381,24999852
24624988,24624988,24999852
24625171,24625171,24999852
24625720,24625720,24999852
24625889,24625889,24999852
24626045,24626045,24999852
24626227,24626227,24999852
24626564,24626564,24999852
24627386,24627386,24999852
24627453,24627453,24999852
24627487,24627487,24999852
24628001,24628001,24999852
24629196,24629196,24999852
24629444,24629444,24999852
24630458,24630458,24999852
24631433,24631433,24999852
24632168,24632168,24999852
24632252,24632252,24999852
24632327,24632327,24999852
24632757,24632757,24999852
24633103,24633103,24999852
24633113,24633113,24999852
24633475,24633475,24999852
24634214,24634214,24999852
24634800,24634800,24999852
24634963,24634963,24999852
24635338,24635338,24999852
24635543,24635543,24999852
24636714,24636714,24999852
24636952,24636952,24999852
24638126,24638126,24999852
24638480,24638480,24999852
24639742,24639742,24999852
24643049,24643049,24999852
24643097,24643097,24999852
24643183,24643183,24999852
24643901,24643901,24999852
24644751,24644751,24999852
24645939,24645939,24999852
24646078,24646078,24999852
24646881,24646881,24999852
24646950,24646950,24999852
24647351,24647351,24999852
24647577,24647577,24999852
24647736,24647736,24999852
24647878,24647878,24999852
24649067,24649067,24999852
24649244,24649244,24999852
24649269,24649269,24999852
24649330,24649330,24999852
24650458,24650458,24999852
24650795,24650795,24999852
24650967,24650967,24999852
24651110,24651110,24999852
24651381,24651381,24999852
24654039,24654039,24999852
24655865,24655865,24999852
24656330,24656330,24999852
24656812,24656812,24999852
24658149,24658149,24999852
24658457,24658457,24999852
24659233,24659233,24999852
24660127,24660127,24999852
24660168,24660168,24999852
24660517,24660517,24999852
24661231,24661231,24999852
24661247,24661247,24999852
24661702,24661702,24999852
24661750,24661750,24999852
24662042,24662042,24999852
24662346,24662346,24999852
24664050,24664050,24999852
24664364,24664364,24999852
24664617,24664617,24999852
24665912,24665912,24999852
24666125,24666125,24999852
24666964,24666964,24999852
24667205,24667205,24999852
24667352,24667352,24999852
24667774,24667774,24999852
24667804,24667804,24999852
24667933,24667933,24999852
24668404,24668404,24999852
24668802,24668802,24999852
24669559,24669559,24999852
24669723,24669723,24999852
24670107,24670107,24999852
24670264,24670264,24999852
24670883,24670883,24999852
24671307,24671307,24999852
24671767,24671767,24999852
24672016,24672016,24999852
24673152,24673152,24999852
24673207,24673207,24999852
24673277,24673277,24999852
24674134,24674134,24999852
24674273,24674273,24999852
24674488,24674488,24999852
24675442,24675442,24999852
24676152,24676152,24999852
24676341,24676341,24999852
24676490,24676490,24999852
24677571,24677571,24999852
24677614,24677614,24999852
24678049,24678049,24999852
24679955,24679955,24999852
24680539,24680539,24999852
24680779,24680779,24999852
24681515,24681515,24999852
24683327,24683327,24999852
24684268,24684268,24999852
24684761,24684761,24999852
24686743,24686743,24999852
24686747,24686747,24999852
24687255,24687255,24999852
24687451,24687451,24999852
24687541,24687541,24999852
24687978,24687978,24999852
24689741,24689741,24999852
24691065,24691065,24999852
24691470,24691470,24999852
24691522,24691522,24999852
24692158,24692158,24999852
24692396,24692396,24999852
24692805,24692805,24999852
24693073,24693073,24999852
24693729,24693729,24999852
24694767,24694767,24999852
24694784,24694784,24999852
24694796,24694796,24999852
24695182,24695182,24999852
24695794,24695794,24999852
24697032,24697032,24999852
24697189,24697189,24999852
24697445,24697445,24999852
24697945,24697945,24999852
24698557,24698557,24999852
24698613,24698613,24999852
24698880,24698880,24999852
24698953,24698953,24999852
24699345,24699345,24999852
24699390,24699390,24999852
24699485,24699485,24999852
24699918,24699918,24999852
24701690,24701690,24999852
24701965,24701965,24999852
24702368,24702368,24999852
24702376,24702376,24999852
24702380,24702380,24999852
24703980,24703980,24999852
24704148,24704148,24999852
24704228,24704228,24999852
24707430,24707430,24999852
24707936,24707936,24999852
24708539,24708539,24999852
24708987,24708987,24999852
24709926,24709926,24999852
24710006,24710006,24999852
24710612,24710612,24999852
24710805,24710805,24999852
24710873,24710873,24999852
24711231,24711231,24999852
24711398,24711398,24999852
24711585,24711585,24999852
24711620,24711620,24999852
24711755,24711755,24999852
24711798,24711798,24999852
24712055,24712055,24999852
24712079,24712079,24999852
24712116,24712116,24999852
24712263,24712263,24999852
24712379,24712379,24999852
24712713,24712713,24999852
24712814,24712814,24999852
24716679,24716679,24999852
24717387,24717387,24999852
24718827,24718827,24999852
24719634,24719634,24999852
24719673,24719673,24999852
24719739,24719739,24999852
24720577,24720577,24999852
24721037,24721037,24999852
24721063,24721063,24999852
24721905,24721905,24999852
24722417,24722417,24999852
24723121,24723121,24999852
24724047,24724047,24999852
24724253,24724253,24999852
24724890,24724890,24999852
24725754,24725754,24999852
24725943,24725943,24999852
24727981,24727981,24999852
24728234,24728234,24999852
24728342,24728342,24999852
24728707,24728707,24999852
24729082,24729082,24999852
24729147,24729147,24999852
24729609,24729609,24999852
24730008,24730008,24999852
24730252,24730252,24999852
24731825,24731825,24999852
24733462,24733462,24999852
24733469,24733469,24999852
24733783,24733783,24999852
24734048,24734048,24999852
24734063,24734063,24999852
24734220,24734220,24999852
24735189,24735189,24999852
24735195,24735195,24999852
24735929,24735929,24999852
24737124,24737124,24999852
24737169,24737169,24999852
24737862,24737862,24999852
24738024,24738024,24999852
24739090,24739090,24999852
24740557,24740557,24999852
24741679,24741679,24999852
24741920,24741920,24999852
24741943,24741943,24999852
24742451,24742451,24999852
24743495,24743495,24999852
24744529,24744529,24999852
24745923,24745923,24999852
24746626,24746626,24999852
24746826,24746826,24999852
24747222,24747222,24999852
24747863,24747863,24999852
24748065,24748065,24999852
24748476,24748476,24999852
24748491,24748491,24999852
24748499,24748499,24999852
24748553,24748553,24999852
24749399,24749399,24999852
24749443,24749443,24999852
24749581,24749581,24999852
24749611,24749611,24999852
24751696,24751696,24999852
24751914,24751914,24999852
24752096,24752096,24999852
24753639,24753639,24999852
24754297,24754297,24999852
24754347,24754347,24999852
24754539,24754539,24999852
24754652,24754652,24999852
24754691,24754691,24999852
24754751,24754751,24999852
24754964,24754964,24999852
24754998,24754998,24999852
24755162,24755162,24999852
24755201,24755201,24999852
24755947,24755947,24999852
24756017,24756017,24999852
24756344,24756344,24999852
24757732,24757732,24999852
24757958,24757958,24999852
24758091,24758091,24999852
24758150,24758150,24999852
24759170,24759170,24999852
24760193,24760193,24999852
24760364,24760364,24999852
24761190,24761190,24999852
24762153,24762153,24999852
24762665,24762665,24999852
24763255,24763255,24999852
24763496,24763496,24999852
24763673,24763673,24999852
24765206,24765206,24999852
24765227,24765227,24999852
24766157,24766157,24999852
24767103,24767103,24999852
24768130,24768130,24999852
24768437,24768437,24999852
24768723,24768723,24999852
24768884,24768884,24999852
24768896,24768896,24999852
24769371,24769371,24999852
24769519,24769519,24999852
24770137,24770137,24999852
24771115,24771115,24999852
24771293,24771293,24999852
24771323,24771323,24999852
24771783,24771783,24999852
24771856,24771856,24999852
24771979,24771979,24999852
24771990,24771990,24999852
24772110,24772110,24999852
24772233,24772233,24999852
24772558,24772558,24999852
24773593,24773593,24999852
24773621,24773621,24999852
24774123,24774123,24999852
24774739,24774739,24999852
24774988,24774988,24999852
24775774,24775774,24999852
24776194,24776194,24999852
24776417,24776417,24999852
24777872,24777872,24999852
24778427,24778427,24999852
24779063,24779063,24999852
24779273,24779273,24999852
24779554,24779554,24999852
24780522,24780522,24999852
24780661,24780661,24999852
24782026,24782026,24999852
24782450,24782450,24999852
24783010,24783010,24999852
24783015,24783015,24999852
24783057,24783057,24999852
24783072,24783072,24999852
24783244,24783244,24999852
24783377,24783377,24999852
24783446,24783446,24999852
24783840,24783840,24999852
24784868,24784868,24999852
24784889,24784889,24999852
24785069,24785069,24999852
24785271,24785271,24999852
24786152,24786152,24999852
24786813,24786813,24999852
24787036,24787036,24999852
24787260,24787260,24999852
24788912,24788912,24999852
24788945,24788945,24999852
24789191,24789191,24999852
24789463,24789463,24999852
24789527,24789527,24999852
24789863,24789863,24999852
24789909,24789909,24999852
24789914,24789914,24999852
24791018,24791018,24999852
24791061,24791061,24999852
24791589,24791589,24999852
24791642,24791642,24999852
24791652,24791652,24999852
24792413,24792413,24999852
24792508,24792508,24999852
24792858,24792858,24999852
24793453,24793453,24999852
24794249,24794249,24999852
24794430,24794430,24999852
24794665,24794665,24999852
24795587,24795587,24999852
24795882,24795882,24999852
24796693,24796693,24999852
24796693,24796693,24999852
24796720,24796720,24999852
24797801,24797801,24999852
24797832,24797832,24999852
24798583,24798583,24999852
24800751,24800751,24999852
24800969,24800969,24999852
24801268,24801268,24999852
24801976,24801976,24999852
24802359,24802359,24999852
24803442,24803442,24999852
24803910,24803910,24999852
24803925,24803925,24999852
24803974,24803974,24999852
24804837,24804837,24999852
24805133,24805133,24999852
24805820,24805820,24999852
24806133,24806133,24999852
24806194,24806194,24999852
24807140,24807140,24999852
24807178,24807178,24999852
24809084,24809084,24999852
24810866,24810866,24999852
24811430,24811430,24999852
24812110,24812110,24999852
24812163,24812163,24999852
24812257,24812257,24999852
24812310,24812310,24999852
24813948,24813948,24999852
24814113,24814113,24999852
24814653,24814653,24999852
24814790,24814790,24999852
24815782,24815782,24999852
24816137,24816137,24999852
24816157,24816157,24999852
24816217,24816217,24999852
24816507,24816507,24999852
24817495,24817495,24999852
24817818,24817818,24999852
24817989,24817989,24999852
24818363,24818363,24999852
24819082,24819082,24999852
24819117,24819117,24999852
24819166,24819166,24999852
24819983,24819983,24999852
24820314,24820314,24999852
24820340,24820340,24999852
24820495,24820495,24999852
24820611,24820611,24999852
24820703,24820703,24999852
24822040,24822040,24999852
24822172,24822172,24999852
24822218,24822218,24999852
24822619,24822619,24999852
24824022,24824022,24999852
24824751,24824751,24999852
24825061,24825061,24999852
24825192,24825192,24999852
24825576,24825576,24999852
24826111,24826111,24999852
24826202,24826202,24999852
24826512,24826512,24999852
24826581,24826581,24999852
24826867,24826867,24999852
24827054,24827054,24999852
24827594,24827594,24999852
24827922,24827922,24999852
24828526,24828526,24999852
24829264,24829264,24999852
24829534,24829534,24999852
24829748,24829748,24999852
24829885,24829885,24999852
24830928,24830928,24999852
24831822,24831822,24999852
24832264,24832264,24999852
24833035,24833035,24999852
24834566,24834566,24999852
24834930,24834930,24999852
24835038,24835038,24999852
24836068,24836068,24999852
24836263,24836263,24999852
24836644,24836644,24999852
24836727,24836727,24999852
24837158,24837158,24999852
24837161,24837161,24999852
24837579,24837579,24999852
24838320,24838320,24999852
24839153,24839153,24999852
24839603,24839603,24999852
24841345,24841345,24999852
24841942,24841942,24999852
24843595,24843595,24999852
24843735,24843735,24999852
24844706,24844706,24999852
24844841,24844841,24999852
24844854,24844854,24999852
24845230,24845230,24999852
24845571,24845571,24999852
24845744,24845744,24999852
24846075,24846075,24999852
24846718,24846718,24999852
24846786,24846786,24999852
24847187,24847187,24999852
24847462,24847462,24999852
24847900,24847900,24999852
24848272,24848272,24999852
24849544,24849544,24999852
24849724,24849724,24999852
24849955,24849955,24999852
24850229,24850229,24999852
24851845,24851845,24999852
24852135,24852135,24999852
24852428,24852428,24999852
24853683,24853683,24999852
24854023,24854023,24999852
24854319,24854319,24999852
24857116,24857116,24999852
24857291,24857291,24999852
24858077,24858077,24999852
24858181,24858181,24999852
24858415,24858415,24999852
24859516,24859516,24999852
24859587,24859587,24999852
24860734,24860734,24999852
24860848,24860848,24999852
24861023,24861023,24999852
24861158,24861158,24999852
24861348,24861348,24999852
24861370,24861370,24999852
24861567,24861567,24999852
24862864,24862864,24999852
24863299,24863299,24999852
24863591,24863591,24999852
24864275,24864275,24999852
24864323,24864323,24999852
24864878,24864878,24999852
24865371,24865371,24999852
24865879,24865879,24999852
24866326,24866326,24999852
24866477,24866477,24999852
24867429,24867429,24999852
24868510,24868510,24999852
24868748,24868748,24999852
24869090,24869090,24999852
24869682,24869682,24999852
24870862,24870862,24999852
24871107,24871107,24999852
24871151,24871151,24999852
24871494,24871494,24999852
24871539,24871539,24999852
24871794,24871794,24999852
24871983,24871983,24999852
24872478,24872478,24999852
24873466,24873466,24999852
24873946,24873946,24999852
24873981,24873981,24999852
24874677,24874677,24999852
24874734,24874734,24999852
24876505,24876505,24999852
24877550,24877550,24999852
24881289,24881289,24999852
24881952,24881952,24999852
24882044,24882044,24999852
24882905,24882905,24999852
24883013,24883013,24999852
24884608,24884608,24999852
24884765,24884765,24999852
24886632,24886632,24999852
24886715,24886715,24999852
24886733,24886733,24999852
24886856,24886856,24999852
24887635,24887635,24999852
24888320,24888320,24999852
24888720,24888720,24999852
24889596,24889596,24999852
24890989,24890989,24999852
24891645,24891645,24999852
24891967,24891967,24999852
24892261,24892261,24999852
24893717,24893717,24999852
24894216,24894216,24999852
24894892,24894892,24999852
24894928,24894928,24999852
24895402,24895402,24999852
24895487,24895487,24999852
24895570,24895570,24999852
24895574,24895574,24999852
24896262,24896262,24999852
24896520,24896520,24999852
24897425,24897425,24999852
24897919,24897919,24999852
24898083,24898083,24999852
24899294,24899294,24999852
24899664,24899664,24999852
24899890,24899890,24999852
24901279,24901279,24999852
24903500,24903500,24999852
24903612,24903612,24999852
24903864,24903864,24999852
24903963,24903963,24999852
24904264,24904264,24999852
24905227,24905227,24999852
24907092,24907092,24999852
24908930,24908930,24999852
24910691,24910691,24999852
24910758,24910758,24999852
24910765,24910765,24999852
24910782,24910782,24999852
24911020,24911020,24999852
24911087,24911087,24999852
24911553,24911553,24999852
24911624,24911624,24999852
24911728,24911728,24999852
24912367,24912367,24999852
24912659,24912659,24999852
24912772,24912772,24999852
24912844,24912844,24999852
24913247,24913247,24999852
24913454,24913454,24999852
24914121,24914121,24999852
24914909,24914909,24999852
24915295,24915295,24999852
24915421,24915421,24999852
24915664,24915664,24999852
24916267,24916267,24999852
24916351,24916351,24999852
24916994,24916994,24999852
24917190,24917190,24999852
24917330,24917330,24999852
24917349,24917349,24999852
24917477,24917477,24999852
24919440,24919440,24999852
24919504,24919504,24999852
24919695,24919695,24999852
24921034,24921034,24999852
24921102,24921102,24999852
24921230,24921230,24999852
24921383,24921383,24999852
24921806,24921806,24999852
24922953,24922953,24999852
24923318,24923318,24999852
24924223,24924223,24999852
24924603,24924603,24999852
24924918,24924918,24999852
24925829,24925829,24999852
24926779,24926779,24999852
24927482,24927482,24999852
24927958,24927958,24999852
24928723,24928723,24999852
24928880,24928880,24999852
24930196,24930196,24999852
24930405,24930405,24999852
24931323,24931323,24999852
24931550,24931550,24999852
24933667,24933667,24999852
24934244,24934244,24999852
24934572,24934572,24999852
24935086,24935086,24999852
24935392,24935392,24999852
24936132,24936132,24999852
24936723,24936723,24999852
24937906,24937906,24999852
24938616,24938616,24999852
24939113,24939113,24999852
24939338,24939338,24999852
24940655,24940655,24999852
24940769,24940769,24999852
24941234,24941234,24999852
24941598,24941598,24999852
24943098,24943098,24999852
24943106,24943106,24999852
24943897,24943897,24999852
24944307,24944307,24999852
24944357,24944357,24999852
24944493,24944493,24999852
24944798,24944798,24999852
24945427,24945427,24999852
24945853,24945853,24999852
24946695,24946695,24999852
24947884,24947884,24999852
24947889,24947889,24999852
24948642,24948642,24999852
24948717,24948717,24999852
24949942,24949942,24999852
24950182,24950182,24999852
24951758,24951758,24999852
24952112,24952112,24999852
24953220,24953220,24999852
24953971,24953971,24999852
24954652,24954652,24999852
24956281,24956281,24999852
24956974,24956974,24999852
24957206,24957206,24999852
24957265,24957265,24999852
24958144,24958144,24999852
24958251,24958251,24999852
24958288,24958288,24999852
24959916,24959916,24999852
24959917,24959917,24999852
24961329,24961329,24999852
24962045,24962045,24999852
24962364,24962364,24999852
24963151,24963151,24999852
24963449,24963449,24999852
24964147,24964147,24999852
24964182,24964182,24999852
24965063,24965063,24999852
24966405,24966405,24999852
24966539,24966539,24999852
24966631,24966631,24999852
24967595,24967595,24999852
24967736,24967736,24999852
24968011,24968011,24999852
24968268,24968268,24999852
24968371,24968371,24999852
24968458,24968458,24999852
24969701,24969701,24999852
24970665,24970665,24999852
24970782,24970782,24999852
24971458,24971458,24999852
24971554,24971554,24999852
24971761,24971761,24999852
24972026,24972026,24999852
24972476,24972476,24999852
24973129,24973129,24999852
24973493,24973493,24999852
24974808,24974808,24999852
24975042,24975042,24999852
24976291,24976291,24999852
24976514,24976514,24999852
24976688,24976688,24999852
24976972,24976972,24999852
24977033,24977033,24999852
24977056,24977056,24999852
24977153,24977153,24999852
24977166,24977166,24999852
24977534,24977534,24999852
24978065,24978065,24999852
24979025,24979025,24999852
24979217,24979217,24999852
24979732,24979732,24999852
24980499,24980499,24999852
24981107,24981107,24999852
24982054,24982054,24999852
24984001,24984001,24999852
24984058,24984058,24999852
24984539,24984539,24999852
24984664,24984664,24999852
24984882,24984882,24999852
24985196,24985196,24999852
24985208,24985208,24999852
24985354,24985354,24999852
24986729,24986729,24999852
24986769,24986769,24999852
24986814,24986814,24999852
24987167,24987167,24999852
24988085,24988085,24999852
24988098,24988098,24999852
24988763,24988763,24999852
24989133,24989133,24999852
24989282,24989282,24999852
24989719,24989719,24999852
24989855,24989855,24999852
24990254,24990254,24999852
24990640,24990640,24999852
24990697,24990697,24999852
24990755,24990755,24999852
24990922,24990922,24999852
24991920,24991920,24999852
24991965,24991965,24999852
24993233,24993233,24999852
24993699,24993699,24999852
24993869,24993869,24999852
24994107,24994107,24999852
24994251,24994251,24999852
24994474,24994474,24999852
24996144,24996144,24999852
24996564,24996564,24999852
24998119,24998119,24999852
24998802,24998802,24999852
24999229,24999229,24999852
24999825,24999825,24999852
